Coordinate_x[m],Coordinate_y[m],Coordinate_z[m],Conservative_1[m],Conservative_2[m^2/2],Conservative_3[m^2/s], 
0.000000e+00,0.000000e+00,0.0,1.000000e+00,0.000000e+00,0.000000e+00
2.000000e+00,0.000000e+00,0.0,1.000000e+00,0.000000e+00,0.000000e+00
4.000000e+00,0.000000e+00,0.0,1.000000e+00,0.000000e+00,0.000000e+00
6.000000e+00,0.000000e+00,0.0,1.000000e+00,0.000000e+00,0.000000e+00
8.000000e+00,0.000000e+00,0.0,1.000000e+00,0.000000e+00,0.000000e+00
1.000000e+01,0.000000e+00,0.0,1.000000e+00,0.000000e+00,0.000000e+00
1.200000e+01,0.000000e+00,0.0,1.000000e+00,0.000000e+00,0.000000e+00
1.400000e+01,0.000000e+00,0.0,1.000000e+00,0.000000e+00,0.000000e+00
1.600000e+01,0.000000e+00,0.0,1.000000e+00,0.000000e+00,0.000000e+00
1.800000e+01,0.000000e+00,0.0,1.000000e+00,0.000000e+00,0.000000e+00
2.000000e+01,0.000000e+00,0.0,1.000000e+00,0.000000e+00,0.000000e+00
2.200000e+01,0.000000e+00,0.0,1.000000e+00,0.000000e+00,0.000000e+00
2.400000e+01,0.000000e+00,0.0,1.000000e+00,0.000000e+00,0.000000e+00
2.600000e+01,0.000000e+00,0.0,1.000000e+00,0.000000e+00,0.000000e+00
2.800000e+01,0.000000e+00,0.0,1.000000e+00,0.000000e+00,0.000000e+00
3.000000e+01,0.000000e+00,0.0,1.000000e+00,0.000000e+00,0.000000e+00
3.200000e+01,0.000000e+00,0.0,1.000000e+00,0.000000e+00,0.000000e+00
3.400000e+01,0.000000e+00,0.0,1.000000e+00,0.000000e+00,0.000000e+00
3.600000e+01,0.000000e+00,0.0,1.000000e+00,0.000000e+00,0.000000e+00
3.800000e+01,0.000000e+00,0.0,1.000000e+00,0.000000e+00,0.000000e+00
4.000000e+01,0.000000e+00,0.0,1.000000e+00,0.000000e+00,0.000000e+00
4.200000e+01,0.000000e+00,0.0,1.000000e+00,0.000000e+00,0.000000e+00
4.400000e+01,0.000000e+00,0.0,1.000000e+00,0.000000e+00,0.000000e+00
4.600000e+01,0.000000e+00,0.0,1.000000e+00,0.000000e+00,0.000000e+00
4.800000e+01,0.000000e+00,0.0,1.000000e+00,0.000000e+00,0.000000e+00
5.000000e+01,0.000000e+00,0.0,1.000000e+00,0.000000e+00,0.000000e+00
5.200000e+01,0.000000e+00,0.0,1.000000e+00,0.000000e+00,0.000000e+00
5.400000e+01,0.000000e+00,0.0,1.000000e+00,0.000000e+00,0.000000e+00
5.600000e+01,0.000000e+00,0.0,1.000000e+00,0.000000e+00,0.000000e+00
5.800000e+01,0.000000e+00,0.0,1.000000e+00,0.000000e+00,0.000000e+00
6.000000e+01,0.000000e+00,0.0,1.000000e+00,0.000000e+00,0.000000e+00
6.200000e+01,0.000000e+00,0.0,1.000000e+00,0.000000e+00,0.000000e+00
6.400000e+01,0.000000e+00,0.0,1.000000e+00,0.000000e+00,0.000000e+00
6.600000e+01,0.000000e+00,0.0,1.000000e+00,0.000000e+00,0.000000e+00
6.800000e+01,0.000000e+00,0.0,1.000000e+00,0.000000e+00,0.000000e+00
7.000000e+01,0.000000e+00,0.0,1.000000e+00,0.000000e+00,0.000000e+00
7.200000e+01,0.000000e+00,0.0,1.000000e+00,0.000000e+00,0.000000e+00
7.400000e+01,0.000000e+00,0.0,1.000000e+00,0.000000e+00,0.000000e+00
7.600000e+01,0.000000e+00,0.0,1.000000e+00,0.000000e+00,0.000000e+00
7.800000e+01,0.000000e+00,0.0,1.000000e+00,0.000000e+00,0.000000e+00
8.000000e+01,0.000000e+00,0.0,1.000000e+00,0.000000e+00,0.000000e+00
8.200000e+01,0.000000e+00,0.0,1.000000e+00,0.000000e+00,0.000000e+00
8.400000e+01,0.000000e+00,0.0,1.000000e+00,0.000000e+00,0.000000e+00
8.600000e+01,0.000000e+00,0.0,1.000000e+00,0.000000e+00,0.000000e+00
8.800000e+01,0.000000e+00,0.0,1.000000e+00,0.000000e+00,0.000000e+00
9.000000e+01,0.000000e+00,0.0,1.000000e+00,0.000000e+00,0.000000e+00
9.200000e+01,0.000000e+00,0.0,1.000000e+00,0.000000e+00,0.000000e+00
9.400000e+01,0.000000e+00,0.0,1.000000e+00,0.000000e+00,0.000000e+00
9.600000e+01,0.000000e+00,0.0,1.000000e+00,0.000000e+00,0.000000e+00
9.800000e+01,0.000000e+00,0.0,1.000000e+00,0.000000e+00,0.000000e+00
1.000000e+02,0.000000e+00,0.0,1.000000e+00,0.000000e+00,0.000000e+00
1.020000e+02,0.000000e+00,0.0,1.000000e+00,0.000000e+00,0.000000e+00
1.040000e+02,0.000000e+00,0.0,1.000000e+00,0.000000e+00,0.000000e+00
1.060000e+02,0.000000e+00,0.0,1.000000e+00,0.000000e+00,0.000000e+00
1.080000e+02,0.000000e+00,0.0,1.000000e+00,0.000000e+00,0.000000e+00
1.100000e+02,0.000000e+00,0.0,1.000000e+00,0.000000e+00,0.000000e+00
1.120000e+02,0.000000e+00,0.0,1.000000e+00,0.000000e+00,0.000000e+00
1.140000e+02,0.000000e+00,0.0,1.000000e+00,0.000000e+00,0.000000e+00
1.160000e+02,0.000000e+00,0.0,1.000000e+00,0.000000e+00,0.000000e+00
1.180000e+02,0.000000e+00,0.0,1.000000e+00,0.000000e+00,0.000000e+00
1.200000e+02,0.000000e+00,0.0,1.000000e+00,0.000000e+00,0.000000e+00
1.220000e+02,0.000000e+00,0.0,1.000000e+00,0.000000e+00,0.000000e+00
1.240000e+02,0.000000e+00,0.0,1.000000e+00,0.000000e+00,0.000000e+00
1.260000e+02,0.000000e+00,0.0,1.000000e+00,0.000000e+00,0.000000e+00
1.280000e+02,0.000000e+00,0.0,1.000000e+00,0.000000e+00,0.000000e+00
1.300000e+02,0.000000e+00,0.0,1.000000e+00,0.000000e+00,0.000000e+00
1.320000e+02,0.000000e+00,0.0,1.000000e+00,0.000000e+00,0.000000e+00
1.340000e+02,0.000000e+00,0.0,1.000000e+00,0.000000e+00,0.000000e+00
1.360000e+02,0.000000e+00,0.0,1.000000e+00,0.000000e+00,0.000000e+00
1.380000e+02,0.000000e+00,0.0,1.000000e+00,0.000000e+00,0.000000e+00
1.400000e+02,0.000000e+00,0.0,1.000000e+00,0.000000e+00,0.000000e+00
1.420000e+02,0.000000e+00,0.0,1.000000e+00,0.000000e+00,0.000000e+00
1.440000e+02,0.000000e+00,0.0,1.000000e+00,0.000000e+00,0.000000e+00
1.460000e+02,0.000000e+00,0.0,1.000000e+00,0.000000e+00,0.000000e+00
1.480000e+02,0.000000e+00,0.0,1.000000e+00,0.000000e+00,0.000000e+00
1.500000e+02,0.000000e+00,0.0,1.000000e+00,0.000000e+00,0.000000e+00
1.520000e+02,0.000000e+00,0.0,1.000000e+00,0.000000e+00,0.000000e+00
1.540000e+02,0.000000e+00,0.0,1.000000e+00,0.000000e+00,0.000000e+00
1.560000e+02,0.000000e+00,0.0,1.000000e+00,0.000000e+00,0.000000e+00
1.580000e+02,0.000000e+00,0.0,1.000000e+00,0.000000e+00,0.000000e+00
1.600000e+02,0.000000e+00,0.0,1.000000e+00,0.000000e+00,0.000000e+00
1.620000e+02,0.000000e+00,0.0,1.000000e+00,0.000000e+00,0.000000e+00
1.640000e+02,0.000000e+00,0.0,1.000000e+00,0.000000e+00,0.000000e+00
1.660000e+02,0.000000e+00,0.0,1.000000e+00,0.000000e+00,0.000000e+00
1.680000e+02,0.000000e+00,0.0,1.000000e+00,0.000000e+00,0.000000e+00
1.700000e+02,0.000000e+00,0.0,1.000000e+00,0.000000e+00,0.000000e+00
1.720000e+02,0.000000e+00,0.0,1.000000e+00,0.000000e+00,0.000000e+00
1.740000e+02,0.000000e+00,0.0,1.000000e+00,0.000000e+00,0.000000e+00
1.760000e+02,0.000000e+00,0.0,1.000000e+00,0.000000e+00,0.000000e+00
1.780000e+02,0.000000e+00,0.0,1.000000e+00,0.000000e+00,0.000000e+00
1.800000e+02,0.000000e+00,0.0,1.000000e+00,0.000000e+00,0.000000e+00
1.820000e+02,0.000000e+00,0.0,1.000000e+00,0.000000e+00,0.000000e+00
1.840000e+02,0.000000e+00,0.0,1.000000e+00,0.000000e+00,0.000000e+00
1.860000e+02,0.000000e+00,0.0,1.000000e+00,0.000000e+00,0.000000e+00
1.880000e+02,0.000000e+00,0.0,1.000000e+00,0.000000e+00,0.000000e+00
1.900000e+02,0.000000e+00,0.0,1.000000e+00,0.000000e+00,0.000000e+00
1.920000e+02,0.000000e+00,0.0,1.000000e+00,0.000000e+00,0.000000e+00
1.940000e+02,0.000000e+00,0.0,1.000000e+00,0.000000e+00,0.000000e+00
1.960000e+02,0.000000e+00,0.0,1.000000e+00,0.000000e+00,0.000000e+00
1.980000e+02,0.000000e+00,0.0,1.000000e+00,0.000000e+00,0.000000e+00
2.000000e+02,0.000000e+00,0.0,1.000000e+00,0.000000e+00,0.000000e+00
0.000000e+00,2.000000e+00,0.0,1.000000e+00,0.000000e+00,0.000000e+00
2.000000e+00,2.000000e+00,0.0,1.000000e+00,0.000000e+00,0.000000e+00
4.000000e+00,2.000000e+00,0.0,1.000000e+00,0.000000e+00,0.000000e+00
6.000000e+00,2.000000e+00,0.0,1.000000e+00,0.000000e+00,0.000000e+00
8.000000e+00,2.000000e+00,0.0,1.000000e+00,0.000000e+00,0.000000e+00
1.000000e+01,2.000000e+00,0.0,1.000000e+00,0.000000e+00,0.000000e+00
1.200000e+01,2.000000e+00,0.0,1.000000e+00,0.000000e+00,0.000000e+00
1.400000e+01,2.000000e+00,0.0,1.000000e+00,0.000000e+00,0.000000e+00
1.600000e+01,2.000000e+00,0.0,1.000000e+00,0.000000e+00,0.000000e+00
1.800000e+01,2.000000e+00,0.0,1.000000e+00,0.000000e+00,0.000000e+00
2.000000e+01,2.000000e+00,0.0,1.000000e+00,0.000000e+00,0.000000e+00
2.200000e+01,2.000000e+00,0.0,1.000000e+00,0.000000e+00,0.000000e+00
2.400000e+01,2.000000e+00,0.0,1.000000e+00,0.000000e+00,0.000000e+00
2.600000e+01,2.000000e+00,0.0,1.000000e+00,0.000000e+00,0.000000e+00
2.800000e+01,2.000000e+00,0.0,1.000000e+00,0.000000e+00,0.000000e+00
3.000000e+01,2.000000e+00,0.0,1.000000e+00,0.000000e+00,0.000000e+00
3.200000e+01,2.000000e+00,0.0,1.000000e+00,0.000000e+00,0.000000e+00
3.400000e+01,2.000000e+00,0.0,1.000000e+00,0.000000e+00,0.000000e+00
3.600000e+01,2.000000e+00,0.0,1.000000e+00,0.000000e+00,0.000000e+00
3.800000e+01,2.000000e+00,0.0,1.000000e+00,0.000000e+00,0.000000e+00
4.000000e+01,2.000000e+00,0.0,1.000000e+00,0.000000e+00,0.000000e+00
4.200000e+01,2.000000e+00,0.0,1.000000e+00,0.000000e+00,0.000000e+00
4.400000e+01,2.000000e+00,0.0,1.000000e+00,0.000000e+00,0.000000e+00
4.600000e+01,2.000000e+00,0.0,1.000000e+00,0.000000e+00,0.000000e+00
4.800000e+01,2.000000e+00,0.0,1.000000e+00,0.000000e+00,0.000000e+00
5.000000e+01,2.000000e+00,0.0,1.000000e+00,0.000000e+00,0.000000e+00
5.200000e+01,2.000000e+00,0.0,1.000000e+00,0.000000e+00,0.000000e+00
5.400000e+01,2.000000e+00,0.0,1.000000e+00,0.000000e+00,0.000000e+00
5.600000e+01,2.000000e+00,0.0,1.000000e+00,0.000000e+00,0.000000e+00
5.800000e+01,2.000000e+00,0.0,1.000000e+00,0.000000e+00,0.000000e+00
6.000000e+01,2.000000e+00,0.0,1.000000e+00,0.000000e+00,0.000000e+00
6.200000e+01,2.000000e+00,0.0,1.000000e+00,0.000000e+00,0.000000e+00
6.400000e+01,2.000000e+00,0.0,1.000000e+00,0.000000e+00,0.000000e+00
6.600000e+01,2.000000e+00,0.0,1.000000e+00,0.000000e+00,0.000000e+00
6.800000e+01,2.000000e+00,0.0,1.000000e+00,0.000000e+00,0.000000e+00
7.000000e+01,2.000000e+00,0.0,1.000000e+00,0.000000e+00,0.000000e+00
7.200000e+01,2.000000e+00,0.0,1.000000e+00,0.000000e+00,0.000000e+00
7.400000e+01,2.000000e+00,0.0,1.000000e+00,0.000000e+00,0.000000e+00
7.600000e+01,2.000000e+00,0.0,1.000000e+00,0.000000e+00,0.000000e+00
7.800000e+01,2.000000e+00,0.0,1.000000e+00,0.000000e+00,0.000000e+00
8.000000e+01,2.000000e+00,0.0,1.000000e+00,0.000000e+00,0.000000e+00
8.200000e+01,2.000000e+00,0.0,1.000000e+00,0.000000e+00,0.000000e+00
8.400000e+01,2.000000e+00,0.0,1.000000e+00,0.000000e+00,0.000000e+00
8.600000e+01,2.000000e+00,0.0,1.000000e+00,0.000000e+00,0.000000e+00
8.800000e+01,2.000000e+00,0.0,1.000000e+00,0.000000e+00,0.000000e+00
9.000000e+01,2.000000e+00,0.0,1.000000e+00,0.000000e+00,0.000000e+00
9.200000e+01,2.000000e+00,0.0,1.000000e+00,0.000000e+00,0.000000e+00
9.400000e+01,2.000000e+00,0.0,1.000000e+00,0.000000e+00,0.000000e+00
9.600000e+01,2.000000e+00,0.0,1.000000e+00,0.000000e+00,0.000000e+00
9.800000e+01,2.000000e+00,0.0,1.000000e+00,0.000000e+00,0.000000e+00
1.000000e+02,2.000000e+00,0.0,1.000000e+00,0.000000e+00,0.000000e+00
1.020000e+02,2.000000e+00,0.0,1.000000e+00,0.000000e+00,0.000000e+00
1.040000e+02,2.000000e+00,0.0,1.000000e+00,0.000000e+00,0.000000e+00
1.060000e+02,2.000000e+00,0.0,1.000000e+00,0.000000e+00,0.000000e+00
1.080000e+02,2.000000e+00,0.0,1.000000e+00,0.000000e+00,0.000000e+00
1.100000e+02,2.000000e+00,0.0,1.000000e+00,0.000000e+00,0.000000e+00
1.120000e+02,2.000000e+00,0.0,1.000000e+00,0.000000e+00,0.000000e+00
1.140000e+02,2.000000e+00,0.0,1.000000e+00,0.000000e+00,0.000000e+00
1.160000e+02,2.000000e+00,0.0,1.000000e+00,0.000000e+00,0.000000e+00
1.180000e+02,2.000000e+00,0.0,1.000000e+00,0.000000e+00,0.000000e+00
1.200000e+02,2.000000e+00,0.0,1.000000e+00,0.000000e+00,0.000000e+00
1.220000e+02,2.000000e+00,0.0,1.000000e+00,0.000000e+00,0.000000e+00
1.240000e+02,2.000000e+00,0.0,1.000000e+00,0.000000e+00,0.000000e+00
1.260000e+02,2.000000e+00,0.0,1.000000e+00,0.000000e+00,0.000000e+00
1.280000e+02,2.000000e+00,0.0,1.000000e+00,0.000000e+00,0.000000e+00
1.300000e+02,2.000000e+00,0.0,1.000000e+00,0.000000e+00,0.000000e+00
1.320000e+02,2.000000e+00,0.0,1.000000e+00,0.000000e+00,0.000000e+00
1.340000e+02,2.000000e+00,0.0,1.000000e+00,0.000000e+00,0.000000e+00
1.360000e+02,2.000000e+00,0.0,1.000000e+00,0.000000e+00,0.000000e+00
1.380000e+02,2.000000e+00,0.0,1.000000e+00,0.000000e+00,0.000000e+00
1.400000e+02,2.000000e+00,0.0,1.000000e+00,0.000000e+00,0.000000e+00
1.420000e+02,2.000000e+00,0.0,1.000000e+00,0.000000e+00,0.000000e+00
1.440000e+02,2.000000e+00,0.0,1.000000e+00,0.000000e+00,0.000000e+00
1.460000e+02,2.000000e+00,0.0,1.000000e+00,0.000000e+00,0.000000e+00
1.480000e+02,2.000000e+00,0.0,1.000000e+00,0.000000e+00,0.000000e+00
1.500000e+02,2.000000e+00,0.0,1.000000e+00,0.000000e+00,0.000000e+00
1.520000e+02,2.000000e+00,0.0,1.000000e+00,0.000000e+00,0.000000e+00
1.540000e+02,2.000000e+00,0.0,1.000000e+00,0.000000e+00,0.000000e+00
1.560000e+02,2.000000e+00,0.0,1.000000e+00,0.000000e+00,0.000000e+00
1.580000e+02,2.000000e+00,0.0,1.000000e+00,0.000000e+00,0.000000e+00
1.600000e+02,2.000000e+00,0.0,1.000000e+00,0.000000e+00,0.000000e+00
1.620000e+02,2.000000e+00,0.0,1.000000e+00,0.000000e+00,0.000000e+00
1.640000e+02,2.000000e+00,0.0,1.000000e+00,0.000000e+00,0.000000e+00
1.660000e+02,2.000000e+00,0.0,1.000000e+00,0.000000e+00,0.000000e+00
1.680000e+02,2.000000e+00,0.0,1.000000e+00,0.000000e+00,0.000000e+00
1.700000e+02,2.000000e+00,0.0,1.000000e+00,0.000000e+00,0.000000e+00
1.720000e+02,2.000000e+00,0.0,1.000000e+00,0.000000e+00,0.000000e+00
1.740000e+02,2.000000e+00,0.0,1.000000e+00,0.000000e+00,0.000000e+00
1.760000e+02,2.000000e+00,0.0,1.000000e+00,0.000000e+00,0.000000e+00
1.780000e+02,2.000000e+00,0.0,1.000000e+00,0.000000e+00,0.000000e+00
1.800000e+02,2.000000e+00,0.0,1.000000e+00,0.000000e+00,0.000000e+00
1.820000e+02,2.000000e+00,0.0,1.000000e+00,0.000000e+00,0.000000e+00
1.840000e+02,2.000000e+00,0.0,1.000000e+00,0.000000e+00,0.000000e+00
1.860000e+02,2.000000e+00,0.0,1.000000e+00,0.000000e+00,0.000000e+00
1.880000e+02,2.000000e+00,0.0,1.000000e+00,0.000000e+00,0.000000e+00
1.900000e+02,2.000000e+00,0.0,1.000000e+00,0.000000e+00,0.000000e+00
1.920000e+02,2.000000e+00,0.0,1.000000e+00,0.000000e+00,0.000000e+00
1.940000e+02,2.000000e+00,0.0,1.000000e+00,0.000000e+00,0.000000e+00
1.960000e+02,2.000000e+00,0.0,1.000000e+00,0.000000e+00,0.000000e+00
1.980000e+02,2.000000e+00,0.0,1.000000e+00,0.000000e+00,0.000000e+00
2.000000e+02,2.000000e+00,0.0,1.000000e+00,0.000000e+00,0.000000e+00
0.000000e+00,4.000000e+00,0.0,1.000000e+00,0.000000e+00,0.000000e+00
2.000000e+00,4.000000e+00,0.0,1.000000e+00,0.000000e+00,0.000000e+00
4.000000e+00,4.000000e+00,0.0,1.000000e+00,0.000000e+00,0.000000e+00
6.000000e+00,4.000000e+00,0.0,1.000000e+00,0.000000e+00,0.000000e+00
8.000000e+00,4.000000e+00,0.0,1.000000e+00,0.000000e+00,0.000000e+00
1.000000e+01,4.000000e+00,0.0,1.000000e+00,0.000000e+00,0.000000e+00
1.200000e+01,4.000000e+00,0.0,1.000000e+00,0.000000e+00,0.000000e+00
1.400000e+01,4.000000e+00,0.0,1.000000e+00,0.000000e+00,0.000000e+00
1.600000e+01,4.000000e+00,0.0,1.000000e+00,0.000000e+00,0.000000e+00
1.800000e+01,4.000000e+00,0.0,1.000000e+00,0.000000e+00,0.000000e+00
2.000000e+01,4.000000e+00,0.0,1.000000e+00,0.000000e+00,0.000000e+00
2.200000e+01,4.000000e+00,0.0,1.000000e+00,0.000000e+00,0.000000e+00
2.400000e+01,4.000000e+00,0.0,1.000000e+00,0.000000e+00,0.000000e+00
2.600000e+01,4.000000e+00,0.0,1.000000e+00,0.000000e+00,0.000000e+00
2.800000e+01,4.000000e+00,0.0,1.000000e+00,0.000000e+00,0.000000e+00
3.000000e+01,4.000000e+00,0.0,1.000000e+00,0.000000e+00,0.000000e+00
3.200000e+01,4.000000e+00,0.0,1.000000e+00,0.000000e+00,0.000000e+00
3.400000e+01,4.000000e+00,0.0,1.000000e+00,0.000000e+00,0.000000e+00
3.600000e+01,4.000000e+00,0.0,1.000000e+00,0.000000e+00,0.000000e+00
3.800000e+01,4.000000e+00,0.0,1.000000e+00,0.000000e+00,0.000000e+00
4.000000e+01,4.000000e+00,0.0,1.000000e+00,0.000000e+00,0.000000e+00
4.200000e+01,4.000000e+00,0.0,1.000000e+00,0.000000e+00,0.000000e+00
4.400000e+01,4.000000e+00,0.0,1.000000e+00,0.000000e+00,0.000000e+00
4.600000e+01,4.000000e+00,0.0,1.000000e+00,0.000000e+00,0.000000e+00
4.800000e+01,4.000000e+00,0.0,1.000000e+00,0.000000e+00,0.000000e+00
5.000000e+01,4.000000e+00,0.0,1.000000e+00,0.000000e+00,0.000000e+00
5.200000e+01,4.000000e+00,0.0,1.000000e+00,0.000000e+00,0.000000e+00
5.400000e+01,4.000000e+00,0.0,1.000000e+00,0.000000e+00,0.000000e+00
5.600000e+01,4.000000e+00,0.0,1.000000e+00,0.000000e+00,0.000000e+00
5.800000e+01,4.000000e+00,0.0,1.000000e+00,0.000000e+00,0.000000e+00
6.000000e+01,4.000000e+00,0.0,1.000000e+00,0.000000e+00,0.000000e+00
6.200000e+01,4.000000e+00,0.0,1.000000e+00,0.000000e+00,0.000000e+00
6.400000e+01,4.000000e+00,0.0,1.000000e+00,0.000000e+00,0.000000e+00
6.600000e+01,4.000000e+00,0.0,1.000000e+00,0.000000e+00,0.000000e+00
6.800000e+01,4.000000e+00,0.0,1.000000e+00,0.000000e+00,0.000000e+00
7.000000e+01,4.000000e+00,0.0,1.000000e+00,0.000000e+00,0.000000e+00
7.200000e+01,4.000000e+00,0.0,1.000000e+00,0.000000e+00,0.000000e+00
7.400000e+01,4.000000e+00,0.0,1.000000e+00,0.000000e+00,0.000000e+00
7.600000e+01,4.000000e+00,0.0,1.000000e+00,0.000000e+00,0.000000e+00
7.800000e+01,4.000000e+00,0.0,1.000000e+00,0.000000e+00,0.000000e+00
8.000000e+01,4.000000e+00,0.0,1.000000e+00,0.000000e+00,0.000000e+00
8.200000e+01,4.000000e+00,0.0,1.000000e+00,0.000000e+00,0.000000e+00
8.400000e+01,4.000000e+00,0.0,1.000000e+00,0.000000e+00,0.000000e+00
8.600000e+01,4.000000e+00,0.0,1.000000e+00,0.000000e+00,0.000000e+00
8.800000e+01,4.000000e+00,0.0,1.000000e+00,0.000000e+00,0.000000e+00
9.000000e+01,4.000000e+00,0.0,1.000000e+00,0.000000e+00,0.000000e+00
9.200000e+01,4.000000e+00,0.0,1.000000e+00,0.000000e+00,0.000000e+00
9.400000e+01,4.000000e+00,0.0,1.000000e+00,0.000000e+00,0.000000e+00
9.600000e+01,4.000000e+00,0.0,1.000000e+00,0.000000e+00,0.000000e+00
9.800000e+01,4.000000e+00,0.0,1.000000e+00,0.000000e+00,0.000000e+00
1.000000e+02,4.000000e+00,0.0,1.000000e+00,0.000000e+00,0.000000e+00
1.020000e+02,4.000000e+00,0.0,1.000000e+00,0.000000e+00,0.000000e+00
1.040000e+02,4.000000e+00,0.0,1.000000e+00,0.000000e+00,0.000000e+00
1.060000e+02,4.000000e+00,0.0,1.000000e+00,0.000000e+00,0.000000e+00
1.080000e+02,4.000000e+00,0.0,1.000000e+00,0.000000e+00,0.000000e+00
1.100000e+02,4.000000e+00,0.0,1.000000e+00,0.000000e+00,0.000000e+00
1.120000e+02,4.000000e+00,0.0,1.000000e+00,0.000000e+00,0.000000e+00
1.140000e+02,4.000000e+00,0.0,1.000000e+00,0.000000e+00,0.000000e+00
1.160000e+02,4.000000e+00,0.0,1.000000e+00,0.000000e+00,0.000000e+00
1.180000e+02,4.000000e+00,0.0,1.000000e+00,0.000000e+00,0.000000e+00
1.200000e+02,4.000000e+00,0.0,1.000000e+00,0.000000e+00,0.000000e+00
1.220000e+02,4.000000e+00,0.0,1.000000e+00,0.000000e+00,0.000000e+00
1.240000e+02,4.000000e+00,0.0,1.000000e+00,0.000000e+00,0.000000e+00
1.260000e+02,4.000000e+00,0.0,1.000000e+00,0.000000e+00,0.000000e+00
1.280000e+02,4.000000e+00,0.0,1.000000e+00,0.000000e+00,0.000000e+00
1.300000e+02,4.000000e+00,0.0,1.000000e+00,0.000000e+00,0.000000e+00
1.320000e+02,4.000000e+00,0.0,1.000000e+00,0.000000e+00,0.000000e+00
1.340000e+02,4.000000e+00,0.0,1.000000e+00,0.000000e+00,0.000000e+00
1.360000e+02,4.000000e+00,0.0,1.000000e+00,0.000000e+00,0.000000e+00
1.380000e+02,4.000000e+00,0.0,1.000000e+00,0.000000e+00,0.000000e+00
1.400000e+02,4.000000e+00,0.0,1.000000e+00,0.000000e+00,0.000000e+00
1.420000e+02,4.000000e+00,0.0,1.000000e+00,0.000000e+00,0.000000e+00
1.440000e+02,4.000000e+00,0.0,1.000000e+00,0.000000e+00,0.000000e+00
1.460000e+02,4.000000e+00,0.0,1.000000e+00,0.000000e+00,0.000000e+00
1.480000e+02,4.000000e+00,0.0,1.000000e+00,0.000000e+00,0.000000e+00
1.500000e+02,4.000000e+00,0.0,1.000000e+00,0.000000e+00,0.000000e+00
1.520000e+02,4.000000e+00,0.0,1.000000e+00,0.000000e+00,0.000000e+00
1.540000e+02,4.000000e+00,0.0,1.000000e+00,0.000000e+00,0.000000e+00
1.560000e+02,4.000000e+00,0.0,1.000000e+00,0.000000e+00,0.000000e+00
1.580000e+02,4.000000e+00,0.0,1.000000e+00,0.000000e+00,0.000000e+00
1.600000e+02,4.000000e+00,0.0,1.000000e+00,0.000000e+00,0.000000e+00
1.620000e+02,4.000000e+00,0.0,1.000000e+00,0.000000e+00,0.000000e+00
1.640000e+02,4.000000e+00,0.0,1.000000e+00,0.000000e+00,0.000000e+00
1.660000e+02,4.000000e+00,0.0,1.000000e+00,0.000000e+00,0.000000e+00
1.680000e+02,4.000000e+00,0.0,1.000000e+00,0.000000e+00,0.000000e+00
1.700000e+02,4.000000e+00,0.0,1.000000e+00,0.000000e+00,0.000000e+00
1.720000e+02,4.000000e+00,0.0,1.000000e+00,0.000000e+00,0.000000e+00
1.740000e+02,4.000000e+00,0.0,1.000000e+00,0.000000e+00,0.000000e+00
1.760000e+02,4.000000e+00,0.0,1.000000e+00,0.000000e+00,0.000000e+00
1.780000e+02,4.000000e+00,0.0,1.000000e+00,0.000000e+00,0.000000e+00
1.800000e+02,4.000000e+00,0.0,1.000000e+00,0.000000e+00,0.000000e+00
1.820000e+02,4.000000e+00,0.0,1.000000e+00,0.000000e+00,0.000000e+00
1.840000e+02,4.000000e+00,0.0,1.000000e+00,0.000000e+00,0.000000e+00
1.860000e+02,4.000000e+00,0.0,1.000000e+00,0.000000e+00,0.000000e+00
1.880000e+02,4.000000e+00,0.0,1.000000e+00,0.000000e+00,0.000000e+00
1.900000e+02,4.000000e+00,0.0,1.000000e+00,0.000000e+00,0.000000e+00
1.920000e+02,4.000000e+00,0.0,1.000000e+00,0.000000e+00,0.000000e+00
1.940000e+02,4.000000e+00,0.0,1.000000e+00,0.000000e+00,0.000000e+00
1.960000e+02,4.000000e+00,0.0,1.000000e+00,0.000000e+00,0.000000e+00
1.980000e+02,4.000000e+00,0.0,1.000000e+00,0.000000e+00,0.000000e+00
2.000000e+02,4.000000e+00,0.0,1.000000e+00,0.000000e+00,0.000000e+00
0.000000e+00,6.000000e+00,0.0,1.000000e+00,0.000000e+00,0.000000e+00
2.000000e+00,6.000000e+00,0.0,1.000000e+00,0.000000e+00,0.000000e+00
4.000000e+00,6.000000e+00,0.0,1.000000e+00,0.000000e+00,0.000000e+00
6.000000e+00,6.000000e+00,0.0,1.000000e+00,0.000000e+00,0.000000e+00
8.000000e+00,6.000000e+00,0.0,1.000000e+00,0.000000e+00,0.000000e+00
1.000000e+01,6.000000e+00,0.0,1.000000e+00,0.000000e+00,0.000000e+00
1.200000e+01,6.000000e+00,0.0,1.000000e+00,0.000000e+00,0.000000e+00
1.400000e+01,6.000000e+00,0.0,1.000000e+00,0.000000e+00,0.000000e+00
1.600000e+01,6.000000e+00,0.0,1.000000e+00,0.000000e+00,0.000000e+00
1.800000e+01,6.000000e+00,0.0,1.000000e+00,0.000000e+00,0.000000e+00
2.000000e+01,6.000000e+00,0.0,1.000000e+00,0.000000e+00,0.000000e+00
2.200000e+01,6.000000e+00,0.0,1.000000e+00,0.000000e+00,0.000000e+00
2.400000e+01,6.000000e+00,0.0,1.000000e+00,0.000000e+00,0.000000e+00
2.600000e+01,6.000000e+00,0.0,1.000000e+00,0.000000e+00,0.000000e+00
2.800000e+01,6.000000e+00,0.0,1.000000e+00,0.000000e+00,0.000000e+00
3.000000e+01,6.000000e+00,0.0,1.000000e+00,0.000000e+00,0.000000e+00
3.200000e+01,6.000000e+00,0.0,1.000000e+00,0.000000e+00,0.000000e+00
3.400000e+01,6.000000e+00,0.0,1.000000e+00,0.000000e+00,0.000000e+00
3.600000e+01,6.000000e+00,0.0,1.000000e+00,0.000000e+00,0.000000e+00
3.800000e+01,6.000000e+00,0.0,1.000000e+00,0.000000e+00,0.000000e+00
4.000000e+01,6.000000e+00,0.0,1.000000e+00,0.000000e+00,0.000000e+00
4.200000e+01,6.000000e+00,0.0,1.000000e+00,0.000000e+00,0.000000e+00
4.400000e+01,6.000000e+00,0.0,1.000000e+00,0.000000e+00,0.000000e+00
4.600000e+01,6.000000e+00,0.0,1.000000e+00,0.000000e+00,0.000000e+00
4.800000e+01,6.000000e+00,0.0,1.000000e+00,0.000000e+00,0.000000e+00
5.000000e+01,6.000000e+00,0.0,1.000000e+00,0.000000e+00,0.000000e+00
5.200000e+01,6.000000e+00,0.0,1.000000e+00,0.000000e+00,0.000000e+00
5.400000e+01,6.000000e+00,0.0,1.000000e+00,0.000000e+00,0.000000e+00
5.600000e+01,6.000000e+00,0.0,1.000000e+00,0.000000e+00,0.000000e+00
5.800000e+01,6.000000e+00,0.0,1.000000e+00,0.000000e+00,0.000000e+00
6.000000e+01,6.000000e+00,0.0,1.000000e+00,0.000000e+00,0.000000e+00
6.200000e+01,6.000000e+00,0.0,1.000000e+00,0.000000e+00,0.000000e+00
6.400000e+01,6.000000e+00,0.0,1.000000e+00,0.000000e+00,0.000000e+00
6.600000e+01,6.000000e+00,0.0,1.000000e+00,0.000000e+00,0.000000e+00
6.800000e+01,6.000000e+00,0.0,1.000000e+00,0.000000e+00,0.000000e+00
7.000000e+01,6.000000e+00,0.0,1.000000e+00,0.000000e+00,0.000000e+00
7.200000e+01,6.000000e+00,0.0,1.000000e+00,0.000000e+00,0.000000e+00
7.400000e+01,6.000000e+00,0.0,1.000000e+00,0.000000e+00,0.000000e+00
7.600000e+01,6.000000e+00,0.0,1.000000e+00,0.000000e+00,0.000000e+00
7.800000e+01,6.000000e+00,0.0,1.000000e+00,0.000000e+00,0.000000e+00
8.000000e+01,6.000000e+00,0.0,1.000000e+00,0.000000e+00,0.000000e+00
8.200000e+01,6.000000e+00,0.0,1.000000e+00,0.000000e+00,0.000000e+00
8.400000e+01,6.000000e+00,0.0,1.000000e+00,0.000000e+00,0.000000e+00
8.600000e+01,6.000000e+00,0.0,1.000000e+00,0.000000e+00,0.000000e+00
8.800000e+01,6.000000e+00,0.0,1.000000e+00,0.000000e+00,0.000000e+00
9.000000e+01,6.000000e+00,0.0,1.000000e+00,0.000000e+00,0.000000e+00
9.200000e+01,6.000000e+00,0.0,1.000000e+00,0.000000e+00,0.000000e+00
9.400000e+01,6.000000e+00,0.0,1.000000e+00,0.000000e+00,0.000000e+00
9.600000e+01,6.000000e+00,0.0,1.000000e+00,0.000000e+00,0.000000e+00
9.800000e+01,6.000000e+00,0.0,1.000000e+00,0.000000e+00,0.000000e+00
1.000000e+02,6.000000e+00,0.0,1.000000e+00,0.000000e+00,0.000000e+00
1.020000e+02,6.000000e+00,0.0,1.000000e+00,0.000000e+00,0.000000e+00
1.040000e+02,6.000000e+00,0.0,1.000000e+00,0.000000e+00,0.000000e+00
1.060000e+02,6.000000e+00,0.0,1.000000e+00,0.000000e+00,0.000000e+00
1.080000e+02,6.000000e+00,0.0,1.000000e+00,0.000000e+00,0.000000e+00
1.100000e+02,6.000000e+00,0.0,1.000000e+00,0.000000e+00,0.000000e+00
1.120000e+02,6.000000e+00,0.0,1.000000e+00,0.000000e+00,0.000000e+00
1.140000e+02,6.000000e+00,0.0,1.000000e+00,0.000000e+00,0.000000e+00
1.160000e+02,6.000000e+00,0.0,1.000000e+00,0.000000e+00,0.000000e+00
1.180000e+02,6.000000e+00,0.0,1.000000e+00,0.000000e+00,0.000000e+00
1.200000e+02,6.000000e+00,0.0,1.000000e+00,0.000000e+00,0.000000e+00
1.220000e+02,6.000000e+00,0.0,1.000000e+00,0.000000e+00,0.000000e+00
1.240000e+02,6.000000e+00,0.0,1.000000e+00,0.000000e+00,0.000000e+00
1.260000e+02,6.000000e+00,0.0,1.000000e+00,0.000000e+00,0.000000e+00
1.280000e+02,6.000000e+00,0.0,1.000000e+00,0.000000e+00,0.000000e+00
1.300000e+02,6.000000e+00,0.0,1.000000e+00,0.000000e+00,0.000000e+00
1.320000e+02,6.000000e+00,0.0,1.000000e+00,0.000000e+00,0.000000e+00
1.340000e+02,6.000000e+00,0.0,1.000000e+00,0.000000e+00,0.000000e+00
1.360000e+02,6.000000e+00,0.0,1.000000e+00,0.000000e+00,0.000000e+00
1.380000e+02,6.000000e+00,0.0,1.000000e+00,0.000000e+00,0.000000e+00
1.400000e+02,6.000000e+00,0.0,1.000000e+00,0.000000e+00,0.000000e+00
1.420000e+02,6.000000e+00,0.0,1.000000e+00,0.000000e+00,0.000000e+00
1.440000e+02,6.000000e+00,0.0,1.000000e+00,0.000000e+00,0.000000e+00
1.460000e+02,6.000000e+00,0.0,1.000000e+00,0.000000e+00,0.000000e+00
1.480000e+02,6.000000e+00,0.0,1.000000e+00,0.000000e+00,0.000000e+00
1.500000e+02,6.000000e+00,0.0,1.000000e+00,0.000000e+00,0.000000e+00
1.520000e+02,6.000000e+00,0.0,1.000000e+00,0.000000e+00,0.000000e+00
1.540000e+02,6.000000e+00,0.0,1.000000e+00,0.000000e+00,0.000000e+00
1.560000e+02,6.000000e+00,0.0,1.000000e+00,0.000000e+00,0.000000e+00
1.580000e+02,6.000000e+00,0.0,1.000000e+00,0.000000e+00,0.000000e+00
1.600000e+02,6.000000e+00,0.0,1.000000e+00,0.000000e+00,0.000000e+00
1.620000e+02,6.000000e+00,0.0,1.000000e+00,0.000000e+00,0.000000e+00
1.640000e+02,6.000000e+00,0.0,1.000000e+00,0.000000e+00,0.000000e+00
1.660000e+02,6.000000e+00,0.0,1.000000e+00,0.000000e+00,0.000000e+00
1.680000e+02,6.000000e+00,0.0,1.000000e+00,0.000000e+00,0.000000e+00
1.700000e+02,6.000000e+00,0.0,1.000000e+00,0.000000e+00,0.000000e+00
1.720000e+02,6.000000e+00,0.0,1.000000e+00,0.000000e+00,0.000000e+00
1.740000e+02,6.000000e+00,0.0,1.000000e+00,0.000000e+00,0.000000e+00
1.760000e+02,6.000000e+00,0.0,1.000000e+00,0.000000e+00,0.000000e+00
1.780000e+02,6.000000e+00,0.0,1.000000e+00,0.000000e+00,0.000000e+00
1.800000e+02,6.000000e+00,0.0,1.000000e+00,0.000000e+00,0.000000e+00
1.820000e+02,6.000000e+00,0.0,1.000000e+00,0.000000e+00,0.000000e+00
1.840000e+02,6.000000e+00,0.0,1.000000e+00,0.000000e+00,0.000000e+00
1.860000e+02,6.000000e+00,0.0,1.000000e+00,0.000000e+00,0.000000e+00
1.880000e+02,6.000000e+00,0.0,1.000000e+00,0.000000e+00,0.000000e+00
1.900000e+02,6.000000e+00,0.0,1.000000e+00,0.000000e+00,0.000000e+00
1.920000e+02,6.000000e+00,0.0,1.000000e+00,0.000000e+00,0.000000e+00
1.940000e+02,6.000000e+00,0.0,1.000000e+00,0.000000e+00,0.000000e+00
1.960000e+02,6.000000e+00,0.0,1.000000e+00,0.000000e+00,0.000000e+00
1.980000e+02,6.000000e+00,0.0,1.000000e+00,0.000000e+00,0.000000e+00
2.000000e+02,6.000000e+00,0.0,1.000000e+00,0.000000e+00,0.000000e+00
0.000000e+00,8.000000e+00,0.0,1.000000e+00,0.000000e+00,0.000000e+00
2.000000e+00,8.000000e+00,0.0,1.000000e+00,0.000000e+00,0.000000e+00
4.000000e+00,8.000000e+00,0.0,1.000000e+00,0.000000e+00,0.000000e+00
6.000000e+00,8.000000e+00,0.0,1.000000e+00,0.000000e+00,0.000000e+00
8.000000e+00,8.000000e+00,0.0,1.000000e+00,0.000000e+00,0.000000e+00
1.000000e+01,8.000000e+00,0.0,1.000000e+00,0.000000e+00,0.000000e+00
1.200000e+01,8.000000e+00,0.0,1.000000e+00,0.000000e+00,0.000000e+00
1.400000e+01,8.000000e+00,0.0,1.000000e+00,0.000000e+00,0.000000e+00
1.600000e+01,8.000000e+00,0.0,1.000000e+00,0.000000e+00,0.000000e+00
1.800000e+01,8.000000e+00,0.0,1.000000e+00,0.000000e+00,0.000000e+00
2.000000e+01,8.000000e+00,0.0,1.000000e+00,0.000000e+00,0.000000e+00
2.200000e+01,8.000000e+00,0.0,1.000000e+00,0.000000e+00,0.000000e+00
2.400000e+01,8.000000e+00,0.0,1.000000e+00,0.000000e+00,0.000000e+00
2.600000e+01,8.000000e+00,0.0,1.000000e+00,0.000000e+00,0.000000e+00
2.800000e+01,8.000000e+00,0.0,1.000000e+00,0.000000e+00,0.000000e+00
3.000000e+01,8.000000e+00,0.0,1.000000e+00,0.000000e+00,0.000000e+00
3.200000e+01,8.000000e+00,0.0,1.000000e+00,0.000000e+00,0.000000e+00
3.400000e+01,8.000000e+00,0.0,1.000000e+00,0.000000e+00,0.000000e+00
3.600000e+01,8.000000e+00,0.0,1.000000e+00,0.000000e+00,0.000000e+00
3.800000e+01,8.000000e+00,0.0,1.000000e+00,0.000000e+00,0.000000e+00
4.000000e+01,8.000000e+00,0.0,1.000000e+00,0.000000e+00,0.000000e+00
4.200000e+01,8.000000e+00,0.0,1.000000e+00,0.000000e+00,0.000000e+00
4.400000e+01,8.000000e+00,0.0,1.000000e+00,0.000000e+00,0.000000e+00
4.600000e+01,8.000000e+00,0.0,1.000000e+00,0.000000e+00,0.000000e+00
4.800000e+01,8.000000e+00,0.0,1.000000e+00,0.000000e+00,0.000000e+00
5.000000e+01,8.000000e+00,0.0,1.000000e+00,0.000000e+00,0.000000e+00
5.200000e+01,8.000000e+00,0.0,1.000000e+00,0.000000e+00,0.000000e+00
5.400000e+01,8.000000e+00,0.0,1.000000e+00,0.000000e+00,0.000000e+00
5.600000e+01,8.000000e+00,0.0,1.000000e+00,0.000000e+00,0.000000e+00
5.800000e+01,8.000000e+00,0.0,1.000000e+00,0.000000e+00,0.000000e+00
6.000000e+01,8.000000e+00,0.0,1.000000e+00,0.000000e+00,0.000000e+00
6.200000e+01,8.000000e+00,0.0,1.000000e+00,0.000000e+00,0.000000e+00
6.400000e+01,8.000000e+00,0.0,1.000000e+00,0.000000e+00,0.000000e+00
6.600000e+01,8.000000e+00,0.0,1.000000e+00,0.000000e+00,0.000000e+00
6.800000e+01,8.000000e+00,0.0,1.000000e+00,0.000000e+00,0.000000e+00
7.000000e+01,8.000000e+00,0.0,1.000000e+00,0.000000e+00,0.000000e+00
7.200000e+01,8.000000e+00,0.0,1.000000e+00,0.000000e+00,0.000000e+00
7.400000e+01,8.000000e+00,0.0,1.000000e+00,0.000000e+00,0.000000e+00
7.600000e+01,8.000000e+00,0.0,1.000000e+00,0.000000e+00,0.000000e+00
7.800000e+01,8.000000e+00,0.0,1.000000e+00,0.000000e+00,0.000000e+00
8.000000e+01,8.000000e+00,0.0,1.000000e+00,0.000000e+00,0.000000e+00
8.200000e+01,8.000000e+00,0.0,1.000000e+00,0.000000e+00,0.000000e+00
8.400000e+01,8.000000e+00,0.0,1.000000e+00,0.000000e+00,0.000000e+00
8.600000e+01,8.000000e+00,0.0,1.000000e+00,0.000000e+00,0.000000e+00
8.800000e+01,8.000000e+00,0.0,1.000000e+00,0.000000e+00,0.000000e+00
9.000000e+01,8.000000e+00,0.0,1.000000e+00,0.000000e+00,0.000000e+00
9.200000e+01,8.000000e+00,0.0,1.000000e+00,0.000000e+00,0.000000e+00
9.400000e+01,8.000000e+00,0.0,1.000000e+00,0.000000e+00,0.000000e+00
9.600000e+01,8.000000e+00,0.0,1.000000e+00,0.000000e+00,0.000000e+00
9.800000e+01,8.000000e+00,0.0,1.000000e+00,0.000000e+00,0.000000e+00
1.000000e+02,8.000000e+00,0.0,1.000000e+00,0.000000e+00,0.000000e+00
1.020000e+02,8.000000e+00,0.0,1.000000e+00,0.000000e+00,0.000000e+00
1.040000e+02,8.000000e+00,0.0,1.000000e+00,0.000000e+00,0.000000e+00
1.060000e+02,8.000000e+00,0.0,1.000000e+00,0.000000e+00,0.000000e+00
1.080000e+02,8.000000e+00,0.0,1.000000e+00,0.000000e+00,0.000000e+00
1.100000e+02,8.000000e+00,0.0,1.000000e+00,0.000000e+00,0.000000e+00
1.120000e+02,8.000000e+00,0.0,1.000000e+00,0.000000e+00,0.000000e+00
1.140000e+02,8.000000e+00,0.0,1.000000e+00,0.000000e+00,0.000000e+00
1.160000e+02,8.000000e+00,0.0,1.000000e+00,0.000000e+00,0.000000e+00
1.180000e+02,8.000000e+00,0.0,1.000000e+00,0.000000e+00,0.000000e+00
1.200000e+02,8.000000e+00,0.0,1.000000e+00,0.000000e+00,0.000000e+00
1.220000e+02,8.000000e+00,0.0,1.000000e+00,0.000000e+00,0.000000e+00
1.240000e+02,8.000000e+00,0.0,1.000000e+00,0.000000e+00,0.000000e+00
1.260000e+02,8.000000e+00,0.0,1.000000e+00,0.000000e+00,0.000000e+00
1.280000e+02,8.000000e+00,0.0,1.000000e+00,0.000000e+00,0.000000e+00
1.300000e+02,8.000000e+00,0.0,1.000000e+00,0.000000e+00,0.000000e+00
1.320000e+02,8.000000e+00,0.0,1.000000e+00,0.000000e+00,0.000000e+00
1.340000e+02,8.000000e+00,0.0,1.000000e+00,0.000000e+00,0.000000e+00
1.360000e+02,8.000000e+00,0.0,1.000000e+00,0.000000e+00,0.000000e+00
1.380000e+02,8.000000e+00,0.0,1.000000e+00,0.000000e+00,0.000000e+00
1.400000e+02,8.000000e+00,0.0,1.000000e+00,0.000000e+00,0.000000e+00
1.420000e+02,8.000000e+00,0.0,1.000000e+00,0.000000e+00,0.000000e+00
1.440000e+02,8.000000e+00,0.0,1.000000e+00,0.000000e+00,0.000000e+00
1.460000e+02,8.000000e+00,0.0,1.000000e+00,0.000000e+00,0.000000e+00
1.480000e+02,8.000000e+00,0.0,1.000000e+00,0.000000e+00,0.000000e+00
1.500000e+02,8.000000e+00,0.0,1.000000e+00,0.000000e+00,0.000000e+00
1.520000e+02,8.000000e+00,0.0,1.000000e+00,0.000000e+00,0.000000e+00
1.540000e+02,8.000000e+00,0.0,1.000000e+00,0.000000e+00,0.000000e+00
1.560000e+02,8.000000e+00,0.0,1.000000e+00,0.000000e+00,0.000000e+00
1.580000e+02,8.000000e+00,0.0,1.000000e+00,0.000000e+00,0.000000e+00
1.600000e+02,8.000000e+00,0.0,1.000000e+00,0.000000e+00,0.000000e+00
1.620000e+02,8.000000e+00,0.0,1.000000e+00,0.000000e+00,0.000000e+00
1.640000e+02,8.000000e+00,0.0,1.000000e+00,0.000000e+00,0.000000e+00
1.660000e+02,8.000000e+00,0.0,1.000000e+00,0.000000e+00,0.000000e+00
1.680000e+02,8.000000e+00,0.0,1.000000e+00,0.000000e+00,0.000000e+00
1.700000e+02,8.000000e+00,0.0,1.000000e+00,0.000000e+00,0.000000e+00
1.720000e+02,8.000000e+00,0.0,1.000000e+00,0.000000e+00,0.000000e+00
1.740000e+02,8.000000e+00,0.0,1.000000e+00,0.000000e+00,0.000000e+00
1.760000e+02,8.000000e+00,0.0,1.000000e+00,0.000000e+00,0.000000e+00
1.780000e+02,8.000000e+00,0.0,1.000000e+00,0.000000e+00,0.000000e+00
1.800000e+02,8.000000e+00,0.0,1.000000e+00,0.000000e+00,0.000000e+00
1.820000e+02,8.000000e+00,0.0,1.000000e+00,0.000000e+00,0.000000e+00
1.840000e+02,8.000000e+00,0.0,1.000000e+00,0.000000e+00,0.000000e+00
1.860000e+02,8.000000e+00,0.0,1.000000e+00,0.000000e+00,0.000000e+00
1.880000e+02,8.000000e+00,0.0,1.000000e+00,0.000000e+00,0.000000e+00
1.900000e+02,8.000000e+00,0.0,1.000000e+00,0.000000e+00,0.000000e+00
1.920000e+02,8.000000e+00,0.0,1.000000e+00,0.000000e+00,0.000000e+00
1.940000e+02,8.000000e+00,0.0,1.000000e+00,0.000000e+00,0.000000e+00
1.960000e+02,8.000000e+00,0.0,1.000000e+00,0.000000e+00,0.000000e+00
1.980000e+02,8.000000e+00,0.0,1.000000e+00,0.000000e+00,0.000000e+00
2.000000e+02,8.000000e+00,0.0,1.000000e+00,0.000000e+00,0.000000e+00
0.000000e+00,1.000000e+01,0.0,1.000000e+00,0.000000e+00,0.000000e+00
2.000000e+00,1.000000e+01,0.0,1.000000e+00,0.000000e+00,0.000000e+00
4.000000e+00,1.000000e+01,0.0,1.000000e+00,0.000000e+00,0.000000e+00
6.000000e+00,1.000000e+01,0.0,1.000000e+00,0.000000e+00,0.000000e+00
8.000000e+00,1.000000e+01,0.0,1.000000e+00,0.000000e+00,0.000000e+00
1.000000e+01,1.000000e+01,0.0,1.000000e+00,0.000000e+00,0.000000e+00
1.200000e+01,1.000000e+01,0.0,1.000000e+00,0.000000e+00,0.000000e+00
1.400000e+01,1.000000e+01,0.0,1.000000e+00,0.000000e+00,0.000000e+00
1.600000e+01,1.000000e+01,0.0,1.000000e+00,0.000000e+00,0.000000e+00
1.800000e+01,1.000000e+01,0.0,1.000000e+00,0.000000e+00,0.000000e+00
2.000000e+01,1.000000e+01,0.0,1.000000e+00,0.000000e+00,0.000000e+00
2.200000e+01,1.000000e+01,0.0,1.000000e+00,0.000000e+00,0.000000e+00
2.400000e+01,1.000000e+01,0.0,1.000000e+00,0.000000e+00,0.000000e+00
2.600000e+01,1.000000e+01,0.0,1.000000e+00,0.000000e+00,0.000000e+00
2.800000e+01,1.000000e+01,0.0,1.000000e+00,0.000000e+00,0.000000e+00
3.000000e+01,1.000000e+01,0.0,1.000000e+00,0.000000e+00,0.000000e+00
3.200000e+01,1.000000e+01,0.0,1.000000e+00,0.000000e+00,0.000000e+00
3.400000e+01,1.000000e+01,0.0,1.000000e+00,0.000000e+00,0.000000e+00
3.600000e+01,1.000000e+01,0.0,1.000000e+00,0.000000e+00,0.000000e+00
3.800000e+01,1.000000e+01,0.0,1.000000e+00,0.000000e+00,0.000000e+00
4.000000e+01,1.000000e+01,0.0,1.000000e+00,0.000000e+00,0.000000e+00
4.200000e+01,1.000000e+01,0.0,1.000000e+00,0.000000e+00,0.000000e+00
4.400000e+01,1.000000e+01,0.0,1.000000e+00,0.000000e+00,0.000000e+00
4.600000e+01,1.000000e+01,0.0,1.000000e+00,0.000000e+00,0.000000e+00
4.800000e+01,1.000000e+01,0.0,1.000000e+00,0.000000e+00,0.000000e+00
5.000000e+01,1.000000e+01,0.0,1.000000e+00,0.000000e+00,0.000000e+00
5.200000e+01,1.000000e+01,0.0,1.000000e+00,0.000000e+00,0.000000e+00
5.400000e+01,1.000000e+01,0.0,1.000000e+00,0.000000e+00,0.000000e+00
5.600000e+01,1.000000e+01,0.0,1.000000e+00,0.000000e+00,0.000000e+00
5.800000e+01,1.000000e+01,0.0,1.000000e+00,0.000000e+00,0.000000e+00
6.000000e+01,1.000000e+01,0.0,1.000000e+00,0.000000e+00,0.000000e+00
6.200000e+01,1.000000e+01,0.0,1.000000e+00,0.000000e+00,0.000000e+00
6.400000e+01,1.000000e+01,0.0,1.000000e+00,0.000000e+00,0.000000e+00
6.600000e+01,1.000000e+01,0.0,1.000000e+00,0.000000e+00,0.000000e+00
6.800000e+01,1.000000e+01,0.0,1.000000e+00,0.000000e+00,0.000000e+00
7.000000e+01,1.000000e+01,0.0,1.000000e+00,0.000000e+00,0.000000e+00
7.200000e+01,1.000000e+01,0.0,1.000000e+00,0.000000e+00,0.000000e+00
7.400000e+01,1.000000e+01,0.0,1.000000e+00,0.000000e+00,0.000000e+00
7.600000e+01,1.000000e+01,0.0,1.000000e+00,0.000000e+00,0.000000e+00
7.800000e+01,1.000000e+01,0.0,1.000000e+00,0.000000e+00,0.000000e+00
8.000000e+01,1.000000e+01,0.0,1.000000e+00,0.000000e+00,0.000000e+00
8.200000e+01,1.000000e+01,0.0,1.000000e+00,0.000000e+00,0.000000e+00
8.400000e+01,1.000000e+01,0.0,1.000000e+00,0.000000e+00,0.000000e+00
8.600000e+01,1.000000e+01,0.0,1.000000e+00,0.000000e+00,0.000000e+00
8.800000e+01,1.000000e+01,0.0,1.000000e+00,0.000000e+00,0.000000e+00
9.000000e+01,1.000000e+01,0.0,1.000000e+00,0.000000e+00,0.000000e+00
9.200000e+01,1.000000e+01,0.0,1.000000e+00,0.000000e+00,0.000000e+00
9.400000e+01,1.000000e+01,0.0,1.000000e+00,0.000000e+00,0.000000e+00
9.600000e+01,1.000000e+01,0.0,1.000000e+00,0.000000e+00,0.000000e+00
9.800000e+01,1.000000e+01,0.0,1.000000e+00,0.000000e+00,0.000000e+00
1.000000e+02,1.000000e+01,0.0,1.000000e+00,0.000000e+00,0.000000e+00
1.020000e+02,1.000000e+01,0.0,1.000000e+00,0.000000e+00,0.000000e+00
1.040000e+02,1.000000e+01,0.0,1.000000e+00,0.000000e+00,0.000000e+00
1.060000e+02,1.000000e+01,0.0,1.000000e+00,0.000000e+00,0.000000e+00
1.080000e+02,1.000000e+01,0.0,1.000000e+00,0.000000e+00,0.000000e+00
1.100000e+02,1.000000e+01,0.0,1.000000e+00,0.000000e+00,0.000000e+00
1.120000e+02,1.000000e+01,0.0,1.000000e+00,0.000000e+00,0.000000e+00
1.140000e+02,1.000000e+01,0.0,1.000000e+00,0.000000e+00,0.000000e+00
1.160000e+02,1.000000e+01,0.0,1.000000e+00,0.000000e+00,0.000000e+00
1.180000e+02,1.000000e+01,0.0,1.000000e+00,0.000000e+00,0.000000e+00
1.200000e+02,1.000000e+01,0.0,1.000000e+00,0.000000e+00,0.000000e+00
1.220000e+02,1.000000e+01,0.0,1.000000e+00,0.000000e+00,0.000000e+00
1.240000e+02,1.000000e+01,0.0,1.000000e+00,0.000000e+00,0.000000e+00
1.260000e+02,1.000000e+01,0.0,1.000000e+00,0.000000e+00,0.000000e+00
1.280000e+02,1.000000e+01,0.0,1.000000e+00,0.000000e+00,0.000000e+00
1.300000e+02,1.000000e+01,0.0,1.000000e+00,0.000000e+00,0.000000e+00
1.320000e+02,1.000000e+01,0.0,1.000000e+00,0.000000e+00,0.000000e+00
1.340000e+02,1.000000e+01,0.0,1.000000e+00,0.000000e+00,0.000000e+00
1.360000e+02,1.000000e+01,0.0,1.000000e+00,0.000000e+00,0.000000e+00
1.380000e+02,1.000000e+01,0.0,1.000000e+00,0.000000e+00,0.000000e+00
1.400000e+02,1.000000e+01,0.0,1.000000e+00,0.000000e+00,0.000000e+00
1.420000e+02,1.000000e+01,0.0,1.000000e+00,0.000000e+00,0.000000e+00
1.440000e+02,1.000000e+01,0.0,1.000000e+00,0.000000e+00,0.000000e+00
1.460000e+02,1.000000e+01,0.0,1.000000e+00,0.000000e+00,0.000000e+00
1.480000e+02,1.000000e+01,0.0,1.000000e+00,0.000000e+00,0.000000e+00
1.500000e+02,1.000000e+01,0.0,1.000000e+00,0.000000e+00,0.000000e+00
1.520000e+02,1.000000e+01,0.0,1.000000e+00,0.000000e+00,0.000000e+00
1.540000e+02,1.000000e+01,0.0,1.000000e+00,0.000000e+00,0.000000e+00
1.560000e+02,1.000000e+01,0.0,1.000000e+00,0.000000e+00,0.000000e+00
1.580000e+02,1.000000e+01,0.0,1.000000e+00,0.000000e+00,0.000000e+00
1.600000e+02,1.000000e+01,0.0,1.000000e+00,0.000000e+00,0.000000e+00
1.620000e+02,1.000000e+01,0.0,1.000000e+00,0.000000e+00,0.000000e+00
1.640000e+02,1.000000e+01,0.0,1.000000e+00,0.000000e+00,0.000000e+00
1.660000e+02,1.000000e+01,0.0,1.000000e+00,0.000000e+00,0.000000e+00
1.680000e+02,1.000000e+01,0.0,1.000000e+00,0.000000e+00,0.000000e+00
1.700000e+02,1.000000e+01,0.0,1.000000e+00,0.000000e+00,0.000000e+00
1.720000e+02,1.000000e+01,0.0,1.000000e+00,0.000000e+00,0.000000e+00
1.740000e+02,1.000000e+01,0.0,1.000000e+00,0.000000e+00,0.000000e+00
1.760000e+02,1.000000e+01,0.0,1.000000e+00,0.000000e+00,0.000000e+00
1.780000e+02,1.000000e+01,0.0,1.000000e+00,0.000000e+00,0.000000e+00
1.800000e+02,1.000000e+01,0.0,1.000000e+00,0.000000e+00,0.000000e+00
1.820000e+02,1.000000e+01,0.0,1.000000e+00,0.000000e+00,0.000000e+00
1.840000e+02,1.000000e+01,0.0,1.000000e+00,0.000000e+00,0.000000e+00
1.860000e+02,1.000000e+01,0.0,1.000000e+00,0.000000e+00,0.000000e+00
1.880000e+02,1.000000e+01,0.0,1.000000e+00,0.000000e+00,0.000000e+00
1.900000e+02,1.000000e+01,0.0,1.000000e+00,0.000000e+00,0.000000e+00
1.920000e+02,1.000000e+01,0.0,1.000000e+00,0.000000e+00,0.000000e+00
1.940000e+02,1.000000e+01,0.0,1.000000e+00,0.000000e+00,0.000000e+00
1.960000e+02,1.000000e+01,0.0,1.000000e+00,0.000000e+00,0.000000e+00
1.980000e+02,1.000000e+01,0.0,1.000000e+00,0.000000e+00,0.000000e+00
2.000000e+02,1.000000e+01,0.0,1.000000e+00,0.000000e+00,0.000000e+00
0.000000e+00,1.200000e+01,0.0,1.000000e+00,0.000000e+00,0.000000e+00
2.000000e+00,1.200000e+01,0.0,1.000000e+00,0.000000e+00,0.000000e+00
4.000000e+00,1.200000e+01,0.0,1.000000e+00,0.000000e+00,0.000000e+00
6.000000e+00,1.200000e+01,0.0,1.000000e+00,0.000000e+00,0.000000e+00
8.000000e+00,1.200000e+01,0.0,1.000000e+00,0.000000e+00,0.000000e+00
1.000000e+01,1.200000e+01,0.0,1.000000e+00,0.000000e+00,0.000000e+00
1.200000e+01,1.200000e+01,0.0,1.000000e+00,0.000000e+00,0.000000e+00
1.400000e+01,1.200000e+01,0.0,1.000000e+00,0.000000e+00,0.000000e+00
1.600000e+01,1.200000e+01,0.0,1.000000e+00,0.000000e+00,0.000000e+00
1.800000e+01,1.200000e+01,0.0,1.000000e+00,0.000000e+00,0.000000e+00
2.000000e+01,1.200000e+01,0.0,1.000000e+00,0.000000e+00,0.000000e+00
2.200000e+01,1.200000e+01,0.0,1.000000e+00,0.000000e+00,0.000000e+00
2.400000e+01,1.200000e+01,0.0,1.000000e+00,0.000000e+00,0.000000e+00
2.600000e+01,1.200000e+01,0.0,1.000000e+00,0.000000e+00,0.000000e+00
2.800000e+01,1.200000e+01,0.0,1.000000e+00,0.000000e+00,0.000000e+00
3.000000e+01,1.200000e+01,0.0,1.000000e+00,0.000000e+00,0.000000e+00
3.200000e+01,1.200000e+01,0.0,1.000000e+00,0.000000e+00,0.000000e+00
3.400000e+01,1.200000e+01,0.0,1.000000e+00,0.000000e+00,0.000000e+00
3.600000e+01,1.200000e+01,0.0,1.000000e+00,0.000000e+00,0.000000e+00
3.800000e+01,1.200000e+01,0.0,1.000000e+00,0.000000e+00,0.000000e+00
4.000000e+01,1.200000e+01,0.0,1.000000e+00,0.000000e+00,0.000000e+00
4.200000e+01,1.200000e+01,0.0,1.000000e+00,0.000000e+00,0.000000e+00
4.400000e+01,1.200000e+01,0.0,1.000000e+00,0.000000e+00,0.000000e+00
4.600000e+01,1.200000e+01,0.0,1.000000e+00,0.000000e+00,0.000000e+00
4.800000e+01,1.200000e+01,0.0,1.000000e+00,0.000000e+00,0.000000e+00
5.000000e+01,1.200000e+01,0.0,1.000000e+00,0.000000e+00,0.000000e+00
5.200000e+01,1.200000e+01,0.0,1.000000e+00,0.000000e+00,0.000000e+00
5.400000e+01,1.200000e+01,0.0,1.000000e+00,0.000000e+00,0.000000e+00
5.600000e+01,1.200000e+01,0.0,1.000000e+00,0.000000e+00,0.000000e+00
5.800000e+01,1.200000e+01,0.0,1.000000e+00,0.000000e+00,0.000000e+00
6.000000e+01,1.200000e+01,0.0,1.000000e+00,0.000000e+00,0.000000e+00
6.200000e+01,1.200000e+01,0.0,1.000000e+00,0.000000e+00,0.000000e+00
6.400000e+01,1.200000e+01,0.0,1.000000e+00,0.000000e+00,0.000000e+00
6.600000e+01,1.200000e+01,0.0,1.000000e+00,0.000000e+00,0.000000e+00
6.800000e+01,1.200000e+01,0.0,1.000000e+00,0.000000e+00,0.000000e+00
7.000000e+01,1.200000e+01,0.0,1.000000e+00,0.000000e+00,0.000000e+00
7.200000e+01,1.200000e+01,0.0,1.000000e+00,0.000000e+00,0.000000e+00
7.400000e+01,1.200000e+01,0.0,1.000000e+00,0.000000e+00,0.000000e+00
7.600000e+01,1.200000e+01,0.0,1.000000e+00,0.000000e+00,0.000000e+00
7.800000e+01,1.200000e+01,0.0,1.000000e+00,0.000000e+00,0.000000e+00
8.000000e+01,1.200000e+01,0.0,1.000000e+00,0.000000e+00,0.000000e+00
8.200000e+01,1.200000e+01,0.0,1.000000e+00,0.000000e+00,0.000000e+00
8.400000e+01,1.200000e+01,0.0,1.000000e+00,0.000000e+00,0.000000e+00
8.600000e+01,1.200000e+01,0.0,1.000000e+00,0.000000e+00,0.000000e+00
8.800000e+01,1.200000e+01,0.0,1.000000e+00,0.000000e+00,0.000000e+00
9.000000e+01,1.200000e+01,0.0,1.000000e+00,0.000000e+00,0.000000e+00
9.200000e+01,1.200000e+01,0.0,1.000000e+00,0.000000e+00,0.000000e+00
9.400000e+01,1.200000e+01,0.0,1.000000e+00,0.000000e+00,0.000000e+00
9.600000e+01,1.200000e+01,0.0,1.000000e+00,0.000000e+00,0.000000e+00
9.800000e+01,1.200000e+01,0.0,1.000000e+00,0.000000e+00,0.000000e+00
1.000000e+02,1.200000e+01,0.0,1.000000e+00,0.000000e+00,0.000000e+00
1.020000e+02,1.200000e+01,0.0,1.000000e+00,0.000000e+00,0.000000e+00
1.040000e+02,1.200000e+01,0.0,1.000000e+00,0.000000e+00,0.000000e+00
1.060000e+02,1.200000e+01,0.0,1.000000e+00,0.000000e+00,0.000000e+00
1.080000e+02,1.200000e+01,0.0,1.000000e+00,0.000000e+00,0.000000e+00
1.100000e+02,1.200000e+01,0.0,1.000000e+00,0.000000e+00,0.000000e+00
1.120000e+02,1.200000e+01,0.0,1.000000e+00,0.000000e+00,0.000000e+00
1.140000e+02,1.200000e+01,0.0,1.000000e+00,0.000000e+00,0.000000e+00
1.160000e+02,1.200000e+01,0.0,1.000000e+00,0.000000e+00,0.000000e+00
1.180000e+02,1.200000e+01,0.0,1.000000e+00,0.000000e+00,0.000000e+00
1.200000e+02,1.200000e+01,0.0,1.000000e+00,0.000000e+00,0.000000e+00
1.220000e+02,1.200000e+01,0.0,1.000000e+00,0.000000e+00,0.000000e+00
1.240000e+02,1.200000e+01,0.0,1.000000e+00,0.000000e+00,0.000000e+00
1.260000e+02,1.200000e+01,0.0,1.000000e+00,0.000000e+00,0.000000e+00
1.280000e+02,1.200000e+01,0.0,1.000000e+00,0.000000e+00,0.000000e+00
1.300000e+02,1.200000e+01,0.0,1.000000e+00,0.000000e+00,0.000000e+00
1.320000e+02,1.200000e+01,0.0,1.000000e+00,0.000000e+00,0.000000e+00
1.340000e+02,1.200000e+01,0.0,1.000000e+00,0.000000e+00,0.000000e+00
1.360000e+02,1.200000e+01,0.0,1.000000e+00,0.000000e+00,0.000000e+00
1.380000e+02,1.200000e+01,0.0,1.000000e+00,0.000000e+00,0.000000e+00
1.400000e+02,1.200000e+01,0.0,1.000000e+00,0.000000e+00,0.000000e+00
1.420000e+02,1.200000e+01,0.0,1.000000e+00,0.000000e+00,0.000000e+00
1.440000e+02,1.200000e+01,0.0,1.000000e+00,0.000000e+00,0.000000e+00
1.460000e+02,1.200000e+01,0.0,1.000000e+00,0.000000e+00,0.000000e+00
1.480000e+02,1.200000e+01,0.0,1.000000e+00,0.000000e+00,0.000000e+00
1.500000e+02,1.200000e+01,0.0,1.000000e+00,0.000000e+00,0.000000e+00
1.520000e+02,1.200000e+01,0.0,1.000000e+00,0.000000e+00,0.000000e+00
1.540000e+02,1.200000e+01,0.0,1.000000e+00,0.000000e+00,0.000000e+00
1.560000e+02,1.200000e+01,0.0,1.000000e+00,0.000000e+00,0.000000e+00
1.580000e+02,1.200000e+01,0.0,1.000000e+00,0.000000e+00,0.000000e+00
1.600000e+02,1.200000e+01,0.0,1.000000e+00,0.000000e+00,0.000000e+00
1.620000e+02,1.200000e+01,0.0,1.000000e+00,0.000000e+00,0.000000e+00
1.640000e+02,1.200000e+01,0.0,1.000000e+00,0.000000e+00,0.000000e+00
1.660000e+02,1.200000e+01,0.0,1.000000e+00,0.000000e+00,0.000000e+00
1.680000e+02,1.200000e+01,0.0,1.000000e+00,0.000000e+00,0.000000e+00
1.700000e+02,1.200000e+01,0.0,1.000000e+00,0.000000e+00,0.000000e+00
1.720000e+02,1.200000e+01,0.0,1.000000e+00,0.000000e+00,0.000000e+00
1.740000e+02,1.200000e+01,0.0,1.000000e+00,0.000000e+00,0.000000e+00
1.760000e+02,1.200000e+01,0.0,1.000000e+00,0.000000e+00,0.000000e+00
1.780000e+02,1.200000e+01,0.0,1.000000e+00,0.000000e+00,0.000000e+00
1.800000e+02,1.200000e+01,0.0,1.000000e+00,0.000000e+00,0.000000e+00
1.820000e+02,1.200000e+01,0.0,1.000000e+00,0.000000e+00,0.000000e+00
1.840000e+02,1.200000e+01,0.0,1.000000e+00,0.000000e+00,0.000000e+00
1.860000e+02,1.200000e+01,0.0,1.000000e+00,0.000000e+00,0.000000e+00
1.880000e+02,1.200000e+01,0.0,1.000000e+00,0.000000e+00,0.000000e+00
1.900000e+02,1.200000e+01,0.0,1.000000e+00,0.000000e+00,0.000000e+00
1.920000e+02,1.200000e+01,0.0,1.000000e+00,0.000000e+00,0.000000e+00
1.940000e+02,1.200000e+01,0.0,1.000000e+00,0.000000e+00,0.000000e+00
1.960000e+02,1.200000e+01,0.0,1.000000e+00,0.000000e+00,0.000000e+00
1.980000e+02,1.200000e+01,0.0,1.000000e+00,0.000000e+00,0.000000e+00
2.000000e+02,1.200000e+01,0.0,1.000000e+00,0.000000e+00,0.000000e+00
0.000000e+00,1.400000e+01,0.0,1.000000e+00,0.000000e+00,0.000000e+00
2.000000e+00,1.400000e+01,0.0,1.000000e+00,0.000000e+00,0.000000e+00
4.000000e+00,1.400000e+01,0.0,1.000000e+00,0.000000e+00,0.000000e+00
6.000000e+00,1.400000e+01,0.0,1.000000e+00,0.000000e+00,0.000000e+00
8.000000e+00,1.400000e+01,0.0,1.000000e+00,0.000000e+00,0.000000e+00
1.000000e+01,1.400000e+01,0.0,1.000000e+00,0.000000e+00,0.000000e+00
1.200000e+01,1.400000e+01,0.0,1.000000e+00,0.000000e+00,0.000000e+00
1.400000e+01,1.400000e+01,0.0,1.000000e+00,0.000000e+00,0.000000e+00
1.600000e+01,1.400000e+01,0.0,1.000000e+00,0.000000e+00,0.000000e+00
1.800000e+01,1.400000e+01,0.0,1.000000e+00,0.000000e+00,0.000000e+00
2.000000e+01,1.400000e+01,0.0,1.000000e+00,0.000000e+00,0.000000e+00
2.200000e+01,1.400000e+01,0.0,1.000000e+00,0.000000e+00,0.000000e+00
2.400000e+01,1.400000e+01,0.0,1.000000e+00,0.000000e+00,0.000000e+00
2.600000e+01,1.400000e+01,0.0,1.000000e+00,0.000000e+00,0.000000e+00
2.800000e+01,1.400000e+01,0.0,1.000000e+00,0.000000e+00,0.000000e+00
3.000000e+01,1.400000e+01,0.0,1.000000e+00,0.000000e+00,0.000000e+00
3.200000e+01,1.400000e+01,0.0,1.000000e+00,0.000000e+00,0.000000e+00
3.400000e+01,1.400000e+01,0.0,1.000000e+00,0.000000e+00,0.000000e+00
3.600000e+01,1.400000e+01,0.0,1.000000e+00,0.000000e+00,0.000000e+00
3.800000e+01,1.400000e+01,0.0,1.000000e+00,0.000000e+00,0.000000e+00
4.000000e+01,1.400000e+01,0.0,1.000000e+00,0.000000e+00,0.000000e+00
4.200000e+01,1.400000e+01,0.0,1.000000e+00,0.000000e+00,0.000000e+00
4.400000e+01,1.400000e+01,0.0,1.000000e+00,0.000000e+00,0.000000e+00
4.600000e+01,1.400000e+01,0.0,1.000000e+00,0.000000e+00,0.000000e+00
4.800000e+01,1.400000e+01,0.0,1.000000e+00,0.000000e+00,0.000000e+00
5.000000e+01,1.400000e+01,0.0,1.000000e+00,0.000000e+00,0.000000e+00
5.200000e+01,1.400000e+01,0.0,1.000000e+00,0.000000e+00,0.000000e+00
5.400000e+01,1.400000e+01,0.0,1.000000e+00,0.000000e+00,0.000000e+00
5.600000e+01,1.400000e+01,0.0,1.000000e+00,0.000000e+00,0.000000e+00
5.800000e+01,1.400000e+01,0.0,1.000000e+00,0.000000e+00,0.000000e+00
6.000000e+01,1.400000e+01,0.0,1.000000e+00,0.000000e+00,0.000000e+00
6.200000e+01,1.400000e+01,0.0,1.000000e+00,0.000000e+00,0.000000e+00
6.400000e+01,1.400000e+01,0.0,1.000000e+00,0.000000e+00,0.000000e+00
6.600000e+01,1.400000e+01,0.0,1.000000e+00,0.000000e+00,0.000000e+00
6.800000e+01,1.400000e+01,0.0,1.000000e+00,0.000000e+00,0.000000e+00
7.000000e+01,1.400000e+01,0.0,1.000000e+00,0.000000e+00,0.000000e+00
7.200000e+01,1.400000e+01,0.0,1.000000e+00,0.000000e+00,0.000000e+00
7.400000e+01,1.400000e+01,0.0,1.000000e+00,0.000000e+00,0.000000e+00
7.600000e+01,1.400000e+01,0.0,1.000000e+00,0.000000e+00,0.000000e+00
7.800000e+01,1.400000e+01,0.0,1.000000e+00,0.000000e+00,0.000000e+00
8.000000e+01,1.400000e+01,0.0,1.000000e+00,0.000000e+00,0.000000e+00
8.200000e+01,1.400000e+01,0.0,1.000000e+00,0.000000e+00,0.000000e+00
8.400000e+01,1.400000e+01,0.0,1.000000e+00,0.000000e+00,0.000000e+00
8.600000e+01,1.400000e+01,0.0,1.000000e+00,0.000000e+00,0.000000e+00
8.800000e+01,1.400000e+01,0.0,1.000000e+00,0.000000e+00,0.000000e+00
9.000000e+01,1.400000e+01,0.0,1.000000e+00,0.000000e+00,0.000000e+00
9.200000e+01,1.400000e+01,0.0,1.000000e+00,0.000000e+00,0.000000e+00
9.400000e+01,1.400000e+01,0.0,1.000000e+00,0.000000e+00,0.000000e+00
9.600000e+01,1.400000e+01,0.0,1.000000e+00,0.000000e+00,0.000000e+00
9.800000e+01,1.400000e+01,0.0,1.000000e+00,0.000000e+00,0.000000e+00
1.000000e+02,1.400000e+01,0.0,1.000000e+00,0.000000e+00,0.000000e+00
1.020000e+02,1.400000e+01,0.0,1.000000e+00,0.000000e+00,0.000000e+00
1.040000e+02,1.400000e+01,0.0,1.000000e+00,0.000000e+00,0.000000e+00
1.060000e+02,1.400000e+01,0.0,1.000000e+00,0.000000e+00,0.000000e+00
1.080000e+02,1.400000e+01,0.0,1.000000e+00,0.000000e+00,0.000000e+00
1.100000e+02,1.400000e+01,0.0,1.000000e+00,0.000000e+00,0.000000e+00
1.120000e+02,1.400000e+01,0.0,1.000000e+00,0.000000e+00,0.000000e+00
1.140000e+02,1.400000e+01,0.0,1.000000e+00,0.000000e+00,0.000000e+00
1.160000e+02,1.400000e+01,0.0,1.000000e+00,0.000000e+00,0.000000e+00
1.180000e+02,1.400000e+01,0.0,1.000000e+00,0.000000e+00,0.000000e+00
1.200000e+02,1.400000e+01,0.0,1.000000e+00,0.000000e+00,0.000000e+00
1.220000e+02,1.400000e+01,0.0,1.000000e+00,0.000000e+00,0.000000e+00
1.240000e+02,1.400000e+01,0.0,1.000000e+00,0.000000e+00,0.000000e+00
1.260000e+02,1.400000e+01,0.0,1.000000e+00,0.000000e+00,0.000000e+00
1.280000e+02,1.400000e+01,0.0,1.000000e+00,0.000000e+00,0.000000e+00
1.300000e+02,1.400000e+01,0.0,1.000000e+00,0.000000e+00,0.000000e+00
1.320000e+02,1.400000e+01,0.0,1.000000e+00,0.000000e+00,0.000000e+00
1.340000e+02,1.400000e+01,0.0,1.000000e+00,0.000000e+00,0.000000e+00
1.360000e+02,1.400000e+01,0.0,1.000000e+00,0.000000e+00,0.000000e+00
1.380000e+02,1.400000e+01,0.0,1.000000e+00,0.000000e+00,0.000000e+00
1.400000e+02,1.400000e+01,0.0,1.000000e+00,0.000000e+00,0.000000e+00
1.420000e+02,1.400000e+01,0.0,1.000000e+00,0.000000e+00,0.000000e+00
1.440000e+02,1.400000e+01,0.0,1.000000e+00,0.000000e+00,0.000000e+00
1.460000e+02,1.400000e+01,0.0,1.000000e+00,0.000000e+00,0.000000e+00
1.480000e+02,1.400000e+01,0.0,1.000000e+00,0.000000e+00,0.000000e+00
1.500000e+02,1.400000e+01,0.0,1.000000e+00,0.000000e+00,0.000000e+00
1.520000e+02,1.400000e+01,0.0,1.000000e+00,0.000000e+00,0.000000e+00
1.540000e+02,1.400000e+01,0.0,1.000000e+00,0.000000e+00,0.000000e+00
1.560000e+02,1.400000e+01,0.0,1.000000e+00,0.000000e+00,0.000000e+00
1.580000e+02,1.400000e+01,0.0,1.000000e+00,0.000000e+00,0.000000e+00
1.600000e+02,1.400000e+01,0.0,1.000000e+00,0.000000e+00,0.000000e+00
1.620000e+02,1.400000e+01,0.0,1.000000e+00,0.000000e+00,0.000000e+00
1.640000e+02,1.400000e+01,0.0,1.000000e+00,0.000000e+00,0.000000e+00
1.660000e+02,1.400000e+01,0.0,1.000000e+00,0.000000e+00,0.000000e+00
1.680000e+02,1.400000e+01,0.0,1.000000e+00,0.000000e+00,0.000000e+00
1.700000e+02,1.400000e+01,0.0,1.000000e+00,0.000000e+00,0.000000e+00
1.720000e+02,1.400000e+01,0.0,1.000000e+00,0.000000e+00,0.000000e+00
1.740000e+02,1.400000e+01,0.0,1.000000e+00,0.000000e+00,0.000000e+00
1.760000e+02,1.400000e+01,0.0,1.000000e+00,0.000000e+00,0.000000e+00
1.780000e+02,1.400000e+01,0.0,1.000000e+00,0.000000e+00,0.000000e+00
1.800000e+02,1.400000e+01,0.0,1.000000e+00,0.000000e+00,0.000000e+00
1.820000e+02,1.400000e+01,0.0,1.000000e+00,0.000000e+00,0.000000e+00
1.840000e+02,1.400000e+01,0.0,1.000000e+00,0.000000e+00,0.000000e+00
1.860000e+02,1.400000e+01,0.0,1.000000e+00,0.000000e+00,0.000000e+00
1.880000e+02,1.400000e+01,0.0,1.000000e+00,0.000000e+00,0.000000e+00
1.900000e+02,1.400000e+01,0.0,1.000000e+00,0.000000e+00,0.000000e+00
1.920000e+02,1.400000e+01,0.0,1.000000e+00,0.000000e+00,0.000000e+00
1.940000e+02,1.400000e+01,0.0,1.000000e+00,0.000000e+00,0.000000e+00
1.960000e+02,1.400000e+01,0.0,1.000000e+00,0.000000e+00,0.000000e+00
1.980000e+02,1.400000e+01,0.0,1.000000e+00,0.000000e+00,0.000000e+00
2.000000e+02,1.400000e+01,0.0,1.000000e+00,0.000000e+00,0.000000e+00
0.000000e+00,1.600000e+01,0.0,1.000000e+00,0.000000e+00,0.000000e+00
2.000000e+00,1.600000e+01,0.0,1.000000e+00,0.000000e+00,0.000000e+00
4.000000e+00,1.600000e+01,0.0,1.000000e+00,0.000000e+00,0.000000e+00
6.000000e+00,1.600000e+01,0.0,1.000000e+00,0.000000e+00,0.000000e+00
8.000000e+00,1.600000e+01,0.0,1.000000e+00,0.000000e+00,0.000000e+00
1.000000e+01,1.600000e+01,0.0,1.000000e+00,0.000000e+00,0.000000e+00
1.200000e+01,1.600000e+01,0.0,1.000000e+00,0.000000e+00,0.000000e+00
1.400000e+01,1.600000e+01,0.0,1.000000e+00,0.000000e+00,0.000000e+00
1.600000e+01,1.600000e+01,0.0,1.000000e+00,0.000000e+00,0.000000e+00
1.800000e+01,1.600000e+01,0.0,1.000000e+00,0.000000e+00,0.000000e+00
2.000000e+01,1.600000e+01,0.0,1.000000e+00,0.000000e+00,0.000000e+00
2.200000e+01,1.600000e+01,0.0,1.000000e+00,0.000000e+00,0.000000e+00
2.400000e+01,1.600000e+01,0.0,1.000000e+00,0.000000e+00,0.000000e+00
2.600000e+01,1.600000e+01,0.0,1.000000e+00,0.000000e+00,0.000000e+00
2.800000e+01,1.600000e+01,0.0,1.000000e+00,0.000000e+00,0.000000e+00
3.000000e+01,1.600000e+01,0.0,1.000000e+00,0.000000e+00,0.000000e+00
3.200000e+01,1.600000e+01,0.0,1.000000e+00,0.000000e+00,0.000000e+00
3.400000e+01,1.600000e+01,0.0,1.000000e+00,0.000000e+00,0.000000e+00
3.600000e+01,1.600000e+01,0.0,1.000000e+00,0.000000e+00,0.000000e+00
3.800000e+01,1.600000e+01,0.0,1.000000e+00,0.000000e+00,0.000000e+00
4.000000e+01,1.600000e+01,0.0,1.000000e+00,0.000000e+00,0.000000e+00
4.200000e+01,1.600000e+01,0.0,1.000000e+00,0.000000e+00,0.000000e+00
4.400000e+01,1.600000e+01,0.0,1.000000e+00,0.000000e+00,0.000000e+00
4.600000e+01,1.600000e+01,0.0,1.000000e+00,0.000000e+00,0.000000e+00
4.800000e+01,1.600000e+01,0.0,1.000000e+00,0.000000e+00,0.000000e+00
5.000000e+01,1.600000e+01,0.0,1.000000e+00,0.000000e+00,0.000000e+00
5.200000e+01,1.600000e+01,0.0,1.000000e+00,0.000000e+00,0.000000e+00
5.400000e+01,1.600000e+01,0.0,1.000000e+00,0.000000e+00,0.000000e+00
5.600000e+01,1.600000e+01,0.0,1.000000e+00,0.000000e+00,0.000000e+00
5.800000e+01,1.600000e+01,0.0,1.000000e+00,0.000000e+00,0.000000e+00
6.000000e+01,1.600000e+01,0.0,1.000000e+00,0.000000e+00,0.000000e+00
6.200000e+01,1.600000e+01,0.0,1.000000e+00,0.000000e+00,0.000000e+00
6.400000e+01,1.600000e+01,0.0,1.000000e+00,0.000000e+00,0.000000e+00
6.600000e+01,1.600000e+01,0.0,1.000000e+00,0.000000e+00,0.000000e+00
6.800000e+01,1.600000e+01,0.0,1.000000e+00,0.000000e+00,0.000000e+00
7.000000e+01,1.600000e+01,0.0,1.000000e+00,0.000000e+00,0.000000e+00
7.200000e+01,1.600000e+01,0.0,1.000000e+00,0.000000e+00,0.000000e+00
7.400000e+01,1.600000e+01,0.0,1.000000e+00,0.000000e+00,0.000000e+00
7.600000e+01,1.600000e+01,0.0,1.000000e+00,0.000000e+00,0.000000e+00
7.800000e+01,1.600000e+01,0.0,1.000000e+00,0.000000e+00,0.000000e+00
8.000000e+01,1.600000e+01,0.0,1.000000e+00,0.000000e+00,0.000000e+00
8.200000e+01,1.600000e+01,0.0,1.000000e+00,0.000000e+00,0.000000e+00
8.400000e+01,1.600000e+01,0.0,1.000000e+00,0.000000e+00,0.000000e+00
8.600000e+01,1.600000e+01,0.0,1.000000e+00,0.000000e+00,0.000000e+00
8.800000e+01,1.600000e+01,0.0,1.000000e+00,0.000000e+00,0.000000e+00
9.000000e+01,1.600000e+01,0.0,1.000000e+00,0.000000e+00,0.000000e+00
9.200000e+01,1.600000e+01,0.0,1.000000e+00,0.000000e+00,0.000000e+00
9.400000e+01,1.600000e+01,0.0,1.000000e+00,0.000000e+00,0.000000e+00
9.600000e+01,1.600000e+01,0.0,1.000000e+00,0.000000e+00,0.000000e+00
9.800000e+01,1.600000e+01,0.0,1.000000e+00,0.000000e+00,0.000000e+00
1.000000e+02,1.600000e+01,0.0,1.000000e+00,0.000000e+00,0.000000e+00
1.020000e+02,1.600000e+01,0.0,1.000000e+00,0.000000e+00,0.000000e+00
1.040000e+02,1.600000e+01,0.0,1.000000e+00,0.000000e+00,0.000000e+00
1.060000e+02,1.600000e+01,0.0,1.000000e+00,0.000000e+00,0.000000e+00
1.080000e+02,1.600000e+01,0.0,1.000000e+00,0.000000e+00,0.000000e+00
1.100000e+02,1.600000e+01,0.0,1.000000e+00,0.000000e+00,0.000000e+00
1.120000e+02,1.600000e+01,0.0,1.000000e+00,0.000000e+00,0.000000e+00
1.140000e+02,1.600000e+01,0.0,1.000000e+00,0.000000e+00,0.000000e+00
1.160000e+02,1.600000e+01,0.0,1.000000e+00,0.000000e+00,0.000000e+00
1.180000e+02,1.600000e+01,0.0,1.000000e+00,0.000000e+00,0.000000e+00
1.200000e+02,1.600000e+01,0.0,1.000000e+00,0.000000e+00,0.000000e+00
1.220000e+02,1.600000e+01,0.0,1.000000e+00,0.000000e+00,0.000000e+00
1.240000e+02,1.600000e+01,0.0,1.000000e+00,0.000000e+00,0.000000e+00
1.260000e+02,1.600000e+01,0.0,1.000000e+00,0.000000e+00,0.000000e+00
1.280000e+02,1.600000e+01,0.0,1.000000e+00,0.000000e+00,0.000000e+00
1.300000e+02,1.600000e+01,0.0,1.000000e+00,0.000000e+00,0.000000e+00
1.320000e+02,1.600000e+01,0.0,1.000000e+00,0.000000e+00,0.000000e+00
1.340000e+02,1.600000e+01,0.0,1.000000e+00,0.000000e+00,0.000000e+00
1.360000e+02,1.600000e+01,0.0,1.000000e+00,0.000000e+00,0.000000e+00
1.380000e+02,1.600000e+01,0.0,1.000000e+00,0.000000e+00,0.000000e+00
1.400000e+02,1.600000e+01,0.0,1.000000e+00,0.000000e+00,0.000000e+00
1.420000e+02,1.600000e+01,0.0,1.000000e+00,0.000000e+00,0.000000e+00
1.440000e+02,1.600000e+01,0.0,1.000000e+00,0.000000e+00,0.000000e+00
1.460000e+02,1.600000e+01,0.0,1.000000e+00,0.000000e+00,0.000000e+00
1.480000e+02,1.600000e+01,0.0,1.000000e+00,0.000000e+00,0.000000e+00
1.500000e+02,1.600000e+01,0.0,1.000000e+00,0.000000e+00,0.000000e+00
1.520000e+02,1.600000e+01,0.0,1.000000e+00,0.000000e+00,0.000000e+00
1.540000e+02,1.600000e+01,0.0,1.000000e+00,0.000000e+00,0.000000e+00
1.560000e+02,1.600000e+01,0.0,1.000000e+00,0.000000e+00,0.000000e+00
1.580000e+02,1.600000e+01,0.0,1.000000e+00,0.000000e+00,0.000000e+00
1.600000e+02,1.600000e+01,0.0,1.000000e+00,0.000000e+00,0.000000e+00
1.620000e+02,1.600000e+01,0.0,1.000000e+00,0.000000e+00,0.000000e+00
1.640000e+02,1.600000e+01,0.0,1.000000e+00,0.000000e+00,0.000000e+00
1.660000e+02,1.600000e+01,0.0,1.000000e+00,0.000000e+00,0.000000e+00
1.680000e+02,1.600000e+01,0.0,1.000000e+00,0.000000e+00,0.000000e+00
1.700000e+02,1.600000e+01,0.0,1.000000e+00,0.000000e+00,0.000000e+00
1.720000e+02,1.600000e+01,0.0,1.000000e+00,0.000000e+00,0.000000e+00
1.740000e+02,1.600000e+01,0.0,1.000000e+00,0.000000e+00,0.000000e+00
1.760000e+02,1.600000e+01,0.0,1.000000e+00,0.000000e+00,0.000000e+00
1.780000e+02,1.600000e+01,0.0,1.000000e+00,0.000000e+00,0.000000e+00
1.800000e+02,1.600000e+01,0.0,1.000000e+00,0.000000e+00,0.000000e+00
1.820000e+02,1.600000e+01,0.0,1.000000e+00,0.000000e+00,0.000000e+00
1.840000e+02,1.600000e+01,0.0,1.000000e+00,0.000000e+00,0.000000e+00
1.860000e+02,1.600000e+01,0.0,1.000000e+00,0.000000e+00,0.000000e+00
1.880000e+02,1.600000e+01,0.0,1.000000e+00,0.000000e+00,0.000000e+00
1.900000e+02,1.600000e+01,0.0,1.000000e+00,0.000000e+00,0.000000e+00
1.920000e+02,1.600000e+01,0.0,1.000000e+00,0.000000e+00,0.000000e+00
1.940000e+02,1.600000e+01,0.0,1.000000e+00,0.000000e+00,0.000000e+00
1.960000e+02,1.600000e+01,0.0,1.000000e+00,0.000000e+00,0.000000e+00
1.980000e+02,1.600000e+01,0.0,1.000000e+00,0.000000e+00,0.000000e+00
2.000000e+02,1.600000e+01,0.0,1.000000e+00,0.000000e+00,0.000000e+00
0.000000e+00,1.800000e+01,0.0,1.000000e+00,0.000000e+00,0.000000e+00
2.000000e+00,1.800000e+01,0.0,1.000000e+00,0.000000e+00,0.000000e+00
4.000000e+00,1.800000e+01,0.0,1.000000e+00,0.000000e+00,0.000000e+00
6.000000e+00,1.800000e+01,0.0,1.000000e+00,0.000000e+00,0.000000e+00
8.000000e+00,1.800000e+01,0.0,1.000000e+00,0.000000e+00,0.000000e+00
1.000000e+01,1.800000e+01,0.0,1.000000e+00,0.000000e+00,0.000000e+00
1.200000e+01,1.800000e+01,0.0,1.000000e+00,0.000000e+00,0.000000e+00
1.400000e+01,1.800000e+01,0.0,1.000000e+00,0.000000e+00,0.000000e+00
1.600000e+01,1.800000e+01,0.0,1.000000e+00,0.000000e+00,0.000000e+00
1.800000e+01,1.800000e+01,0.0,1.000000e+00,0.000000e+00,0.000000e+00
2.000000e+01,1.800000e+01,0.0,1.000000e+00,0.000000e+00,0.000000e+00
2.200000e+01,1.800000e+01,0.0,1.000000e+00,0.000000e+00,0.000000e+00
2.400000e+01,1.800000e+01,0.0,1.000000e+00,0.000000e+00,0.000000e+00
2.600000e+01,1.800000e+01,0.0,1.000000e+00,0.000000e+00,0.000000e+00
2.800000e+01,1.800000e+01,0.0,1.000000e+00,0.000000e+00,0.000000e+00
3.000000e+01,1.800000e+01,0.0,1.000000e+00,0.000000e+00,0.000000e+00
3.200000e+01,1.800000e+01,0.0,1.000000e+00,0.000000e+00,0.000000e+00
3.400000e+01,1.800000e+01,0.0,1.000000e+00,0.000000e+00,0.000000e+00
3.600000e+01,1.800000e+01,0.0,1.000000e+00,0.000000e+00,0.000000e+00
3.800000e+01,1.800000e+01,0.0,1.000000e+00,0.000000e+00,0.000000e+00
4.000000e+01,1.800000e+01,0.0,1.000000e+00,0.000000e+00,0.000000e+00
4.200000e+01,1.800000e+01,0.0,1.000000e+00,0.000000e+00,0.000000e+00
4.400000e+01,1.800000e+01,0.0,1.000000e+00,0.000000e+00,0.000000e+00
4.600000e+01,1.800000e+01,0.0,1.000000e+00,0.000000e+00,0.000000e+00
4.800000e+01,1.800000e+01,0.0,1.000000e+00,0.000000e+00,0.000000e+00
5.000000e+01,1.800000e+01,0.0,1.000000e+00,0.000000e+00,0.000000e+00
5.200000e+01,1.800000e+01,0.0,1.000000e+00,0.000000e+00,0.000000e+00
5.400000e+01,1.800000e+01,0.0,1.000000e+00,0.000000e+00,0.000000e+00
5.600000e+01,1.800000e+01,0.0,1.000000e+00,0.000000e+00,0.000000e+00
5.800000e+01,1.800000e+01,0.0,1.000000e+00,0.000000e+00,0.000000e+00
6.000000e+01,1.800000e+01,0.0,1.000000e+00,0.000000e+00,0.000000e+00
6.200000e+01,1.800000e+01,0.0,1.000000e+00,0.000000e+00,0.000000e+00
6.400000e+01,1.800000e+01,0.0,1.000000e+00,0.000000e+00,0.000000e+00
6.600000e+01,1.800000e+01,0.0,1.000000e+00,0.000000e+00,0.000000e+00
6.800000e+01,1.800000e+01,0.0,1.000000e+00,0.000000e+00,0.000000e+00
7.000000e+01,1.800000e+01,0.0,1.000000e+00,0.000000e+00,0.000000e+00
7.200000e+01,1.800000e+01,0.0,1.000000e+00,0.000000e+00,0.000000e+00
7.400000e+01,1.800000e+01,0.0,1.000000e+00,0.000000e+00,0.000000e+00
7.600000e+01,1.800000e+01,0.0,1.000000e+00,0.000000e+00,0.000000e+00
7.800000e+01,1.800000e+01,0.0,1.000000e+00,0.000000e+00,0.000000e+00
8.000000e+01,1.800000e+01,0.0,1.000000e+00,0.000000e+00,0.000000e+00
8.200000e+01,1.800000e+01,0.0,1.000000e+00,0.000000e+00,0.000000e+00
8.400000e+01,1.800000e+01,0.0,1.000000e+00,0.000000e+00,0.000000e+00
8.600000e+01,1.800000e+01,0.0,1.000000e+00,0.000000e+00,0.000000e+00
8.800000e+01,1.800000e+01,0.0,1.000000e+00,0.000000e+00,0.000000e+00
9.000000e+01,1.800000e+01,0.0,1.000000e+00,0.000000e+00,0.000000e+00
9.200000e+01,1.800000e+01,0.0,1.000000e+00,0.000000e+00,0.000000e+00
9.400000e+01,1.800000e+01,0.0,1.000000e+00,0.000000e+00,0.000000e+00
9.600000e+01,1.800000e+01,0.0,1.000000e+00,0.000000e+00,0.000000e+00
9.800000e+01,1.800000e+01,0.0,1.000000e+00,0.000000e+00,0.000000e+00
1.000000e+02,1.800000e+01,0.0,1.000000e+00,0.000000e+00,0.000000e+00
1.020000e+02,1.800000e+01,0.0,1.000000e+00,0.000000e+00,0.000000e+00
1.040000e+02,1.800000e+01,0.0,1.000000e+00,0.000000e+00,0.000000e+00
1.060000e+02,1.800000e+01,0.0,1.000000e+00,0.000000e+00,0.000000e+00
1.080000e+02,1.800000e+01,0.0,1.000000e+00,0.000000e+00,0.000000e+00
1.100000e+02,1.800000e+01,0.0,1.000000e+00,0.000000e+00,0.000000e+00
1.120000e+02,1.800000e+01,0.0,1.000000e+00,0.000000e+00,0.000000e+00
1.140000e+02,1.800000e+01,0.0,1.000000e+00,0.000000e+00,0.000000e+00
1.160000e+02,1.800000e+01,0.0,1.000000e+00,0.000000e+00,0.000000e+00
1.180000e+02,1.800000e+01,0.0,1.000000e+00,0.000000e+00,0.000000e+00
1.200000e+02,1.800000e+01,0.0,1.000000e+00,0.000000e+00,0.000000e+00
1.220000e+02,1.800000e+01,0.0,1.000000e+00,0.000000e+00,0.000000e+00
1.240000e+02,1.800000e+01,0.0,1.000000e+00,0.000000e+00,0.000000e+00
1.260000e+02,1.800000e+01,0.0,1.000000e+00,0.000000e+00,0.000000e+00
1.280000e+02,1.800000e+01,0.0,1.000000e+00,0.000000e+00,0.000000e+00
1.300000e+02,1.800000e+01,0.0,1.000000e+00,0.000000e+00,0.000000e+00
1.320000e+02,1.800000e+01,0.0,1.000000e+00,0.000000e+00,0.000000e+00
1.340000e+02,1.800000e+01,0.0,1.000000e+00,0.000000e+00,0.000000e+00
1.360000e+02,1.800000e+01,0.0,1.000000e+00,0.000000e+00,0.000000e+00
1.380000e+02,1.800000e+01,0.0,1.000000e+00,0.000000e+00,0.000000e+00
1.400000e+02,1.800000e+01,0.0,1.000000e+00,0.000000e+00,0.000000e+00
1.420000e+02,1.800000e+01,0.0,1.000000e+00,0.000000e+00,0.000000e+00
1.440000e+02,1.800000e+01,0.0,1.000000e+00,0.000000e+00,0.000000e+00
1.460000e+02,1.800000e+01,0.0,1.000000e+00,0.000000e+00,0.000000e+00
1.480000e+02,1.800000e+01,0.0,1.000000e+00,0.000000e+00,0.000000e+00
1.500000e+02,1.800000e+01,0.0,1.000000e+00,0.000000e+00,0.000000e+00
1.520000e+02,1.800000e+01,0.0,1.000000e+00,0.000000e+00,0.000000e+00
1.540000e+02,1.800000e+01,0.0,1.000000e+00,0.000000e+00,0.000000e+00
1.560000e+02,1.800000e+01,0.0,1.000000e+00,0.000000e+00,0.000000e+00
1.580000e+02,1.800000e+01,0.0,1.000000e+00,0.000000e+00,0.000000e+00
1.600000e+02,1.800000e+01,0.0,1.000000e+00,0.000000e+00,0.000000e+00
1.620000e+02,1.800000e+01,0.0,1.000000e+00,0.000000e+00,0.000000e+00
1.640000e+02,1.800000e+01,0.0,1.000000e+00,0.000000e+00,0.000000e+00
1.660000e+02,1.800000e+01,0.0,1.000000e+00,0.000000e+00,0.000000e+00
1.680000e+02,1.800000e+01,0.0,1.000000e+00,0.000000e+00,0.000000e+00
1.700000e+02,1.800000e+01,0.0,1.000000e+00,0.000000e+00,0.000000e+00
1.720000e+02,1.800000e+01,0.0,1.000000e+00,0.000000e+00,0.000000e+00
1.740000e+02,1.800000e+01,0.0,1.000000e+00,0.000000e+00,0.000000e+00
1.760000e+02,1.800000e+01,0.0,1.000000e+00,0.000000e+00,0.000000e+00
1.780000e+02,1.800000e+01,0.0,1.000000e+00,0.000000e+00,0.000000e+00
1.800000e+02,1.800000e+01,0.0,1.000000e+00,0.000000e+00,0.000000e+00
1.820000e+02,1.800000e+01,0.0,1.000000e+00,0.000000e+00,0.000000e+00
1.840000e+02,1.800000e+01,0.0,1.000000e+00,0.000000e+00,0.000000e+00
1.860000e+02,1.800000e+01,0.0,1.000000e+00,0.000000e+00,0.000000e+00
1.880000e+02,1.800000e+01,0.0,1.000000e+00,0.000000e+00,0.000000e+00
1.900000e+02,1.800000e+01,0.0,1.000000e+00,0.000000e+00,0.000000e+00
1.920000e+02,1.800000e+01,0.0,1.000000e+00,0.000000e+00,0.000000e+00
1.940000e+02,1.800000e+01,0.0,1.000000e+00,0.000000e+00,0.000000e+00
1.960000e+02,1.800000e+01,0.0,1.000000e+00,0.000000e+00,0.000000e+00
1.980000e+02,1.800000e+01,0.0,1.000000e+00,0.000000e+00,0.000000e+00
2.000000e+02,1.800000e+01,0.0,1.000000e+00,0.000000e+00,0.000000e+00
0.000000e+00,2.000000e+01,0.0,1.000000e+00,0.000000e+00,0.000000e+00
2.000000e+00,2.000000e+01,0.0,1.000000e+00,0.000000e+00,0.000000e+00
4.000000e+00,2.000000e+01,0.0,1.000000e+00,0.000000e+00,0.000000e+00
6.000000e+00,2.000000e+01,0.0,1.000000e+00,0.000000e+00,0.000000e+00
8.000000e+00,2.000000e+01,0.0,1.000000e+00,0.000000e+00,0.000000e+00
1.000000e+01,2.000000e+01,0.0,1.000000e+00,0.000000e+00,0.000000e+00
1.200000e+01,2.000000e+01,0.0,1.000000e+00,0.000000e+00,0.000000e+00
1.400000e+01,2.000000e+01,0.0,1.000000e+00,0.000000e+00,0.000000e+00
1.600000e+01,2.000000e+01,0.0,1.000000e+00,0.000000e+00,0.000000e+00
1.800000e+01,2.000000e+01,0.0,1.000000e+00,0.000000e+00,0.000000e+00
2.000000e+01,2.000000e+01,0.0,1.000000e+00,0.000000e+00,0.000000e+00
2.200000e+01,2.000000e+01,0.0,1.000000e+00,0.000000e+00,0.000000e+00
2.400000e+01,2.000000e+01,0.0,1.000000e+00,0.000000e+00,0.000000e+00
2.600000e+01,2.000000e+01,0.0,1.000000e+00,0.000000e+00,0.000000e+00
2.800000e+01,2.000000e+01,0.0,1.000000e+00,0.000000e+00,0.000000e+00
3.000000e+01,2.000000e+01,0.0,1.000000e+00,0.000000e+00,0.000000e+00
3.200000e+01,2.000000e+01,0.0,1.000000e+00,0.000000e+00,0.000000e+00
3.400000e+01,2.000000e+01,0.0,1.000000e+00,0.000000e+00,0.000000e+00
3.600000e+01,2.000000e+01,0.0,1.000000e+00,0.000000e+00,0.000000e+00
3.800000e+01,2.000000e+01,0.0,1.000000e+00,0.000000e+00,0.000000e+00
4.000000e+01,2.000000e+01,0.0,1.000000e+00,0.000000e+00,0.000000e+00
4.200000e+01,2.000000e+01,0.0,1.000000e+00,0.000000e+00,0.000000e+00
4.400000e+01,2.000000e+01,0.0,1.000000e+00,0.000000e+00,0.000000e+00
4.600000e+01,2.000000e+01,0.0,1.000000e+00,0.000000e+00,0.000000e+00
4.800000e+01,2.000000e+01,0.0,1.000000e+00,0.000000e+00,0.000000e+00
5.000000e+01,2.000000e+01,0.0,1.000000e+00,0.000000e+00,0.000000e+00
5.200000e+01,2.000000e+01,0.0,1.000000e+00,0.000000e+00,0.000000e+00
5.400000e+01,2.000000e+01,0.0,1.000000e+00,0.000000e+00,0.000000e+00
5.600000e+01,2.000000e+01,0.0,1.000000e+00,0.000000e+00,0.000000e+00
5.800000e+01,2.000000e+01,0.0,1.000000e+00,0.000000e+00,0.000000e+00
6.000000e+01,2.000000e+01,0.0,1.000000e+00,0.000000e+00,0.000000e+00
6.200000e+01,2.000000e+01,0.0,1.000000e+00,0.000000e+00,0.000000e+00
6.400000e+01,2.000000e+01,0.0,1.000000e+00,0.000000e+00,0.000000e+00
6.600000e+01,2.000000e+01,0.0,1.000000e+00,0.000000e+00,0.000000e+00
6.800000e+01,2.000000e+01,0.0,1.000000e+00,0.000000e+00,0.000000e+00
7.000000e+01,2.000000e+01,0.0,1.000000e+00,0.000000e+00,0.000000e+00
7.200000e+01,2.000000e+01,0.0,1.000000e+00,0.000000e+00,0.000000e+00
7.400000e+01,2.000000e+01,0.0,1.000000e+00,0.000000e+00,0.000000e+00
7.600000e+01,2.000000e+01,0.0,1.000000e+00,0.000000e+00,0.000000e+00
7.800000e+01,2.000000e+01,0.0,1.000000e+00,0.000000e+00,0.000000e+00
8.000000e+01,2.000000e+01,0.0,1.000000e+00,0.000000e+00,0.000000e+00
8.200000e+01,2.000000e+01,0.0,1.000000e+00,0.000000e+00,0.000000e+00
8.400000e+01,2.000000e+01,0.0,1.000000e+00,0.000000e+00,0.000000e+00
8.600000e+01,2.000000e+01,0.0,1.000000e+00,0.000000e+00,0.000000e+00
8.800000e+01,2.000000e+01,0.0,1.000000e+00,0.000000e+00,0.000000e+00
9.000000e+01,2.000000e+01,0.0,1.000000e+00,0.000000e+00,0.000000e+00
9.200000e+01,2.000000e+01,0.0,1.000000e+00,-2.427109e-56,0.000000e+00
9.400000e+01,2.000000e+01,0.0,1.000000e+00,-3.860901e-54,0.000000e+00
9.600000e+01,2.000000e+01,0.0,1.000000e+00,8.370723e-54,0.000000e+00
9.800000e+01,2.000000e+01,0.0,1.000000e+00,7.027915e-55,0.000000e+00
1.000000e+02,2.000000e+01,0.0,1.000000e+00,1.449445e-115,0.000000e+00
1.020000e+02,2.000000e+01,0.0,1.000000e+00,-7.027915e-55,0.000000e+00
1.040000e+02,2.000000e+01,0.0,1.000000e+00,-8.370723e-54,0.000000e+00
1.060000e+02,2.000000e+01,0.0,1.000000e+00,3.860901e-54,0.000000e+00
1.080000e+02,2.000000e+01,0.0,1.000000e+00,2.427109e-56,0.000000e+00
1.100000e+02,2.000000e+01,0.0,1.000000e+00,0.000000e+00,0.000000e+00
1.120000e+02,2.000000e+01,0.0,1.000000e+00,0.000000e+00,0.000000e+00
1.140000e+02,2.000000e+01,0.0,1.000000e+00,0.000000e+00,0.000000e+00
1.160000e+02,2.000000e+01,0.0,1.000000e+00,0.000000e+00,0.000000e+00
1.180000e+02,2.000000e+01,0.0,1.000000e+00,0.000000e+00,0.000000e+00
1.200000e+02,2.000000e+01,0.0,1.000000e+00,0.000000e+00,0.000000e+00
1.220000e+02,2.000000e+01,0.0,1.000000e+00,0.000000e+00,0.000000e+00
1.240000e+02,2.000000e+01,0.0,1.000000e+00,0.000000e+00,0.000000e+00
1.260000e+02,2.000000e+01,0.0,1.000000e+00,0.000000e+00,0.000000e+00
1.280000e+02,2.000000e+01,0.0,1.000000e+00,0.000000e+00,0.000000e+00
1.300000e+02,2.000000e+01,0.0,1.000000e+00,0.000000e+00,0.000000e+00
1.320000e+02,2.000000e+01,0.0,1.000000e+00,0.000000e+00,0.000000e+00
1.340000e+02,2.000000e+01,0.0,1.000000e+00,0.000000e+00,0.000000e+00
1.360000e+02,2.000000e+01,0.0,1.000000e+00,0.000000e+00,0.000000e+00
1.380000e+02,2.000000e+01,0.0,1.000000e+00,0.000000e+00,0.000000e+00
1.400000e+02,2.000000e+01,0.0,1.000000e+00,0.000000e+00,0.000000e+00
1.420000e+02,2.000000e+01,0.0,1.000000e+00,0.000000e+00,0.000000e+00
1.440000e+02,2.000000e+01,0.0,1.000000e+00,0.000000e+00,0.000000e+00
1.460000e+02,2.000000e+01,0.0,1.000000e+00,0.000000e+00,0.000000e+00
1.480000e+02,2.000000e+01,0.0,1.000000e+00,0.000000e+00,0.000000e+00
1.500000e+02,2.000000e+01,0.0,1.000000e+00,0.000000e+00,0.000000e+00
1.520000e+02,2.000000e+01,0.0,1.000000e+00,0.000000e+00,0.000000e+00
1.540000e+02,2.000000e+01,0.0,1.000000e+00,0.000000e+00,0.000000e+00
1.560000e+02,2.000000e+01,0.0,1.000000e+00,0.000000e+00,0.000000e+00
1.580000e+02,2.000000e+01,0.0,1.000000e+00,0.000000e+00,0.000000e+00
1.600000e+02,2.000000e+01,0.0,1.000000e+00,0.000000e+00,0.000000e+00
1.620000e+02,2.000000e+01,0.0,1.000000e+00,0.000000e+00,0.000000e+00
1.640000e+02,2.000000e+01,0.0,1.000000e+00,0.000000e+00,0.000000e+00
1.660000e+02,2.000000e+01,0.0,1.000000e+00,0.000000e+00,0.000000e+00
1.680000e+02,2.000000e+01,0.0,1.000000e+00,0.000000e+00,0.000000e+00
1.700000e+02,2.000000e+01,0.0,1.000000e+00,0.000000e+00,0.000000e+00
1.720000e+02,2.000000e+01,0.0,1.000000e+00,0.000000e+00,0.000000e+00
1.740000e+02,2.000000e+01,0.0,1.000000e+00,0.000000e+00,0.000000e+00
1.760000e+02,2.000000e+01,0.0,1.000000e+00,0.000000e+00,0.000000e+00
1.780000e+02,2.000000e+01,0.0,1.000000e+00,0.000000e+00,0.000000e+00
1.800000e+02,2.000000e+01,0.0,1.000000e+00,0.000000e+00,0.000000e+00
1.820000e+02,2.000000e+01,0.0,1.000000e+00,0.000000e+00,0.000000e+00
1.840000e+02,2.000000e+01,0.0,1.000000e+00,0.000000e+00,0.000000e+00
1.860000e+02,2.000000e+01,0.0,1.000000e+00,0.000000e+00,0.000000e+00
1.880000e+02,2.000000e+01,0.0,1.000000e+00,0.000000e+00,0.000000e+00
1.900000e+02,2.000000e+01,0.0,1.000000e+00,0.000000e+00,0.000000e+00
1.920000e+02,2.000000e+01,0.0,1.000000e+00,0.000000e+00,0.000000e+00
1.940000e+02,2.000000e+01,0.0,1.000000e+00,0.000000e+00,0.000000e+00
1.960000e+02,2.000000e+01,0.0,1.000000e+00,0.000000e+00,0.000000e+00
1.980000e+02,2.000000e+01,0.0,1.000000e+00,0.000000e+00,0.000000e+00
2.000000e+02,2.000000e+01,0.0,1.000000e+00,0.000000e+00,0.000000e+00
0.000000e+00,2.200000e+01,0.0,1.000000e+00,0.000000e+00,0.000000e+00
2.000000e+00,2.200000e+01,0.0,1.000000e+00,0.000000e+00,0.000000e+00
4.000000e+00,2.200000e+01,0.0,1.000000e+00,0.000000e+00,0.000000e+00
6.000000e+00,2.200000e+01,0.0,1.000000e+00,0.000000e+00,0.000000e+00
8.000000e+00,2.200000e+01,0.0,1.000000e+00,0.000000e+00,0.000000e+00
1.000000e+01,2.200000e+01,0.0,1.000000e+00,0.000000e+00,0.000000e+00
1.200000e+01,2.200000e+01,0.0,1.000000e+00,0.000000e+00,0.000000e+00
1.400000e+01,2.200000e+01,0.0,1.000000e+00,0.000000e+00,0.000000e+00
1.600000e+01,2.200000e+01,0.0,1.000000e+00,0.000000e+00,0.000000e+00
1.800000e+01,2.200000e+01,0.0,1.000000e+00,0.000000e+00,0.000000e+00
2.000000e+01,2.200000e+01,0.0,1.000000e+00,0.000000e+00,0.000000e+00
2.200000e+01,2.200000e+01,0.0,1.000000e+00,0.000000e+00,0.000000e+00
2.400000e+01,2.200000e+01,0.0,1.000000e+00,0.000000e+00,0.000000e+00
2.600000e+01,2.200000e+01,0.0,1.000000e+00,0.000000e+00,0.000000e+00
2.800000e+01,2.200000e+01,0.0,1.000000e+00,0.000000e+00,0.000000e+00
3.000000e+01,2.200000e+01,0.0,1.000000e+00,0.000000e+00,0.000000e+00
3.200000e+01,2.200000e+01,0.0,1.000000e+00,0.000000e+00,0.000000e+00
3.400000e+01,2.200000e+01,0.0,1.000000e+00,0.000000e+00,0.000000e+00
3.600000e+01,2.200000e+01,0.0,1.000000e+00,0.000000e+00,0.000000e+00
3.800000e+01,2.200000e+01,0.0,1.000000e+00,0.000000e+00,0.000000e+00
4.000000e+01,2.200000e+01,0.0,1.000000e+00,0.000000e+00,0.000000e+00
4.200000e+01,2.200000e+01,0.0,1.000000e+00,0.000000e+00,0.000000e+00
4.400000e+01,2.200000e+01,0.0,1.000000e+00,0.000000e+00,0.000000e+00
4.600000e+01,2.200000e+01,0.0,1.000000e+00,0.000000e+00,0.000000e+00
4.800000e+01,2.200000e+01,0.0,1.000000e+00,0.000000e+00,0.000000e+00
5.000000e+01,2.200000e+01,0.0,1.000000e+00,0.000000e+00,0.000000e+00
5.200000e+01,2.200000e+01,0.0,1.000000e+00,0.000000e+00,0.000000e+00
5.400000e+01,2.200000e+01,0.0,1.000000e+00,0.000000e+00,0.000000e+00
5.600000e+01,2.200000e+01,0.0,1.000000e+00,0.000000e+00,0.000000e+00
5.800000e+01,2.200000e+01,0.0,1.000000e+00,0.000000e+00,0.000000e+00
6.000000e+01,2.200000e+01,0.0,1.000000e+00,0.000000e+00,0.000000e+00
6.200000e+01,2.200000e+01,0.0,1.000000e+00,0.000000e+00,0.000000e+00
6.400000e+01,2.200000e+01,0.0,1.000000e+00,0.000000e+00,0.000000e+00
6.600000e+01,2.200000e+01,0.0,1.000000e+00,0.000000e+00,0.000000e+00
6.800000e+01,2.200000e+01,0.0,1.000000e+00,0.000000e+00,0.000000e+00
7.000000e+01,2.200000e+01,0.0,1.000000e+00,0.000000e+00,0.000000e+00
7.200000e+01,2.200000e+01,0.0,1.000000e+00,0.000000e+00,0.000000e+00
7.400000e+01,2.200000e+01,0.0,1.000000e+00,0.000000e+00,0.000000e+00
7.600000e+01,2.200000e+01,0.0,1.000000e+00,0.000000e+00,0.000000e+00
7.800000e+01,2.200000e+01,0.0,1.000000e+00,0.000000e+00,0.000000e+00
8.000000e+01,2.200000e+01,0.0,1.000000e+00,0.000000e+00,0.000000e+00
8.200000e+01,2.200000e+01,0.0,1.000000e+00,-5.949376e-55,0.000000e+00
8.400000e+01,2.200000e+01,0.0,1.000000e+00,-7.838137e-53,0.000000e+00
8.600000e+01,2.200000e+01,0.0,1.000000e+00,-1.080728e-50,0.000000e+00
8.800000e+01,2.200000e+01,0.0,1.000000e+00,-7.421351e-35,0.000000e+00
9.000000e+01,2.200000e+01,0.0,1.000000e+00,-1.654457e-33,-3.271078e-17
9.200000e+01,2.200000e+01,0.0,1.000000e+00,-4.993008e-33,-8.177402e-17
9.400000e+01,2.200000e+01,0.0,1.000000e+00,-2.738998e-33,-1.798700e-16
9.600000e+01,2.200000e+01,0.0,1.000000e+00,7.137277e-33,-1.798700e-16
9.800000e+01,2.200000e+01,0.0,1.000000e+00,1.822554e-33,-4.905562e-17
1.000000e+02,2.200000e+01,0.0,1.000000e+00,3.917690e-91,-4.905562e-17
1.020000e+02,2.200000e+01,0.0,1.000000e+00,-1.822554e-33,-4.905562e-17
1.040000e+02,2.200000e+01,0.0,1.000000e+00,-7.137277e-33,-1.798700e-16
1.060000e+02,2.200000e+01,0.0,1.000000e+00,2.738998e-33,-1.798700e-16
1.080000e+02,2.200000e+01,0.0,1.000000e+00,4.993008e-33,-8.177402e-17
1.100000e+02,2.200000e+01,0.0,1.000000e+00,1.654457e-33,-3.271078e-17
1.120000e+02,2.200000e+01,0.0,1.000000e+00,7.421351e-35,0.000000e+00
1.140000e+02,2.200000e+01,0.0,1.000000e+00,1.080728e-50,0.000000e+00
1.160000e+02,2.200000e+01,0.0,1.000000e+00,7.838137e-53,0.000000e+00
1.180000e+02,2.200000e+01,0.0,1.000000e+00,5.949376e-55,0.000000e+00
1.200000e+02,2.200000e+01,0.0,1.000000e+00,0.000000e+00,0.000000e+00
1.220000e+02,2.200000e+01,0.0,1.000000e+00,0.000000e+00,0.000000e+00
1.240000e+02,2.200000e+01,0.0,1.000000e+00,0.000000e+00,0.000000e+00
1.260000e+02,2.200000e+01,0.0,1.000000e+00,0.000000e+00,0.000000e+00
1.280000e+02,2.200000e+01,0.0,1.000000e+00,0.000000e+00,0.000000e+00
1.300000e+02,2.200000e+01,0.0,1.000000e+00,0.000000e+00,0.000000e+00
1.320000e+02,2.200000e+01,0.0,1.000000e+00,0.000000e+00,0.000000e+00
1.340000e+02,2.200000e+01,0.0,1.000000e+00,0.000000e+00,0.000000e+00
1.360000e+02,2.200000e+01,0.0,1.000000e+00,0.000000e+00,0.000000e+00
1.380000e+02,2.200000e+01,0.0,1.000000e+00,0.000000e+00,0.000000e+00
1.400000e+02,2.200000e+01,0.0,1.000000e+00,0.000000e+00,0.000000e+00
1.420000e+02,2.200000e+01,0.0,1.000000e+00,0.000000e+00,0.000000e+00
1.440000e+02,2.200000e+01,0.0,1.000000e+00,0.000000e+00,0.000000e+00
1.460000e+02,2.200000e+01,0.0,1.000000e+00,0.000000e+00,0.000000e+00
1.480000e+02,2.200000e+01,0.0,1.000000e+00,0.000000e+00,0.000000e+00
1.500000e+02,2.200000e+01,0.0,1.000000e+00,0.000000e+00,0.000000e+00
1.520000e+02,2.200000e+01,0.0,1.000000e+00,0.000000e+00,0.000000e+00
1.540000e+02,2.200000e+01,0.0,1.000000e+00,0.000000e+00,0.000000e+00
1.560000e+02,2.200000e+01,0.0,1.000000e+00,0.000000e+00,0.000000e+00
1.580000e+02,2.200000e+01,0.0,1.000000e+00,0.000000e+00,0.000000e+00
1.600000e+02,2.200000e+01,0.0,1.000000e+00,0.000000e+00,0.000000e+00
1.620000e+02,2.200000e+01,0.0,1.000000e+00,0.000000e+00,0.000000e+00
1.640000e+02,2.200000e+01,0.0,1.000000e+00,0.000000e+00,0.000000e+00
1.660000e+02,2.200000e+01,0.0,1.000000e+00,0.000000e+00,0.000000e+00
1.680000e+02,2.200000e+01,0.0,1.000000e+00,0.000000e+00,0.000000e+00
1.700000e+02,2.200000e+01,0.0,1.000000e+00,0.000000e+00,0.000000e+00
1.720000e+02,2.200000e+01,0.0,1.000000e+00,0.000000e+00,0.000000e+00
1.740000e+02,2.200000e+01,0.0,1.000000e+00,0.000000e+00,0.000000e+00
1.760000e+02,2.200000e+01,0.0,1.000000e+00,0.000000e+00,0.000000e+00
1.780000e+02,2.200000e+01,0.0,1.000000e+00,0.000000e+00,0.000000e+00
1.800000e+02,2.200000e+01,0.0,1.000000e+00,0.000000e+00,0.000000e+00
1.820000e+02,2.200000e+01,0.0,1.000000e+00,0.000000e+00,0.000000e+00
1.840000e+02,2.200000e+01,0.0,1.000000e+00,0.000000e+00,0.000000e+00
1.860000e+02,2.200000e+01,0.0,1.000000e+00,0.000000e+00,0.000000e+00
1.880000e+02,2.200000e+01,0.0,1.000000e+00,0.000000e+00,0.000000e+00
1.900000e+02,2.200000e+01,0.0,1.000000e+00,0.000000e+00,0.000000e+00
1.920000e+02,2.200000e+01,0.0,1.000000e+00,0.000000e+00,0.000000e+00
1.940000e+02,2.200000e+01,0.0,1.000000e+00,0.000000e+00,0.000000e+00
1.960000e+02,2.200000e+01,0.0,1.000000e+00,0.000000e+00,0.000000e+00
1.980000e+02,2.200000e+01,0.0,1.000000e+00,0.000000e+00,0.000000e+00
2.000000e+02,2.200000e+01,0.0,1.000000e+00,0.000000e+00,0.000000e+00
0.000000e+00,2.400000e+01,0.0,1.000000e+00,0.000000e+00,0.000000e+00
2.000000e+00,2.400000e+01,0.0,1.000000e+00,0.000000e+00,0.000000e+00
4.000000e+00,2.400000e+01,0.0,1.000000e+00,0.000000e+00,0.000000e+00
6.000000e+00,2.400000e+01,0.0,1.000000e+00,0.000000e+00,0.000000e+00
8.000000e+00,2.400000e+01,0.0,1.000000e+00,0.000000e+00,0.000000e+00
1.000000e+01,2.400000e+01,0.0,1.000000e+00,0.000000e+00,0.000000e+00
1.200000e+01,2.400000e+01,0.0,1.000000e+00,0.000000e+00,0.000000e+00
1.400000e+01,2.400000e+01,0.0,1.000000e+00,0.000000e+00,0.000000e+00
1.600000e+01,2.400000e+01,0.0,1.000000e+00,0.000000e+00,0.000000e+00
1.800000e+01,2.400000e+01,0.0,1.000000e+00,0.000000e+00,0.000000e+00
2.000000e+01,2.400000e+01,0.0,1.000000e+00,0.000000e+00,0.000000e+00
2.200000e+01,2.400000e+01,0.0,1.000000e+00,0.000000e+00,0.000000e+00
2.400000e+01,2.400000e+01,0.0,1.000000e+00,0.000000e+00,0.000000e+00
2.600000e+01,2.400000e+01,0.0,1.000000e+00,0.000000e+00,0.000000e+00
2.800000e+01,2.400000e+01,0.0,1.000000e+00,0.000000e+00,0.000000e+00
3.000000e+01,2.400000e+01,0.0,1.000000e+00,0.000000e+00,0.000000e+00
3.200000e+01,2.400000e+01,0.0,1.000000e+00,0.000000e+00,0.000000e+00
3.400000e+01,2.400000e+01,0.0,1.000000e+00,0.000000e+00,0.000000e+00
3.600000e+01,2.400000e+01,0.0,1.000000e+00,0.000000e+00,0.000000e+00
3.800000e+01,2.400000e+01,0.0,1.000000e+00,0.000000e+00,0.000000e+00
4.000000e+01,2.400000e+01,0.0,1.000000e+00,0.000000e+00,0.000000e+00
4.200000e+01,2.400000e+01,0.0,1.000000e+00,0.000000e+00,0.000000e+00
4.400000e+01,2.400000e+01,0.0,1.000000e+00,0.000000e+00,0.000000e+00
4.600000e+01,2.400000e+01,0.0,1.000000e+00,0.000000e+00,0.000000e+00
4.800000e+01,2.400000e+01,0.0,1.000000e+00,0.000000e+00,0.000000e+00
5.000000e+01,2.400000e+01,0.0,1.000000e+00,0.000000e+00,0.000000e+00
5.200000e+01,2.400000e+01,0.0,1.000000e+00,0.000000e+00,0.000000e+00
5.400000e+01,2.400000e+01,0.0,1.000000e+00,0.000000e+00,0.000000e+00
5.600000e+01,2.400000e+01,0.0,1.000000e+00,0.000000e+00,0.000000e+00
5.800000e+01,2.400000e+01,0.0,1.000000e+00,0.000000e+00,0.000000e+00
6.000000e+01,2.400000e+01,0.0,1.000000e+00,0.000000e+00,0.000000e+00
6.200000e+01,2.400000e+01,0.0,1.000000e+00,0.000000e+00,0.000000e+00
6.400000e+01,2.400000e+01,0.0,1.000000e+00,0.000000e+00,0.000000e+00
6.600000e+01,2.400000e+01,0.0,1.000000e+00,0.000000e+00,0.000000e+00
6.800000e+01,2.400000e+01,0.0,1.000000e+00,0.000000e+00,0.000000e+00
7.000000e+01,2.400000e+01,0.0,1.000000e+00,0.000000e+00,0.000000e+00
7.200000e+01,2.400000e+01,0.0,1.000000e+00,0.000000e+00,0.000000e+00
7.400000e+01,2.400000e+01,0.0,1.000000e+00,0.000000e+00,0.000000e+00
7.600000e+01,2.400000e+01,0.0,1.000000e+00,0.000000e+00,0.000000e+00
7.800000e+01,2.400000e+01,0.0,1.000000e+00,-5.584302e-52,0.000000e+00
8.000000e+01,2.400000e+01,0.0,1.000000e+00,-7.452395e-49,0.000000e+00
8.200000e+01,2.400000e+01,0.0,1.000000e+00,-1.740160e-33,-4.905562e-17
8.400000e+01,2.400000e+01,0.0,1.000000e+00,-2.810236e-32,-1.798387e-16
8.600000e+01,2.400000e+01,0.0,1.000000e+00,1.635539e-17,-9.483305e-16
8.800000e+01,2.400000e+01,0.0,1.000000e+00,-2.452887e-16,-5.853401e-15
9.000000e+01,2.400000e+01,0.0,1.000000e+00,-1.046496e-15,-2.858179e-14
9.200000e+01,2.400000e+01,0.0,1.000000e+00,-1.520768e-15,-8.170944e-14
9.400000e+01,2.400000e+01,0.0,1.000000e+00,-3.433665e-16,-1.361596e-13
9.600000e+01,2.400000e+01,0.0,1.000000e+00,1.340883e-15,-1.177613e-13
9.800000e+01,2.400000e+01,0.0,1.000000e+00,1.046475e-15,-2.686439e-14
1.000000e+02,2.400000e+01,0.0,1.000000e+00,2.399678e-70,-2.985635e-14
1.020000e+02,2.400000e+01,0.0,1.000000e+00,-1.046475e-15,-2.686439e-14
1.040000e+02,2.400000e+01,0.0,1.000000e+00,-1.340883e-15,-1.177613e-13
1.060000e+02,2.400000e+01,0.0,1.000000e+00,3.433665e-16,-1.361596e-13
1.080000e+02,2.400000e+01,0.0,1.000000e+00,1.520768e-15,-8.170944e-14
1.100000e+02,2.400000e+01,0.0,1.000000e+00,1.046496e-15,-2.858179e-14
1.120000e+02,2.400000e+01,0.0,1.000000e+00,2.452887e-16,-5.853401e-15
1.140000e+02,2.400000e+01,0.0,1.000000e+00,-1.635539e-17,-9.483305e-16
1.160000e+02,2.400000e+01,0.0,1.000000e+00,2.810236e-32,-1.798387e-16
1.180000e+02,2.400000e+01,0.0,1.000000e+00,1.740160e-33,-4.905562e-17
1.200000e+02,2.400000e+01,0.0,1.000000e+00,7.452395e-49,0.000000e+00
1.220000e+02,2.400000e+01,0.0,1.000000e+00,5.584302e-52,0.000000e+00
1.240000e+02,2.400000e+01,0.0,1.000000e+00,0.000000e+00,0.000000e+00
1.260000e+02,2.400000e+01,0.0,1.000000e+00,0.000000e+00,0.000000e+00
1.280000e+02,2.400000e+01,0.0,1.000000e+00,0.000000e+00,0.000000e+00
1.300000e+02,2.400000e+01,0.0,1.000000e+00,0.000000e+00,0.000000e+00
1.320000e+02,2.400000e+01,0.0,1.000000e+00,0.000000e+00,0.000000e+00
1.340000e+02,2.400000e+01,0.0,1.000000e+00,0.000000e+00,0.000000e+00
1.360000e+02,2.400000e+01,0.0,1.000000e+00,0.000000e+00,0.000000e+00
1.380000e+02,2.400000e+01,0.0,1.000000e+00,0.000000e+00,0.000000e+00
1.400000e+02,2.400000e+01,0.0,1.000000e+00,0.000000e+00,0.000000e+00
1.420000e+02,2.400000e+01,0.0,1.000000e+00,0.000000e+00,0.000000e+00
1.440000e+02,2.400000e+01,0.0,1.000000e+00,0.000000e+00,0.000000e+00
1.460000e+02,2.400000e+01,0.0,1.000000e+00,0.000000e+00,0.000000e+00
1.480000e+02,2.400000e+01,0.0,1.000000e+00,0.000000e+00,0.000000e+00
1.500000e+02,2.400000e+01,0.0,1.000000e+00,0.000000e+00,0.000000e+00
1.520000e+02,2.400000e+01,0.0,1.000000e+00,0.000000e+00,0.000000e+00
1.540000e+02,2.400000e+01,0.0,1.000000e+00,0.000000e+00,0.000000e+00
1.560000e+02,2.400000e+01,0.0,1.000000e+00,0.000000e+00,0.000000e+00
1.580000e+02,2.400000e+01,0.0,1.000000e+00,0.000000e+00,0.000000e+00
1.600000e+02,2.400000e+01,0.0,1.000000e+00,0.000000e+00,0.000000e+00
1.620000e+02,2.400000e+01,0.0,1.000000e+00,0.000000e+00,0.000000e+00
1.640000e+02,2.400000e+01,0.0,1.000000e+00,0.000000e+00,0.000000e+00
1.660000e+02,2.400000e+01,0.0,1.000000e+00,0.000000e+00,0.000000e+00
1.680000e+02,2.400000e+01,0.0,1.000000e+00,0.000000e+00,0.000000e+00
1.700000e+02,2.400000e+01,0.0,1.000000e+00,0.000000e+00,0.000000e+00
1.720000e+02,2.400000e+01,0.0,1.000000e+00,0.000000e+00,0.000000e+00
1.740000e+02,2.400000e+01,0.0,1.000000e+00,0.000000e+00,0.000000e+00
1.760000e+02,2.400000e+01,0.0,1.000000e+00,0.000000e+00,0.000000e+00
1.780000e+02,2.400000e+01,0.0,1.000000e+00,0.000000e+00,0.000000e+00
1.800000e+02,2.400000e+01,0.0,1.000000e+00,0.000000e+00,0.000000e+00
1.820000e+02,2.400000e+01,0.0,1.000000e+00,0.000000e+00,0.000000e+00
1.840000e+02,2.400000e+01,0.0,1.000000e+00,0.000000e+00,0.000000e+00
1.860000e+02,2.400000e+01,0.0,1.000000e+00,0.000000e+00,0.000000e+00
1.880000e+02,2.400000e+01,0.0,1.000000e+00,0.000000e+00,0.000000e+00
1.900000e+02,2.400000e+01,0.0,1.000000e+00,0.000000e+00,0.000000e+00
1.920000e+02,2.400000e+01,0.0,1.000000e+00,0.000000e+00,0.000000e+00
1.940000e+02,2.400000e+01,0.0,1.000000e+00,0.000000e+00,0.000000e+00
1.960000e+02,2.400000e+01,0.0,1.000000e+00,0.000000e+00,0.000000e+00
1.980000e+02,2.400000e+01,0.0,1.000000e+00,0.000000e+00,0.000000e+00
2.000000e+02,2.400000e+01,0.0,1.000000e+00,0.000000e+00,0.000000e+00
0.000000e+00,2.600000e+01,0.0,1.000000e+00,0.000000e+00,0.000000e+00
2.000000e+00,2.600000e+01,0.0,1.000000e+00,0.000000e+00,0.000000e+00
4.000000e+00,2.600000e+01,0.0,1.000000e+00,0.000000e+00,0.000000e+00
6.000000e+00,2.600000e+01,0.0,1.000000e+00,0.000000e+00,0.000000e+00
8.000000e+00,2.600000e+01,0.0,1.000000e+00,0.000000e+00,0.000000e+00
1.000000e+01,2.600000e+01,0.0,1.000000e+00,0.000000e+00,0.000000e+00
1.200000e+01,2.600000e+01,0.0,1.000000e+00,0.000000e+00,0.000000e+00
1.400000e+01,2.600000e+01,0.0,1.000000e+00,0.000000e+00,0.000000e+00
1.600000e+01,2.600000e+01,0.0,1.000000e+00,0.000000e+00,0.000000e+00
1.800000e+01,2.600000e+01,0.0,1.000000e+00,0.000000e+00,0.000000e+00
2.000000e+01,2.600000e+01,0.0,1.000000e+00,0.000000e+00,0.000000e+00
2.200000e+01,2.600000e+01,0.0,1.000000e+00,0.000000e+00,0.000000e+00
2.400000e+01,2.600000e+01,0.0,1.000000e+00,0.000000e+00,0.000000e+00
2.600000e+01,2.600000e+01,0.0,1.000000e+00,0.000000e+00,0.000000e+00
2.800000e+01,2.600000e+01,0.0,1.000000e+00,0.000000e+00,0.000000e+00
3.000000e+01,2.600000e+01,0.0,1.000000e+00,0.000000e+00,0.000000e+00
3.200000e+01,2.600000e+01,0.0,1.000000e+00,0.000000e+00,0.000000e+00
3.400000e+01,2.600000e+01,0.0,1.000000e+00,0.000000e+00,0.000000e+00
3.600000e+01,2.600000e+01,0.0,1.000000e+00,0.000000e+00,0.000000e+00
3.800000e+01,2.600000e+01,0.0,1.000000e+00,0.000000e+00,0.000000e+00
4.000000e+01,2.600000e+01,0.0,1.000000e+00,0.000000e+00,0.000000e+00
4.200000e+01,2.600000e+01,0.0,1.000000e+00,0.000000e+00,0.000000e+00
4.400000e+01,2.600000e+01,0.0,1.000000e+00,0.000000e+00,0.000000e+00
4.600000e+01,2.600000e+01,0.0,1.000000e+00,0.000000e+00,0.000000e+00
4.800000e+01,2.600000e+01,0.0,1.000000e+00,0.000000e+00,0.000000e+00
5.000000e+01,2.600000e+01,0.0,1.000000e+00,0.000000e+00,0.000000e+00
5.200000e+01,2.600000e+01,0.0,1.000000e+00,0.000000e+00,0.000000e+00
5.400000e+01,2.600000e+01,0.0,1.000000e+00,0.000000e+00,0.000000e+00
5.600000e+01,2.600000e+01,0.0,1.000000e+00,0.000000e+00,0.000000e+00
5.800000e+01,2.600000e+01,0.0,1.000000e+00,0.000000e+00,0.000000e+00
6.000000e+01,2.600000e+01,0.0,1.000000e+00,0.000000e+00,0.000000e+00
6.200000e+01,2.600000e+01,0.0,1.000000e+00,0.000000e+00,0.000000e+00
6.400000e+01,2.600000e+01,0.0,1.000000e+00,0.000000e+00,0.000000e+00
6.600000e+01,2.600000e+01,0.0,1.000000e+00,0.000000e+00,0.000000e+00
6.800000e+01,2.600000e+01,0.0,1.000000e+00,0.000000e+00,0.000000e+00
7.000000e+01,2.600000e+01,0.0,1.000000e+00,0.000000e+00,0.000000e+00
7.200000e+01,2.600000e+01,0.0,1.000000e+00,0.000000e+00,0.000000e+00
7.400000e+01,2.600000e+01,0.0,1.000000e+00,-2.826852e-51,0.000000e+00
7.600000e+01,2.600000e+01,0.0,1.000000e+00,-1.700359e-34,-1.635539e-17
7.800000e+01,2.600000e+01,0.0,1.000000e+00,-1.938349e-31,-4.414959e-16
8.000000e+01,2.600000e+01,0.0,1.000000e+00,-8.177694e-17,-3.875254e-15
8.200000e+01,2.600000e+01,0.0,1.000000e+00,-1.013782e-15,-2.725680e-14
8.400000e+01,2.600000e+01,0.0,1.000000e+00,-3.564404e-15,-1.032709e-13
8.600000e+01,2.600000e+01,0.0,1.000000e+00,-2.096131e-14,-5.138900e-13
8.800000e+01,2.600000e+01,0.0,1.000000e+00,-1.252228e-13,-2.926657e-12
9.000000e+01,2.600000e+01,0.0,1.000000e+00,-7.415259e-13,-1.804618e-11
9.200000e+01,2.600000e+01,0.0,1.000000e+00,-1.168358e-12,-5.506736e-11
9.400000e+01,2.600000e+01,0.0,1.000000e+00,-2.470746e-13,-8.753334e-11
9.600000e+01,2.600000e+01,0.0,1.000000e+00,1.218808e-12,-6.977612e-11
9.800000e+01,2.600000e+01,0.0,1.000000e+00,5.949418e-13,-1.564862e-11
1.000000e+02,2.600000e+01,0.0,1.000000e+00,8.454698e-53,-1.749059e-11
1.020000e+02,2.600000e+01,0.0,1.000000e+00,-5.949418e-13,-1.564862e-11
1.040000e+02,2.600000e+01,0.0,1.000000e+00,-1.218808e-12,-6.977612e-11
1.060000e+02,2.600000e+01,0.0,1.000000e+00,2.470746e-13,-8.753334e-11
1.080000e+02,2.600000e+01,0.0,1.000000e+00,1.168358e-12,-5.506736e-11
1.100000e+02,2.600000e+01,0.0,1.000000e+00,7.415259e-13,-1.804618e-11
1.120000e+02,2.600000e+01,0.0,1.000000e+00,1.252228e-13,-2.926657e-12
1.140000e+02,2.600000e+01,0.0,1.000000e+00,2.096131e-14,-5.138900e-13
1.160000e+02,2.600000e+01,0.0,1.000000e+00,3.564404e-15,-1.032709e-13
1.180000e+02,2.600000e+01,0.0,1.000000e+00,1.013782e-15,-2.725680e-14
1.200000e+02,2.600000e+01,0.0,1.000000e+00,8.177694e-17,-3.875254e-15
1.220000e+02,2.600000e+01,0.0,1.000000e+00,1.938349e-31,-4.414959e-16
1.240000e+02,2.600000e+01,0.0,1.000000e+00,1.700359e-34,-1.635539e-17
1.260000e+02,2.600000e+01,0.0,1.000000e+00,2.826852e-51,0.000000e+00
1.280000e+02,2.600000e+01,0.0,1.000000e+00,0.000000e+00,0.000000e+00
1.300000e+02,2.600000e+01,0.0,1.000000e+00,0.000000e+00,0.000000e+00
1.320000e+02,2.600000e+01,0.0,1.000000e+00,0.000000e+00,0.000000e+00
1.340000e+02,2.600000e+01,0.0,1.000000e+00,0.000000e+00,0.000000e+00
1.360000e+02,2.600000e+01,0.0,1.000000e+00,0.000000e+00,0.000000e+00
1.380000e+02,2.600000e+01,0.0,1.000000e+00,0.000000e+00,0.000000e+00
1.400000e+02,2.600000e+01,0.0,1.000000e+00,0.000000e+00,0.000000e+00
1.420000e+02,2.600000e+01,0.0,1.000000e+00,0.000000e+00,0.000000e+00
1.440000e+02,2.600000e+01,0.0,1.000000e+00,0.000000e+00,0.000000e+00
1.460000e+02,2.600000e+01,0.0,1.000000e+00,0.000000e+00,0.000000e+00
1.480000e+02,2.600000e+01,0.0,1.000000e+00,0.000000e+00,0.000000e+00
1.500000e+02,2.600000e+01,0.0,1.000000e+00,0.000000e+00,0.000000e+00
1.520000e+02,2.600000e+01,0.0,1.000000e+00,0.000000e+00,0.000000e+00
1.540000e+02,2.600000e+01,0.0,1.000000e+00,0.000000e+00,0.000000e+00
1.560000e+02,2.600000e+01,0.0,1.000000e+00,0.000000e+00,0.000000e+00
1.580000e+02,2.600000e+01,0.0,1.000000e+00,0.000000e+00,0.000000e+00
1.600000e+02,2.600000e+01,0.0,1.000000e+00,0.000000e+00,0.000000e+00
1.620000e+02,2.600000e+01,0.0,1.000000e+00,0.000000e+00,0.000000e+00
1.640000e+02,2.600000e+01,0.0,1.000000e+00,0.000000e+00,0.000000e+00
1.660000e+02,2.600000e+01,0.0,1.000000e+00,0.000000e+00,0.000000e+00
1.680000e+02,2.600000e+01,0.0,1.000000e+00,0.000000e+00,0.000000e+00
1.700000e+02,2.600000e+01,0.0,1.000000e+00,0.000000e+00,0.000000e+00
1.720000e+02,2.600000e+01,0.0,1.000000e+00,0.000000e+00,0.000000e+00
1.740000e+02,2.600000e+01,0.0,1.000000e+00,0.000000e+00,0.000000e+00
1.760000e+02,2.600000e+01,0.0,1.000000e+00,0.000000e+00,0.000000e+00
1.780000e+02,2.600000e+01,0.0,1.000000e+00,0.000000e+00,0.000000e+00
1.800000e+02,2.600000e+01,0.0,1.000000e+00,0.000000e+00,0.000000e+00
1.820000e+02,2.600000e+01,0.0,1.000000e+00,0.000000e+00,0.000000e+00
1.840000e+02,2.600000e+01,0.0,1.000000e+00,0.000000e+00,0.000000e+00
1.860000e+02,2.600000e+01,0.0,1.000000e+00,0.000000e+00,0.000000e+00
1.880000e+02,2.600000e+01,0.0,1.000000e+00,0.000000e+00,0.000000e+00
1.900000e+02,2.600000e+01,0.0,1.000000e+00,0.000000e+00,0.000000e+00
1.920000e+02,2.600000e+01,0.0,1.000000e+00,0.000000e+00,0.000000e+00
1.940000e+02,2.600000e+01,0.0,1.000000e+00,0.000000e+00,0.000000e+00
1.960000e+02,2.600000e+01,0.0,1.000000e+00,0.000000e+00,0.000000e+00
1.980000e+02,2.600000e+01,0.0,1.000000e+00,0.000000e+00,0.000000e+00
2.000000e+02,2.600000e+01,0.0,1.000000e+00,0.000000e+00,0.000000e+00
0.000000e+00,2.800000e+01,0.0,1.000000e+00,0.000000e+00,0.000000e+00
2.000000e+00,2.800000e+01,0.0,1.000000e+00,0.000000e+00,0.000000e+00
4.000000e+00,2.800000e+01,0.0,1.000000e+00,0.000000e+00,0.000000e+00
6.000000e+00,2.800000e+01,0.0,1.000000e+00,0.000000e+00,0.000000e+00
8.000000e+00,2.800000e+01,0.0,1.000000e+00,0.000000e+00,0.000000e+00
1.000000e+01,2.800000e+01,0.0,1.000000e+00,0.000000e+00,0.000000e+00
1.200000e+01,2.800000e+01,0.0,1.000000e+00,0.000000e+00,0.000000e+00
1.400000e+01,2.800000e+01,0.0,1.000000e+00,0.000000e+00,0.000000e+00
1.600000e+01,2.800000e+01,0.0,1.000000e+00,0.000000e+00,0.000000e+00
1.800000e+01,2.800000e+01,0.0,1.000000e+00,0.000000e+00,0.000000e+00
2.000000e+01,2.800000e+01,0.0,1.000000e+00,0.000000e+00,0.000000e+00
2.200000e+01,2.800000e+01,0.0,1.000000e+00,0.000000e+00,0.000000e+00
2.400000e+01,2.800000e+01,0.0,1.000000e+00,0.000000e+00,0.000000e+00
2.600000e+01,2.800000e+01,0.0,1.000000e+00,0.000000e+00,0.000000e+00
2.800000e+01,2.800000e+01,0.0,1.000000e+00,0.000000e+00,0.000000e+00
3.000000e+01,2.800000e+01,0.0,1.000000e+00,0.000000e+00,0.000000e+00
3.200000e+01,2.800000e+01,0.0,1.000000e+00,0.000000e+00,0.000000e+00
3.400000e+01,2.800000e+01,0.0,1.000000e+00,0.000000e+00,0.000000e+00
3.600000e+01,2.800000e+01,0.0,1.000000e+00,0.000000e+00,0.000000e+00
3.800000e+01,2.800000e+01,0.0,1.000000e+00,0.000000e+00,0.000000e+00
4.000000e+01,2.800000e+01,0.0,1.000000e+00,0.000000e+00,0.000000e+00
4.200000e+01,2.800000e+01,0.0,1.000000e+00,0.000000e+00,0.000000e+00
4.400000e+01,2.800000e+01,0.0,1.000000e+00,0.000000e+00,0.000000e+00
4.600000e+01,2.800000e+01,0.0,1.000000e+00,0.000000e+00,0.000000e+00
4.800000e+01,2.800000e+01,0.0,1.000000e+00,0.000000e+00,0.000000e+00
5.000000e+01,2.800000e+01,0.0,1.000000e+00,0.000000e+00,0.000000e+00
5.200000e+01,2.800000e+01,0.0,1.000000e+00,0.000000e+00,0.000000e+00
5.400000e+01,2.800000e+01,0.0,1.000000e+00,0.000000e+00,0.000000e+00
5.600000e+01,2.800000e+01,0.0,1.000000e+00,0.000000e+00,0.000000e+00
5.800000e+01,2.800000e+01,0.0,1.000000e+00,0.000000e+00,0.000000e+00
6.000000e+01,2.800000e+01,0.0,1.000000e+00,0.000000e+00,0.000000e+00
6.200000e+01,2.800000e+01,0.0,1.000000e+00,0.000000e+00,0.000000e+00
6.400000e+01,2.800000e+01,0.0,1.000000e+00,0.000000e+00,0.000000e+00
6.600000e+01,2.800000e+01,0.0,1.000000e+00,0.000000e+00,0.000000e+00
6.800000e+01,2.800000e+01,0.0,1.000000e+00,0.000000e+00,0.000000e+00
7.000000e+01,2.800000e+01,0.0,1.000000e+00,-1.900148e-51,0.000000e+00
7.200000e+01,2.800000e+01,0.0,1.000000e+00,-4.045304e-34,-1.635539e-17
7.400000e+01,2.800000e+01,0.0,1.000000e+00,-7.314112e-31,-8.012515e-16
7.600000e+01,2.800000e+01,0.0,1.000000e+00,-6.050888e-16,-1.661369e-14
7.800000e+01,2.800000e+01,0.0,1.000000e+00,-1.200205e-14,-3.039065e-13
8.000000e+01,2.800000e+01,0.0,1.000000e+00,-9.266150e-14,-2.605867e-12
8.200000e+01,2.800000e+01,0.0,1.000000e+00,-5.723725e-13,-1.576431e-11
8.400000e+01,2.800000e+01,0.0,1.000000e+00,-1.854449e-12,-5.392245e-11
8.600000e+01,2.800000e+01,0.0,1.000000e+00,-1.043531e-11,-2.550920e-10
8.800000e+01,2.800000e+01,0.0,1.000000e+00,-6.262245e-11,-1.607662e-09
9.000000e+01,2.800000e+01,0.0,1.000000e+00,-5.139007e-10,-1.047315e-08
9.200000e+01,2.800000e+01,0.0,1.000000e+00,-7.584694e-10,-3.670896e-08
9.400000e+01,2.800000e+01,0.0,1.000000e+00,-1.243588e-10,-6.074568e-08
9.600000e+01,2.800000e+01,0.0,1.000000e+00,8.774916e-10,-3.937156e-08
9.800000e+01,2.800000e+01,0.0,1.000000e+00,3.073459e-10,-8.791110e-09
1.000000e+02,2.800000e+01,0.0,1.000000e+00,2.708337e-39,-9.935381e-09
1.020000e+02,2.800000e+01,0.0,1.000000e+00,-3.073459e-10,-8.791110e-09
1.040000e+02,2.800000e+01,0.0,1.000000e+00,-8.774916e-10,-3.937156e-08
1.060000e+02,2.800000e+01,0.0,1.000000e+00,1.243588e-10,-6.074568e-08
1.080000e+02,2.800000e+01,0.0,1.000000e+00,7.584694e-10,-3.670896e-08
1.100000e+02,2.800000e+01,0.0,1.000000e+00,5.139007e-10,-1.047315e-08
1.120000e+02,2.800000e+01,0.0,1.000000e+00,6.262245e-11,-1.607662e-09
1.140000e+02,2.800000e+01,0.0,1.000000e+00,1.043531e-11,-2.550920e-10
1.160000e+02,2.800000e+01,0.0,1.000000e+00,1.854449e-12,-5.392245e-11
1.180000e+02,2.800000e+01,0.0,1.000000e+00,5.723725e-13,-1.576431e-11
1.200000e+02,2.800000e+01,0.0,1.000000e+00,9.266150e-14,-2.605867e-12
1.220000e+02,2.800000e+01,0.0,1.000000e+00,1.200205e-14,-3.039065e-13
1.240000e+02,2.800000e+01,0.0,1.000000e+00,6.050888e-16,-1.661369e-14
1.260000e+02,2.800000e+01,0.0,1.000000e+00,7.314112e-31,-8.012515e-16
1.280000e+02,2.800000e+01,0.0,1.000000e+00,4.045304e-34,-1.635539e-17
1.300000e+02,2.800000e+01,0.0,1.000000e+00,1.900148e-51,0.000000e+00
1.320000e+02,2.800000e+01,0.0,1.000000e+00,0.000000e+00,0.000000e+00
1.340000e+02,2.800000e+01,0.0,1.000000e+00,0.000000e+00,0.000000e+00
1.360000e+02,2.800000e+01,0.0,1.000000e+00,0.000000e+00,0.000000e+00
1.380000e+02,2.800000e+01,0.0,1.000000e+00,0.000000e+00,0.000000e+00
1.400000e+02,2.800000e+01,0.0,1.000000e+00,0.000000e+00,0.000000e+00
1.420000e+02,2.800000e+01,0.0,1.000000e+00,0.000000e+00,0.000000e+00
1.440000e+02,2.800000e+01,0.0,1.000000e+00,0.000000e+00,0.000000e+00
1.460000e+02,2.800000e+01,0.0,1.000000e+00,0.000000e+00,0.000000e+00
1.480000e+02,2.800000e+01,0.0,1.000000e+00,0.000000e+00,0.000000e+00
1.500000e+02,2.800000e+01,0.0,1.000000e+00,0.000000e+00,0.000000e+00
1.520000e+02,2.800000e+01,0.0,1.000000e+00,0.000000e+00,0.000000e+00
1.540000e+02,2.800000e+01,0.0,1.000000e+00,0.000000e+00,0.000000e+00
1.560000e+02,2.800000e+01,0.0,1.000000e+00,0.000000e+00,0.000000e+00
1.580000e+02,2.800000e+01,0.0,1.000000e+00,0.000000e+00,0.000000e+00
1.600000e+02,2.800000e+01,0.0,1.000000e+00,0.000000e+00,0.000000e+00
1.620000e+02,2.800000e+01,0.0,1.000000e+00,0.000000e+00,0.000000e+00
1.640000e+02,2.800000e+01,0.0,1.000000e+00,0.000000e+00,0.000000e+00
1.660000e+02,2.800000e+01,0.0,1.000000e+00,0.000000e+00,0.000000e+00
1.680000e+02,2.800000e+01,0.0,1.000000e+00,0.000000e+00,0.000000e+00
1.700000e+02,2.800000e+01,0.0,1.000000e+00,0.000000e+00,0.000000e+00
1.720000e+02,2.800000e+01,0.0,1.000000e+00,0.000000e+00,0.000000e+00
1.740000e+02,2.800000e+01,0.0,1.000000e+00,0.000000e+00,0.000000e+00
1.760000e+02,2.800000e+01,0.0,1.000000e+00,0.000000e+00,0.000000e+00
1.780000e+02,2.800000e+01,0.0,1.000000e+00,0.000000e+00,0.000000e+00
1.800000e+02,2.800000e+01,0.0,1.000000e+00,0.000000e+00,0.000000e+00
1.820000e+02,2.800000e+01,0.0,1.000000e+00,0.000000e+00,0.000000e+00
1.840000e+02,2.800000e+01,0.0,1.000000e+00,0.000000e+00,0.000000e+00
1.860000e+02,2.800000e+01,0.0,1.000000e+00,0.000000e+00,0.000000e+00
1.880000e+02,2.800000e+01,0.0,1.000000e+00,0.000000e+00,0.000000e+00
1.900000e+02,2.800000e+01,0.0,1.000000e+00,0.000000e+00,0.000000e+00
1.920000e+02,2.800000e+01,0.0,1.000000e+00,0.000000e+00,0.000000e+00
1.940000e+02,2.800000e+01,0.0,1.000000e+00,0.000000e+00,0.000000e+00
1.960000e+02,2.800000e+01,0.0,1.000000e+00,0.000000e+00,0.000000e+00
1.980000e+02,2.800000e+01,0.0,1.000000e+00,0.000000e+00,0.000000e+00
2.000000e+02,2.800000e+01,0.0,1.000000e+00,0.000000e+00,0.000000e+00
0.000000e+00,3.000000e+01,0.0,1.000000e+00,0.000000e+00,0.000000e+00
2.000000e+00,3.000000e+01,0.0,1.000000e+00,0.000000e+00,0.000000e+00
4.000000e+00,3.000000e+01,0.0,1.000000e+00,0.000000e+00,0.000000e+00
6.000000e+00,3.000000e+01,0.0,1.000000e+00,0.000000e+00,0.000000e+00
8.000000e+00,3.000000e+01,0.0,1.000000e+00,0.000000e+00,0.000000e+00
1.000000e+01,3.000000e+01,0.0,1.000000e+00,0.000000e+00,0.000000e+00
1.200000e+01,3.000000e+01,0.0,1.000000e+00,0.000000e+00,0.000000e+00
1.400000e+01,3.000000e+01,0.0,1.000000e+00,0.000000e+00,0.000000e+00
1.600000e+01,3.000000e+01,0.0,1.000000e+00,0.000000e+00,0.000000e+00
1.800000e+01,3.000000e+01,0.0,1.000000e+00,0.000000e+00,0.000000e+00
2.000000e+01,3.000000e+01,0.0,1.000000e+00,0.000000e+00,0.000000e+00
2.200000e+01,3.000000e+01,0.0,1.000000e+00,0.000000e+00,0.000000e+00
2.400000e+01,3.000000e+01,0.0,1.000000e+00,0.000000e+00,0.000000e+00
2.600000e+01,3.000000e+01,0.0,1.000000e+00,0.000000e+00,0.000000e+00
2.800000e+01,3.000000e+01,0.0,1.000000e+00,0.000000e+00,0.000000e+00
3.000000e+01,3.000000e+01,0.0,1.000000e+00,0.000000e+00,0.000000e+00
3.200000e+01,3.000000e+01,0.0,1.000000e+00,0.000000e+00,0.000000e+00
3.400000e+01,3.000000e+01,0.0,1.000000e+00,0.000000e+00,0.000000e+00
3.600000e+01,3.000000e+01,0.0,1.000000e+00,0.000000e+00,0.000000e+00
3.800000e+01,3.000000e+01,0.0,1.000000e+00,0.000000e+00,0.000000e+00
4.000000e+01,3.000000e+01,0.0,1.000000e+00,0.000000e+00,0.000000e+00
4.200000e+01,3.000000e+01,0.0,1.000000e+00,0.000000e+00,0.000000e+00
4.400000e+01,3.000000e+01,0.0,1.000000e+00,0.000000e+00,0.000000e+00
4.600000e+01,3.000000e+01,0.0,1.000000e+00,0.000000e+00,0.000000e+00
4.800000e+01,3.000000e+01,0.0,1.000000e+00,0.000000e+00,0.000000e+00
5.000000e+01,3.000000e+01,0.0,1.000000e+00,0.000000e+00,0.000000e+00
5.200000e+01,3.000000e+01,0.0,1.000000e+00,0.000000e+00,0.000000e+00
5.400000e+01,3.000000e+01,0.0,1.000000e+00,0.000000e+00,0.000000e+00
5.600000e+01,3.000000e+01,0.0,1.000000e+00,0.000000e+00,0.000000e+00
5.800000e+01,3.000000e+01,0.0,1.000000e+00,0.000000e+00,0.000000e+00
6.000000e+01,3.000000e+01,0.0,1.000000e+00,0.000000e+00,0.000000e+00
6.200000e+01,3.000000e+01,0.0,1.000000e+00,0.000000e+00,0.000000e+00
6.400000e+01,3.000000e+01,0.0,1.000000e+00,0.000000e+00,0.000000e+00
6.600000e+01,3.000000e+01,0.0,1.000000e+00,-2.690079e-54,0.000000e+00
6.800000e+01,3.000000e+01,0.0,1.000000e+00,-1.589451e-34,0.000000e+00
7.000000e+01,3.000000e+01,0.0,1.000000e+00,-1.635539e-17,-6.704321e-16
7.200000e+01,3.000000e+01,0.0,1.000000e+00,-8.503701e-16,-2.160158e-14
7.400000e+01,3.000000e+01,0.0,1.000000e+00,-2.727522e-14,-6.683874e-13
7.600000e+01,3.000000e+01,0.0,1.000000e+00,-5.242080e-13,-1.337514e-11
7.800000e+01,3.000000e+01,0.0,1.000000e+00,-7.952328e-12,-2.088984e-10
8.000000e+01,3.000000e+01,0.0,1.000000e+00,-5.990593e-11,-1.750181e-09
8.200000e+01,3.000000e+01,0.0,1.000000e+00,-3.167421e-10,-8.417141e-09
8.400000e+01,3.000000e+01,0.0,1.000000e+00,-9.156892e-10,-2.505375e-08
8.600000e+01,3.000000e+01,0.0,1.000000e+00,-5.189010e-09,-1.442564e-07
8.800000e+01,3.000000e+01,0.0,1.000000e+00,-3.556260e-08,-8.846466e-07
9.000000e+01,3.000000e+01,0.0,1.000002e+00,-3.215080e-07,-5.824157e-06
9.200000e+01,3.000000e+01,0.0,1.000009e+00,-5.620143e-07,-2.957842e-05
9.400000e+01,3.000000e+01,0.0,1.000015e+00,-2.378377e-08,-4.768604e-05
9.600000e+01,3.000000e+01,0.0,1.000009e+00,6.469900e-07,-2.684880e-05
9.800000e+01,3.000000e+01,0.0,1.000001e+00,1.402493e-07,-4.261748e-06
1.000000e+02,3.000000e+01,0.0,1.000002e+00,1.398049e-28,-4.869488e-06
1.020000e+02,3.000000e+01,0.0,1.000001e+00,-1.402493e-07,-4.261748e-06
1.040000e+02,3.000000e+01,0.0,1.000009e+00,-6.469900e-07,-2.684880e-05
1.060000e+02,3.000000e+01,0.0,1.000015e+00,2.378377e-08,-4.768604e-05
1.080000e+02,3.000000e+01,0.0,1.000009e+00,5.620143e-07,-2.957842e-05
1.100000e+02,3.000000e+01,0.0,1.000002e+00,3.215080e-07,-5.824157e-06
1.120000e+02,3.000000e+01,0.0,1.000000e+00,3.556260e-08,-8.846466e-07
1.140000e+02,3.000000e+01,0.0,1.000000e+00,5.189010e-09,-1.442564e-07
1.160000e+02,3.000000e+01,0.0,1.000000e+00,9.156892e-10,-2.505375e-08
1.180000e+02,3.000000e+01,0.0,1.000000e+00,3.167421e-10,-8.417141e-09
1.200000e+02,3.000000e+01,0.0,1.000000e+00,5.990593e-11,-1.750181e-09
1.220000e+02,3.000000e+01,0.0,1.000000e+00,7.952328e-12,-2.088984e-10
1.240000e+02,3.000000e+01,0.0,1.000000e+00,5.242080e-13,-1.337514e-11
1.260000e+02,3.000000e+01,0.0,1.000000e+00,2.727522e-14,-6.683874e-13
1.280000e+02,3.000000e+01,0.0,1.000000e+00,8.503701e-16,-2.160158e-14
1.300000e+02,3.000000e+01,0.0,1.000000e+00,1.635539e-17,-6.704321e-16
1.320000e+02,3.000000e+01,0.0,1.000000e+00,1.589451e-34,0.000000e+00
1.340000e+02,3.000000e+01,0.0,1.000000e+00,2.690079e-54,0.000000e+00
1.360000e+02,3.000000e+01,0.0,1.000000e+00,0.000000e+00,0.000000e+00
1.380000e+02,3.000000e+01,0.0,1.000000e+00,0.000000e+00,0.000000e+00
1.400000e+02,3.000000e+01,0.0,1.000000e+00,0.000000e+00,0.000000e+00
1.420000e+02,3.000000e+01,0.0,1.000000e+00,0.000000e+00,0.000000e+00
1.440000e+02,3.000000e+01,0.0,1.000000e+00,0.000000e+00,0.000000e+00
1.460000e+02,3.000000e+01,0.0,1.000000e+00,0.000000e+00,0.000000e+00
1.480000e+02,3.000000e+01,0.0,1.000000e+00,0.000000e+00,0.000000e+00
1.500000e+02,3.000000e+01,0.0,1.000000e+00,0.000000e+00,0.000000e+00
1.520000e+02,3.000000e+01,0.0,1.000000e+00,0.000000e+00,0.000000e+00
1.540000e+02,3.000000e+01,0.0,1.000000e+00,0.000000e+00,0.000000e+00
1.560000e+02,3.000000e+01,0.0,1.000000e+00,0.000000e+00,0.000000e+00
1.580000e+02,3.000000e+01,0.0,1.000000e+00,0.000000e+00,0.000000e+00
1.600000e+02,3.000000e+01,0.0,1.000000e+00,0.000000e+00,0.000000e+00
1.620000e+02,3.000000e+01,0.0,1.000000e+00,0.000000e+00,0.000000e+00
1.640000e+02,3.000000e+01,0.0,1.000000e+00,0.000000e+00,0.000000e+00
1.660000e+02,3.000000e+01,0.0,1.000000e+00,0.000000e+00,0.000000e+00
1.680000e+02,3.000000e+01,0.0,1.000000e+00,0.000000e+00,0.000000e+00
1.700000e+02,3.000000e+01,0.0,1.000000e+00,0.000000e+00,0.000000e+00
1.720000e+02,3.000000e+01,0.0,1.000000e+00,0.000000e+00,0.000000e+00
1.740000e+02,3.000000e+01,0.0,1.000000e+00,0.000000e+00,0.000000e+00
1.760000e+02,3.000000e+01,0.0,1.000000e+00,0.000000e+00,0.000000e+00
1.780000e+02,3.000000e+01,0.0,1.000000e+00,0.000000e+00,0.000000e+00
1.800000e+02,3.000000e+01,0.0,1.000000e+00,0.000000e+00,0.000000e+00
1.820000e+02,3.000000e+01,0.0,1.000000e+00,0.000000e+00,0.000000e+00
1.840000e+02,3.000000e+01,0.0,1.000000e+00,0.000000e+00,0.000000e+00
1.860000e+02,3.000000e+01,0.0,1.000000e+00,0.000000e+00,0.000000e+00
1.880000e+02,3.000000e+01,0.0,1.000000e+00,0.000000e+00,0.000000e+00
1.900000e+02,3.000000e+01,0.0,1.000000e+00,0.000000e+00,0.000000e+00
1.920000e+02,3.000000e+01,0.0,1.000000e+00,0.000000e+00,0.000000e+00
1.940000e+02,3.000000e+01,0.0,1.000000e+00,0.000000e+00,0.000000e+00
1.960000e+02,3.000000e+01,0.0,1.000000e+00,0.000000e+00,0.000000e+00
1.980000e+02,3.000000e+01,0.0,1.000000e+00,0.000000e+00,0.000000e+00
2.000000e+02,3.000000e+01,0.0,1.000000e+00,0.000000e+00,0.000000e+00
0.000000e+00,3.200000e+01,0.0,1.000000e+00,0.000000e+00,0.000000e+00
2.000000e+00,3.200000e+01,0.0,1.000000e+00,0.000000e+00,0.000000e+00
4.000000e+00,3.200000e+01,0.0,1.000000e+00,0.000000e+00,0.000000e+00
6.000000e+00,3.200000e+01,0.0,1.000000e+00,0.000000e+00,0.000000e+00
8.000000e+00,3.200000e+01,0.0,1.000000e+00,0.000000e+00,0.000000e+00
1.000000e+01,3.200000e+01,0.0,1.000000e+00,0.000000e+00,0.000000e+00
1.200000e+01,3.200000e+01,0.0,1.000000e+00,0.000000e+00,0.000000e+00
1.400000e+01,3.200000e+01,0.0,1.000000e+00,0.000000e+00,0.000000e+00
1.600000e+01,3.200000e+01,0.0,1.000000e+00,0.000000e+00,0.000000e+00
1.800000e+01,3.200000e+01,0.0,1.000000e+00,0.000000e+00,0.000000e+00
2.000000e+01,3.200000e+01,0.0,1.000000e+00,0.000000e+00,0.000000e+00
2.200000e+01,3.200000e+01,0.0,1.000000e+00,0.000000e+00,0.000000e+00
2.400000e+01,3.200000e+01,0.0,1.000000e+00,0.000000e+00,0.000000e+00
2.600000e+01,3.200000e+01,0.0,1.000000e+00,0.000000e+00,0.000000e+00
2.800000e+01,3.200000e+01,0.0,1.000000e+00,0.000000e+00,0.000000e+00
3.000000e+01,3.200000e+01,0.0,1.000000e+00,0.000000e+00,0.000000e+00
3.200000e+01,3.200000e+01,0.0,1.000000e+00,0.000000e+00,0.000000e+00
3.400000e+01,3.200000e+01,0.0,1.000000e+00,0.000000e+00,0.000000e+00
3.600000e+01,3.200000e+01,0.0,1.000000e+00,0.000000e+00,0.000000e+00
3.800000e+01,3.200000e+01,0.0,1.000000e+00,0.000000e+00,0.000000e+00
4.000000e+01,3.200000e+01,0.0,1.000000e+00,0.000000e+00,0.000000e+00
4.200000e+01,3.200000e+01,0.0,1.000000e+00,0.000000e+00,0.000000e+00
4.400000e+01,3.200000e+01,0.0,1.000000e+00,0.000000e+00,0.000000e+00
4.600000e+01,3.200000e+01,0.0,1.000000e+00,0.000000e+00,0.000000e+00
4.800000e+01,3.200000e+01,0.0,1.000000e+00,0.000000e+00,0.000000e+00
5.000000e+01,3.200000e+01,0.0,1.000000e+00,0.000000e+00,0.000000e+00
5.200000e+01,3.200000e+01,0.0,1.000000e+00,0.000000e+00,0.000000e+00
5.400000e+01,3.200000e+01,0.0,1.000000e+00,0.000000e+00,0.000000e+00
5.600000e+01,3.200000e+01,0.0,1.000000e+00,0.000000e+00,0.000000e+00
5.800000e+01,3.200000e+01,0.0,1.000000e+00,0.000000e+00,0.000000e+00
6.000000e+01,3.200000e+01,0.0,1.000000e+00,0.000000e+00,0.000000e+00
6.200000e+01,3.200000e+01,0.0,1.000000e+00,0.000000e+00,0.000000e+00
6.400000e+01,3.200000e+01,0.0,1.000000e+00,-4.255459e-37,0.000000e+00
6.600000e+01,3.200000e+01,0.0,1.000000e+00,1.635539e-17,-6.541101e-17
6.800000e+01,3.200000e+01,0.0,1.000000e+00,-5.886839e-16,-7.145966e-15
7.000000e+01,3.200000e+01,0.0,1.000000e+00,-2.735724e-14,-5.902144e-13
7.200000e+01,3.200000e+01,0.0,1.000000e+00,-8.370720e-13,-1.925402e-11
7.400000e+01,3.200000e+01,0.0,1.000000e+00,-2.200142e-11,-5.950237e-10
7.600000e+01,3.200000e+01,0.0,1.000000e+00,-4.020741e-10,-9.264452e-09
7.800000e+01,3.200000e+01,0.0,1.000000e+00,-5.389951e-09,-1.589027e-07
8.000000e+01,3.200000e+01,0.0,1.000000e+00,-3.901776e-08,-1.020986e-06
8.200000e+01,3.200000e+01,0.0,1.000001e+00,-1.556011e-07,-3.788321e-06
8.400000e+01,3.200000e+01,0.0,1.000004e+00,-4.063549e-07,-1.358912e-05
8.600000e+01,3.200000e+01,0.0,1.000027e+00,-3.122935e-06,-8.418528e-05
8.800000e+01,3.200000e+01,0.0,1.000131e+00,-1.964718e-05,-4.185282e-04
9.000000e+01,3.200000e+01,0.0,1.001359e+00,-2.573755e-04,-4.749719e-03
9.200000e+01,3.200000e+01,0.0,1.005365e+00,-7.202536e-04,-2.216041e-02
9.400000e+01,3.200000e+01,0.0,1.007658e+00,-3.535517e-05,-3.330635e-02
9.600000e+01,3.200000e+01,0.0,1.004818e+00,7.688800e-04,-1.960464e-02
9.800000e+01,3.200000e+01,0.0,1.000915e+00,1.115269e-04,-3.024946e-03
1.000000e+02,3.200000e+01,0.0,1.001062e+00,1.436393e-20,-3.708630e-03
1.020000e+02,3.200000e+01,0.0,1.000915e+00,-1.115269e-04,-3.024946e-03
1.040000e+02,3.200000e+01,0.0,1.004818e+00,-7.688800e-04,-1.960464e-02
1.060000e+02,3.200000e+01,0.0,1.007658e+00,3.535517e-05,-3.330635e-02
1.080000e+02,3.200000e+01,0.0,1.005365e+00,7.202536e-04,-2.216041e-02
1.100000e+02,3.200000e+01,0.0,1.001359e+00,2.573755e-04,-4.749719e-03
1.120000e+02,3.200000e+01,0.0,1.000131e+00,1.964718e-05,-4.185282e-04
1.140000e+02,3.200000e+01,0.0,1.000027e+00,3.122935e-06,-8.418528e-05
1.160000e+02,3.200000e+01,0.0,1.000004e+00,4.063549e-07,-1.358912e-05
1.180000e+02,3.200000e+01,0.0,1.000001e+00,1.556011e-07,-3.788321e-06
1.200000e+02,3.200000e+01,0.0,1.000000e+00,3.901776e-08,-1.020986e-06
1.220000e+02,3.200000e+01,0.0,1.000000e+00,5.389951e-09,-1.589027e-07
1.240000e+02,3.200000e+01,0.0,1.000000e+00,4.020741e-10,-9.264452e-09
1.260000e+02,3.200000e+01,0.0,1.000000e+00,2.200142e-11,-5.950237e-10
1.280000e+02,3.200000e+01,0.0,1.000000e+00,8.370720e-13,-1.925402e-11
1.300000e+02,3.200000e+01,0.0,1.000000e+00,2.735724e-14,-5.902144e-13
1.320000e+02,3.200000e+01,0.0,1.000000e+00,5.886839e-16,-7.145966e-15
1.340000e+02,3.200000e+01,0.0,1.000000e+00,-1.635539e-17,-6.541101e-17
1.360000e+02,3.200000e+01,0.0,1.000000e+00,4.255459e-37,0.000000e+00
1.380000e+02,3.200000e+01,0.0,1.000000e+00,0.000000e+00,0.000000e+00
1.400000e+02,3.200000e+01,0.0,1.000000e+00,0.000000e+00,0.000000e+00
1.420000e+02,3.200000e+01,0.0,1.000000e+00,0.000000e+00,0.000000e+00
1.440000e+02,3.200000e+01,0.0,1.000000e+00,0.000000e+00,0.000000e+00
1.460000e+02,3.200000e+01,0.0,1.000000e+00,0.000000e+00,0.000000e+00
1.480000e+02,3.200000e+01,0.0,1.000000e+00,0.000000e+00,0.000000e+00
1.500000e+02,3.200000e+01,0.0,1.000000e+00,0.000000e+00,0.000000e+00
1.520000e+02,3.200000e+01,0.0,1.000000e+00,0.000000e+00,0.000000e+00
1.540000e+02,3.200000e+01,0.0,1.000000e+00,0.000000e+00,0.000000e+00
1.560000e+02,3.200000e+01,0.0,1.000000e+00,0.000000e+00,0.000000e+00
1.580000e+02,3.200000e+01,0.0,1.000000e+00,0.000000e+00,0.000000e+00
1.600000e+02,3.200000e+01,0.0,1.000000e+00,0.000000e+00,0.000000e+00
1.620000e+02,3.200000e+01,0.0,1.000000e+00,0.000000e+00,0.000000e+00
1.640000e+02,3.200000e+01,0.0,1.000000e+00,0.000000e+00,0.000000e+00
1.660000e+02,3.200000e+01,0.0,1.000000e+00,0.000000e+00,0.000000e+00
1.680000e+02,3.200000e+01,0.0,1.000000e+00,0.000000e+00,0.000000e+00
1.700000e+02,3.200000e+01,0.0,1.000000e+00,0.000000e+00,0.000000e+00
1.720000e+02,3.200000e+01,0.0,1.000000e+00,0.000000e+00,0.000000e+00
1.740000e+02,3.200000e+01,0.0,1.000000e+00,0.000000e+00,0.000000e+00
1.760000e+02,3.200000e+01,0.0,1.000000e+00,0.000000e+00,0.000000e+00
1.780000e+02,3.200000e+01,0.0,1.000000e+00,0.000000e+00,0.000000e+00
1.800000e+02,3.200000e+01,0.0,1.000000e+00,0.000000e+00,0.000000e+00
1.820000e+02,3.200000e+01,0.0,1.000000e+00,0.000000e+00,0.000000e+00
1.840000e+02,3.200000e+01,0.0,1.000000e+00,0.000000e+00,0.000000e+00
1.860000e+02,3.200000e+01,0.0,1.000000e+00,0.000000e+00,0.000000e+00
1.880000e+02,3.200000e+01,0.0,1.000000e+00,0.000000e+00,0.000000e+00
1.900000e+02,3.200000e+01,0.0,1.000000e+00,0.000000e+00,0.000000e+00
1.920000e+02,3.200000e+01,0.0,1.000000e+00,0.000000e+00,0.000000e+00
1.940000e+02,3.200000e+01,0.0,1.000000e+00,0.000000e+00,0.000000e+00
1.960000e+02,3.200000e+01,0.0,1.000000e+00,0.000000e+00,0.000000e+00
1.980000e+02,3.200000e+01,0.0,1.000000e+00,0.000000e+00,0.000000e+00
2.000000e+02,3.200000e+01,0.0,1.000000e+00,0.000000e+00,0.000000e+00
0.000000e+00,3.400000e+01,0.0,1.000000e+00,0.000000e+00,0.000000e+00
2.000000e+00,3.400000e+01,0.0,1.000000e+00,0.000000e+00,0.000000e+00
4.000000e+00,3.400000e+01,0.0,1.000000e+00,0.000000e+00,0.000000e+00
6.000000e+00,3.400000e+01,0.0,1.000000e+00,0.000000e+00,0.000000e+00
8.000000e+00,3.400000e+01,0.0,1.000000e+00,0.000000e+00,0.000000e+00
1.000000e+01,3.400000e+01,0.0,1.000000e+00,0.000000e+00,0.000000e+00
1.200000e+01,3.400000e+01,0.0,1.000000e+00,0.000000e+00,0.000000e+00
1.400000e+01,3.400000e+01,0.0,1.000000e+00,0.000000e+00,0.000000e+00
1.600000e+01,3.400000e+01,0.0,1.000000e+00,0.000000e+00,0.000000e+00
1.800000e+01,3.400000e+01,0.0,1.000000e+00,0.000000e+00,0.000000e+00
2.000000e+01,3.400000e+01,0.0,1.000000e+00,0.000000e+00,0.000000e+00
2.200000e+01,3.400000e+01,0.0,1.000000e+00,0.000000e+00,0.000000e+00
2.400000e+01,3.400000e+01,0.0,1.000000e+00,0.000000e+00,0.000000e+00
2.600000e+01,3.400000e+01,0.0,1.000000e+00,0.000000e+00,0.000000e+00
2.800000e+01,3.400000e+01,0.0,1.000000e+00,0.000000e+00,0.000000e+00
3.000000e+01,3.400000e+01,0.0,1.000000e+00,0.000000e+00,0.000000e+00
3.200000e+01,3.400000e+01,0.0,1.000000e+00,0.000000e+00,0.000000e+00
3.400000e+01,3.400000e+01,0.0,1.000000e+00,0.000000e+00,0.000000e+00
3.600000e+01,3.400000e+01,0.0,1.000000e+00,0.000000e+00,0.000000e+00
3.800000e+01,3.400000e+01,0.0,1.000000e+00,0.000000e+00,0.000000e+00
4.000000e+01,3.400000e+01,0.0,1.000000e+00,0.000000e+00,0.000000e+00
4.200000e+01,3.400000e+01,0.0,1.000000e+00,0.000000e+00,0.000000e+00
4.400000e+01,3.400000e+01,0.0,1.000000e+00,0.000000e+00,0.000000e+00
4.600000e+01,3.400000e+01,0.0,1.000000e+00,0.000000e+00,0.000000e+00
4.800000e+01,3.400000e+01,0.0,1.000000e+00,0.000000e+00,0.000000e+00
5.000000e+01,3.400000e+01,0.0,1.000000e+00,0.000000e+00,0.000000e+00
5.200000e+01,3.400000e+01,0.0,1.000000e+00,0.000000e+00,0.000000e+00
5.400000e+01,3.400000e+01,0.0,1.000000e+00,0.000000e+00,0.000000e+00
5.600000e+01,3.400000e+01,0.0,1.000000e+00,0.000000e+00,0.000000e+00
5.800000e+01,3.400000e+01,0.0,1.000000e+00,0.000000e+00,0.000000e+00
6.000000e+01,3.400000e+01,0.0,1.000000e+00,-5.189192e-55,0.000000e+00
6.200000e+01,3.400000e+01,0.0,1.000000e+00,3.120149e-35,0.000000e+00
6.400000e+01,3.400000e+01,0.0,1.000000e+00,-3.270024e-17,-4.742457e-16
6.600000e+01,3.400000e+01,0.0,1.000000e+00,-5.429025e-15,-6.141913e-14
6.800000e+01,3.400000e+01,0.0,1.000000e+00,-4.728077e-13,-6.538701e-12
7.000000e+01,3.400000e+01,0.0,1.000000e+00,-2.371745e-11,-5.613888e-10
7.200000e+01,3.400000e+01,0.0,1.000000e+00,-7.433104e-10,-1.438020e-08
7.400000e+01,3.400000e+01,0.0,1.000000e+00,-1.828126e-08,-4.880951e-07
7.600000e+01,3.400000e+01,0.0,1.000002e+00,-2.801534e-07,-7.138078e-06
7.800000e+01,3.400000e+01,0.0,1.000033e+00,-4.006125e-06,-1.047418e-04
8.000000e+01,3.400000e+01,0.0,1.000148e+00,-2.122850e-05,-4.748036e-04
8.200000e+01,3.400000e+01,0.0,1.000730e+00,-7.497799e-05,-2.472331e-03
8.400000e+01,3.400000e+01,0.0,1.002470e+00,-3.777912e-04,-9.222224e-03
8.600000e+01,3.400000e+01,0.0,1.010054e+00,-3.453000e-03,-4.416763e-02
8.800000e+01,3.400000e+01,0.0,1.053681e+00,-3.175481e-02,-2.917808e-01
9.000000e+01,3.400000e+01,0.0,1.306886e+00,-2.471712e-01,-2.051687e+00
9.200000e+01,3.400000e+01,0.0,1.590203e+00,-2.731037e-01,-4.409960e+00
9.400000e+01,3.400000e+01,0.0,1.708411e+00,-2.758726e-02,-5.448410e+00
9.600000e+01,3.400000e+01,0.0,1.544074e+00,2.821576e-01,-4.065745e+00
9.800000e+01,3.400000e+01,0.0,1.264684e+00,1.188769e-01,-1.730909e+00
1.000000e+02,3.400000e+01,0.0,1.282892e+00,8.178306e-17,-1.974375e+00
1.020000e+02,3.400000e+01,0.0,1.264684e+00,-1.188769e-01,-1.730909e+00
1.040000e+02,3.400000e+01,0.0,1.544074e+00,-2.821576e-01,-4.065745e+00
1.060000e+02,3.400000e+01,0.0,1.708411e+00,2.758726e-02,-5.448410e+00
1.080000e+02,3.400000e+01,0.0,1.590203e+00,2.731037e-01,-4.409960e+00
1.100000e+02,3.400000e+01,0.0,1.306886e+00,2.471712e-01,-2.051687e+00
1.120000e+02,3.400000e+01,0.0,1.053681e+00,3.175481e-02,-2.917808e-01
1.140000e+02,3.400000e+01,0.0,1.010054e+00,3.453000e-03,-4.416763e-02
1.160000e+02,3.400000e+01,0.0,1.002470e+00,3.777912e-04,-9.222224e-03
1.180000e+02,3.400000e+01,0.0,1.000730e+00,7.497799e-05,-2.472331e-03
1.200000e+02,3.400000e+01,0.0,1.000148e+00,2.122850e-05,-4.748036e-04
1.220000e+02,3.400000e+01,0.0,1.000033e+00,4.006125e-06,-1.047418e-04
1.240000e+02,3.400000e+01,0.0,1.000002e+00,2.801534e-07,-7.138078e-06
1.260000e+02,3.400000e+01,0.0,1.000000e+00,1.828126e-08,-4.880951e-07
1.280000e+02,3.400000e+01,0.0,1.000000e+00,7.433104e-10,-1.438020e-08
1.300000e+02,3.400000e+01,0.0,1.000000e+00,2.371745e-11,-5.613888e-10
1.320000e+02,3.400000e+01,0.0,1.000000e+00,4.728077e-13,-6.538701e-12
1.340000e+02,3.400000e+01,0.0,1.000000e+00,5.429025e-15,-6.141913e-14
1.360000e+02,3.400000e+01,0.0,1.000000e+00,3.270024e-17,-4.742457e-16
1.380000e+02,3.400000e+01,0.0,1.000000e+00,-3.120149e-35,0.000000e+00
1.400000e+02,3.400000e+01,0.0,1.000000e+00,5.189192e-55,0.000000e+00
1.420000e+02,3.400000e+01,0.0,1.000000e+00,0.000000e+00,0.000000e+00
1.440000e+02,3.400000e+01,0.0,1.000000e+00,0.000000e+00,0.000000e+00
1.460000e+02,3.400000e+01,0.0,1.000000e+00,0.000000e+00,0.000000e+00
1.480000e+02,3.400000e+01,0.0,1.000000e+00,0.000000e+00,0.000000e+00
1.500000e+02,3.400000e+01,0.0,1.000000e+00,0.000000e+00,0.000000e+00
1.520000e+02,3.400000e+01,0.0,1.000000e+00,0.000000e+00,0.000000e+00
1.540000e+02,3.400000e+01,0.0,1.000000e+00,0.000000e+00,0.000000e+00
1.560000e+02,3.400000e+01,0.0,1.000000e+00,0.000000e+00,0.000000e+00
1.580000e+02,3.400000e+01,0.0,1.000000e+00,0.000000e+00,0.000000e+00
1.600000e+02,3.400000e+01,0.0,1.000000e+00,0.000000e+00,0.000000e+00
1.620000e+02,3.400000e+01,0.0,1.000000e+00,0.000000e+00,0.000000e+00
1.640000e+02,3.400000e+01,0.0,1.000000e+00,0.000000e+00,0.000000e+00
1.660000e+02,3.400000e+01,0.0,1.000000e+00,0.000000e+00,0.000000e+00
1.680000e+02,3.400000e+01,0.0,1.000000e+00,0.000000e+00,0.000000e+00
1.700000e+02,3.400000e+01,0.0,1.000000e+00,0.000000e+00,0.000000e+00
1.720000e+02,3.400000e+01,0.0,1.000000e+00,0.000000e+00,0.000000e+00
1.740000e+02,3.400000e+01,0.0,1.000000e+00,0.000000e+00,0.000000e+00
1.760000e+02,3.400000e+01,0.0,1.000000e+00,0.000000e+00,0.000000e+00
1.780000e+02,3.400000e+01,0.0,1.000000e+00,0.000000e+00,0.000000e+00
1.800000e+02,3.400000e+01,0.0,1.000000e+00,0.000000e+00,0.000000e+00
1.820000e+02,3.400000e+01,0.0,1.000000e+00,0.000000e+00,0.000000e+00
1.840000e+02,3.400000e+01,0.0,1.000000e+00,0.000000e+00,0.000000e+00
1.860000e+02,3.400000e+01,0.0,1.000000e+00,0.000000e+00,0.000000e+00
1.880000e+02,3.400000e+01,0.0,1.000000e+00,0.000000e+00,0.000000e+00
1.900000e+02,3.400000e+01,0.0,1.000000e+00,0.000000e+00,0.000000e+00
1.920000e+02,3.400000e+01,0.0,1.000000e+00,0.000000e+00,0.000000e+00
1.940000e+02,3.400000e+01,0.0,1.000000e+00,0.000000e+00,0.000000e+00
1.960000e+02,3.400000e+01,0.0,1.000000e+00,0.000000e+00,0.000000e+00
1.980000e+02,3.400000e+01,0.0,1.000000e+00,0.000000e+00,0.000000e+00
2.000000e+02,3.400000e+01,0.0,1.000000e+00,0.000000e+00,0.000000e+00
0.000000e+00,3.600000e+01,0.0,1.000000e+00,0.000000e+00,0.000000e+00
2.000000e+00,3.600000e+01,0.0,1.000000e+00,0.000000e+00,0.000000e+00
4.000000e+00,3.600000e+01,0.0,1.000000e+00,0.000000e+00,0.000000e+00
6.000000e+00,3.600000e+01,0.0,1.000000e+00,0.000000e+00,0.000000e+00
8.000000e+00,3.600000e+01,0.0,1.000000e+00,0.000000e+00,0.000000e+00
1.000000e+01,3.600000e+01,0.0,1.000000e+00,0.000000e+00,0.000000e+00
1.200000e+01,3.600000e+01,0.0,1.000000e+00,0.000000e+00,0.000000e+00
1.400000e+01,3.600000e+01,0.0,1.000000e+00,0.000000e+00,0.000000e+00
1.600000e+01,3.600000e+01,0.0,1.000000e+00,0.000000e+00,0.000000e+00
1.800000e+01,3.600000e+01,0.0,1.000000e+00,0.000000e+00,0.000000e+00
2.000000e+01,3.600000e+01,0.0,1.000000e+00,0.000000e+00,0.000000e+00
2.200000e+01,3.600000e+01,0.0,1.000000e+00,0.000000e+00,0.000000e+00
2.400000e+01,3.600000e+01,0.0,1.000000e+00,0.000000e+00,0.000000e+00
2.600000e+01,3.600000e+01,0.0,1.000000e+00,0.000000e+00,0.000000e+00
2.800000e+01,3.600000e+01,0.0,1.000000e+00,0.000000e+00,0.000000e+00
3.000000e+01,3.600000e+01,0.0,1.000000e+00,0.000000e+00,0.000000e+00
3.200000e+01,3.600000e+01,0.0,1.000000e+00,0.000000e+00,0.000000e+00
3.400000e+01,3.600000e+01,0.0,1.000000e+00,0.000000e+00,0.000000e+00
3.600000e+01,3.600000e+01,0.0,1.000000e+00,0.000000e+00,0.000000e+00
3.800000e+01,3.600000e+01,0.0,1.000000e+00,0.000000e+00,0.000000e+00
4.000000e+01,3.600000e+01,0.0,1.000000e+00,0.000000e+00,0.000000e+00
4.200000e+01,3.600000e+01,0.0,1.000000e+00,0.000000e+00,0.000000e+00
4.400000e+01,3.600000e+01,0.0,1.000000e+00,0.000000e+00,0.000000e+00
4.600000e+01,3.600000e+01,0.0,1.000000e+00,0.000000e+00,0.000000e+00
4.800000e+01,3.600000e+01,0.0,1.000000e+00,0.000000e+00,0.000000e+00
5.000000e+01,3.600000e+01,0.0,1.000000e+00,0.000000e+00,0.000000e+00
5.200000e+01,3.600000e+01,0.0,1.000000e+00,0.000000e+00,0.000000e+00
5.400000e+01,3.600000e+01,0.0,1.000000e+00,0.000000e+00,0.000000e+00
5.600000e+01,3.600000e+01,0.0,1.000000e+00,0.000000e+00,0.000000e+00
5.800000e+01,3.600000e+01,0.0,1.000000e+00,-6.103355e-53,0.000000e+00
6.000000e+01,3.600000e+01,0.0,1.000000e+00,-2.583328e-33,-4.905562e-17
6.200000e+01,3.600000e+01,0.0,1.000000e+00,-3.107416e-16,-3.875494e-15
6.400000e+01,3.600000e+01,0.0,1.000000e+00,-4.632587e-14,-4.415398e-13
6.600000e+01,3.600000e+01,0.0,1.000000e+00,-4.955936e-12,-4.830268e-11
6.800000e+01,3.600000e+01,0.0,1.000000e+00,-4.433760e-10,-5.438077e-09
7.000000e+01,3.600000e+01,0.0,1.000000e+00,-2.062895e-08,-4.843347e-07
7.200000e+01,3.600000e+01,0.0,1.000005e+00,-5.711324e-07,-1.505058e-05
7.400000e+01,3.600000e+01,0.0,1.000101e+00,-1.503852e-05,-3.205876e-04
7.600000e+01,3.600000e+01,0.0,1.001904e+00,-3.653653e-04,-7.043277e-03
7.800000e+01,3.600000e+01,0.0,1.012905e+00,-5.776042e-03,-5.974289e-02
8.000000e+01,3.600000e+01,0.0,1.068765e+00,-3.504140e-02,-3.926227e-01
8.200000e+01,3.600000e+01,0.0,1.210208e+00,-1.205202e-01,-1.335884e+00
8.400000e+01,3.600000e+01,0.0,1.383378e+00,-3.313102e-01,-2.545785e+00
8.600000e+01,3.600000e+01,0.0,1.800180e+00,-1.041182e+00,-5.700969e+00
8.800000e+01,3.600000e+01,0.0,2.398330e+00,-2.134409e+00,-1.084225e+01
9.000000e+01,3.600000e+01,0.0,2.939933e+00,-2.495084e+00,-1.670964e+01
9.200000e+01,3.600000e+01,0.0,3.219248e+00,-1.674696e+00,-2.061741e+01
9.400000e+01,3.600000e+01,0.0,3.344337e+00,-2.347986e-01,-2.202457e+01
9.600000e+01,3.600000e+01,0.0,3.240840e+00,1.042174e+00,-2.113224e+01
9.800000e+01,3.600000e+01,0.0,3.025841e+00,7.757878e-01,-1.689448e+01
1.000000e+02,3.600000e+01,0.0,3.048561e+00,5.845514e-16,-1.796152e+01
1.020000e+02,3.600000e+01,0.0,3.025841e+00,-7.757878e-01,-1.689448e+01
1.040000e+02,3.600000e+01,0.0,3.240840e+00,-1.042174e+00,-2.113224e+01
1.060000e+02,3.600000e+01,0.0,3.344337e+00,2.347986e-01,-2.202457e+01
1.080000e+02,3.600000e+01,0.0,3.219248e+00,1.674696e+00,-2.061741e+01
1.100000e+02,3.600000e+01,0.0,2.939933e+00,2.495084e+00,-1.670964e+01
1.120000e+02,3.600000e+01,0.0,2.398330e+00,2.134409e+00,-1.084225e+01
1.140000e+02,3.600000e+01,0.0,1.800180e+00,1.041182e+00,-5.700969e+00
1.160000e+02,3.600000e+01,0.0,1.383378e+00,3.313102e-01,-2.545785e+00
1.180000e+02,3.600000e+01,0.0,1.210208e+00,1.205202e-01,-1.335884e+00
1.200000e+02,3.600000e+01,0.0,1.068765e+00,3.504140e-02,-3.926227e-01
1.220000e+02,3.600000e+01,0.0,1.012905e+00,5.776042e-03,-5.974289e-02
1.240000e+02,3.600000e+01,0.0,1.001904e+00,3.653653e-04,-7.043277e-03
1.260000e+02,3.600000e+01,0.0,1.000101e+00,1.503852e-05,-3.205876e-04
1.280000e+02,3.600000e+01,0.0,1.000005e+00,5.711324e-07,-1.505058e-05
1.300000e+02,3.600000e+01,0.0,1.000000e+00,2.062895e-08,-4.843347e-07
1.320000e+02,3.600000e+01,0.0,1.000000e+00,4.433760e-10,-5.438077e-09
1.340000e+02,3.600000e+01,0.0,1.000000e+00,4.955936e-12,-4.830268e-11
1.360000e+02,3.600000e+01,0.0,1.000000e+00,4.632587e-14,-4.415398e-13
1.380000e+02,3.600000e+01,0.0,1.000000e+00,3.107416e-16,-3.875494e-15
1.400000e+02,3.600000e+01,0.0,1.000000e+00,2.583328e-33,-4.905562e-17
1.420000e+02,3.600000e+01,0.0,1.000000e+00,6.103355e-53,0.000000e+00
1.440000e+02,3.600000e+01,0.0,1.000000e+00,0.000000e+00,0.000000e+00
1.460000e+02,3.600000e+01,0.0,1.000000e+00,0.000000e+00,0.000000e+00
1.480000e+02,3.600000e+01,0.0,1.000000e+00,0.000000e+00,0.000000e+00
1.500000e+02,3.600000e+01,0.0,1.000000e+00,0.000000e+00,0.000000e+00
1.520000e+02,3.600000e+01,0.0,1.000000e+00,0.000000e+00,0.000000e+00
1.540000e+02,3.600000e+01,0.0,1.000000e+00,0.000000e+00,0.000000e+00
1.560000e+02,3.600000e+01,0.0,1.000000e+00,0.000000e+00,0.000000e+00
1.580000e+02,3.600000e+01,0.0,1.000000e+00,0.000000e+00,0.000000e+00
1.600000e+02,3.600000e+01,0.0,1.000000e+00,0.000000e+00,0.000000e+00
1.620000e+02,3.600000e+01,0.0,1.000000e+00,0.000000e+00,0.000000e+00
1.640000e+02,3.600000e+01,0.0,1.000000e+00,0.000000e+00,0.000000e+00
1.660000e+02,3.600000e+01,0.0,1.000000e+00,0.000000e+00,0.000000e+00
1.680000e+02,3.600000e+01,0.0,1.000000e+00,0.000000e+00,0.000000e+00
1.700000e+02,3.600000e+01,0.0,1.000000e+00,0.000000e+00,0.000000e+00
1.720000e+02,3.600000e+01,0.0,1.000000e+00,0.000000e+00,0.000000e+00
1.740000e+02,3.600000e+01,0.0,1.000000e+00,0.000000e+00,0.000000e+00
1.760000e+02,3.600000e+01,0.0,1.000000e+00,0.000000e+00,0.000000e+00
1.780000e+02,3.600000e+01,0.0,1.000000e+00,0.000000e+00,0.000000e+00
1.800000e+02,3.600000e+01,0.0,1.000000e+00,0.000000e+00,0.000000e+00
1.820000e+02,3.600000e+01,0.0,1.000000e+00,0.000000e+00,0.000000e+00
1.840000e+02,3.600000e+01,0.0,1.000000e+00,0.000000e+00,0.000000e+00
1.860000e+02,3.600000e+01,0.0,1.000000e+00,0.000000e+00,0.000000e+00
1.880000e+02,3.600000e+01,0.0,1.000000e+00,0.000000e+00,0.000000e+00
1.900000e+02,3.600000e+01,0.0,1.000000e+00,0.000000e+00,0.000000e+00
1.920000e+02,3.600000e+01,0.0,1.000000e+00,0.000000e+00,0.000000e+00
1.940000e+02,3.600000e+01,0.0,1.000000e+00,0.000000e+00,0.000000e+00
1.960000e+02,3.600000e+01,0.0,1.000000e+00,0.000000e+00,0.000000e+00
1.980000e+02,3.600000e+01,0.0,1.000000e+00,0.000000e+00,0.000000e+00
2.000000e+02,3.600000e+01,0.0,1.000000e+00,0.000000e+00,0.000000e+00
0.000000e+00,3.800000e+01,0.0,1.000000e+00,0.000000e+00,0.000000e+00
2.000000e+00,3.800000e+01,0.0,1.000000e+00,0.000000e+00,0.000000e+00
4.000000e+00,3.800000e+01,0.0,1.000000e+00,0.000000e+00,0.000000e+00
6.000000e+00,3.800000e+01,0.0,1.000000e+00,0.000000e+00,0.000000e+00
8.000000e+00,3.800000e+01,0.0,1.000000e+00,0.000000e+00,0.000000e+00
1.000000e+01,3.800000e+01,0.0,1.000000e+00,0.000000e+00,0.000000e+00
1.200000e+01,3.800000e+01,0.0,1.000000e+00,0.000000e+00,0.000000e+00
1.400000e+01,3.800000e+01,0.0,1.000000e+00,0.000000e+00,0.000000e+00
1.600000e+01,3.800000e+01,0.0,1.000000e+00,0.000000e+00,0.000000e+00
1.800000e+01,3.800000e+01,0.0,1.000000e+00,0.000000e+00,0.000000e+00
2.000000e+01,3.800000e+01,0.0,1.000000e+00,0.000000e+00,0.000000e+00
2.200000e+01,3.800000e+01,0.0,1.000000e+00,0.000000e+00,0.000000e+00
2.400000e+01,3.800000e+01,0.0,1.000000e+00,0.000000e+00,0.000000e+00
2.600000e+01,3.800000e+01,0.0,1.000000e+00,0.000000e+00,0.000000e+00
2.800000e+01,3.800000e+01,0.0,1.000000e+00,0.000000e+00,0.000000e+00
3.000000e+01,3.800000e+01,0.0,1.000000e+00,0.000000e+00,0.000000e+00
3.200000e+01,3.800000e+01,0.0,1.000000e+00,0.000000e+00,0.000000e+00
3.400000e+01,3.800000e+01,0.0,1.000000e+00,0.000000e+00,0.000000e+00
3.600000e+01,3.800000e+01,0.0,1.000000e+00,0.000000e+00,0.000000e+00
3.800000e+01,3.800000e+01,0.0,1.000000e+00,0.000000e+00,0.000000e+00
4.000000e+01,3.800000e+01,0.0,1.000000e+00,0.000000e+00,0.000000e+00
4.200000e+01,3.800000e+01,0.0,1.000000e+00,0.000000e+00,0.000000e+00
4.400000e+01,3.800000e+01,0.0,1.000000e+00,0.000000e+00,0.000000e+00
4.600000e+01,3.800000e+01,0.0,1.000000e+00,0.000000e+00,0.000000e+00
4.800000e+01,3.800000e+01,0.0,1.000000e+00,0.000000e+00,0.000000e+00
5.000000e+01,3.800000e+01,0.0,1.000000e+00,0.000000e+00,0.000000e+00
5.200000e+01,3.800000e+01,0.0,1.000000e+00,0.000000e+00,0.000000e+00
5.400000e+01,3.800000e+01,0.0,1.000000e+00,0.000000e+00,0.000000e+00
5.600000e+01,3.800000e+01,0.0,1.000000e+00,-4.255013e-37,0.000000e+00
5.800000e+01,3.800000e+01,0.0,1.000000e+00,-1.635539e-17,-1.798700e-16
6.000000e+01,3.800000e+01,0.0,1.000000e+00,-2.861687e-15,-2.931996e-14
6.200000e+01,3.800000e+01,0.0,1.000000e+00,-3.383753e-13,-3.530742e-12
6.400000e+01,3.800000e+01,0.0,1.000000e+00,-3.718783e-11,-3.964896e-10
6.600000e+01,3.800000e+01,0.0,1.000000e+00,-4.078616e-09,-4.581498e-08
6.800000e+01,3.800000e+01,0.0,1.000002e+00,-3.764707e-07,-4.721106e-06
7.000000e+01,3.800000e+01,0.0,1.000108e+00,-1.925098e-05,-3.397280e-04
7.200000e+01,3.800000e+01,0.0,1.003794e+00,-1.218742e-03,-1.521030e-02
7.400000e+01,3.800000e+01,0.0,1.053070e+00,-4.500518e-02,-3.056101e-01
7.600000e+01,3.800000e+01,0.0,1.380777e+00,-5.685210e-01,-2.563316e+00
7.800000e+01,3.800000e+01,0.0,1.922291e+00,-1.495003e+00,-6.822787e+00
8.000000e+01,3.800000e+01,0.0,2.367723e+00,-2.146463e+00,-1.059285e+01
8.200000e+01,3.800000e+01,0.0,2.692062e+00,-2.633392e+00,-1.347606e+01
8.400000e+01,3.800000e+01,0.0,3.027520e+00,-3.593729e+00,-1.628840e+01
8.600000e+01,3.800000e+01,0.0,3.387848e+00,-4.551922e+00,-2.029303e+01
8.800000e+01,3.800000e+01,0.0,3.543261e+00,-4.380651e+00,-2.270058e+01
9.000000e+01,3.800000e+01,0.0,3.560949e+00,-3.624061e+00,-2.424260e+01
9.200000e+01,3.800000e+01,0.0,3.525560e+00,-2.273621e+00,-2.487158e+01
9.400000e+01,3.800000e+01,0.0,3.614710e+00,-7.523508e-01,-2.618246e+01
9.600000e+01,3.800000e+01,0.0,3.721570e+00,-7.537284e-02,-2.720259e+01
9.800000e+01,3.800000e+01,0.0,3.917522e+00,1.814467e-01,-2.652165e+01
1.000000e+02,3.800000e+01,0.0,3.917839e+00,1.421993e-16,-2.744510e+01
1.020000e+02,3.800000e+01,0.0,3.917522e+00,-1.814467e-01,-2.652165e+01
1.040000e+02,3.800000e+01,0.0,3.721570e+00,7.537284e-02,-2.720259e+01
1.060000e+02,3.800000e+01,0.0,3.614710e+00,7.523508e-01,-2.618246e+01
1.080000e+02,3.800000e+01,0.0,3.525560e+00,2.273621e+00,-2.487158e+01
1.100000e+02,3.800000e+01,0.0,3.560949e+00,3.624061e+00,-2.424260e+01
1.120000e+02,3.800000e+01,0.0,3.543261e+00,4.380651e+00,-2.270058e+01
1.140000e+02,3.800000e+01,0.0,3.387848e+00,4.551922e+00,-2.029303e+01
1.160000e+02,3.800000e+01,0.0,3.027520e+00,3.593729e+00,-1.628840e+01
1.180000e+02,3.800000e+01,0.0,2.692062e+00,2.633392e+00,-1.347606e+01
1.200000e+02,3.800000e+01,0.0,2.367723e+00,2.146463e+00,-1.059285e+01
1.220000e+02,3.800000e+01,0.0,1.922291e+00,1.495003e+00,-6.822787e+00
1.240000e+02,3.800000e+01,0.0,1.380777e+00,5.685210e-01,-2.563316e+00
1.260000e+02,3.800000e+01,0.0,1.053070e+00,4.500518e-02,-3.056101e-01
1.280000e+02,3.800000e+01,0.0,1.003794e+00,1.218742e-03,-1.521030e-02
1.300000e+02,3.800000e+01,0.0,1.000108e+00,1.925098e-05,-3.397280e-04
1.320000e+02,3.800000e+01,0.0,1.000002e+00,3.764707e-07,-4.721106e-06
1.340000e+02,3.800000e+01,0.0,1.000000e+00,4.078616e-09,-4.581498e-08
1.360000e+02,3.800000e+01,0.0,1.000000e+00,3.718783e-11,-3.964896e-10
1.380000e+02,3.800000e+01,0.0,1.000000e+00,3.383753e-13,-3.530742e-12
1.400000e+02,3.800000e+01,0.0,1.000000e+00,2.861687e-15,-2.931996e-14
1.420000e+02,3.800000e+01,0.0,1.000000e+00,1.635539e-17,-1.798700e-16
1.440000e+02,3.800000e+01,0.0,1.000000e+00,4.255013e-37,0.000000e+00
1.460000e+02,3.800000e+01,0.0,1.000000e+00,0.000000e+00,0.000000e+00
1.480000e+02,3.800000e+01,0.0,1.000000e+00,0.000000e+00,0.000000e+00
1.500000e+02,3.800000e+01,0.0,1.000000e+00,0.000000e+00,0.000000e+00
1.520000e+02,3.800000e+01,0.0,1.000000e+00,0.000000e+00,0.000000e+00
1.540000e+02,3.800000e+01,0.0,1.000000e+00,0.000000e+00,0.000000e+00
1.560000e+02,3.800000e+01,0.0,1.000000e+00,0.000000e+00,0.000000e+00
1.580000e+02,3.800000e+01,0.0,1.000000e+00,0.000000e+00,0.000000e+00
1.600000e+02,3.800000e+01,0.0,1.000000e+00,0.000000e+00,0.000000e+00
1.620000e+02,3.800000e+01,0.0,1.000000e+00,0.000000e+00,0.000000e+00
1.640000e+02,3.800000e+01,0.0,1.000000e+00,0.000000e+00,0.000000e+00
1.660000e+02,3.800000e+01,0.0,1.000000e+00,0.000000e+00,0.000000e+00
1.680000e+02,3.800000e+01,0.0,1.000000e+00,0.000000e+00,0.000000e+00
1.700000e+02,3.800000e+01,0.0,1.000000e+00,0.000000e+00,0.000000e+00
1.720000e+02,3.800000e+01,0.0,1.000000e+00,0.000000e+00,0.000000e+00
1.740000e+02,3.800000e+01,0.0,1.000000e+00,0.000000e+00,0.000000e+00
1.760000e+02,3.800000e+01,0.0,1.000000e+00,0.000000e+00,0.000000e+00
1.780000e+02,3.800000e+01,0.0,1.000000e+00,0.000000e+00,0.000000e+00
1.800000e+02,3.800000e+01,0.0,1.000000e+00,0.000000e+00,0.000000e+00
1.820000e+02,3.800000e+01,0.0,1.000000e+00,0.000000e+00,0.000000e+00
1.840000e+02,3.800000e+01,0.0,1.000000e+00,0.000000e+00,0.000000e+00
1.860000e+02,3.800000e+01,0.0,1.000000e+00,0.000000e+00,0.000000e+00
1.880000e+02,3.800000e+01,0.0,1.000000e+00,0.000000e+00,0.000000e+00
1.900000e+02,3.800000e+01,0.0,1.000000e+00,0.000000e+00,0.000000e+00
1.920000e+02,3.800000e+01,0.0,1.000000e+00,0.000000e+00,0.000000e+00
1.940000e+02,3.800000e+01,0.0,1.000000e+00,0.000000e+00,0.000000e+00
1.960000e+02,3.800000e+01,0.0,1.000000e+00,0.000000e+00,0.000000e+00
1.980000e+02,3.800000e+01,0.0,1.000000e+00,0.000000e+00,0.000000e+00
2.000000e+02,3.800000e+01,0.0,1.000000e+00,0.000000e+00,0.000000e+00
0.000000e+00,4.000000e+01,0.0,1.000000e+00,0.000000e+00,0.000000e+00
2.000000e+00,4.000000e+01,0.0,1.000000e+00,0.000000e+00,0.000000e+00
4.000000e+00,4.000000e+01,0.0,1.000000e+00,0.000000e+00,0.000000e+00
6.000000e+00,4.000000e+01,0.0,1.000000e+00,0.000000e+00,0.000000e+00
8.000000e+00,4.000000e+01,0.0,1.000000e+00,0.000000e+00,0.000000e+00
1.000000e+01,4.000000e+01,0.0,1.000000e+00,0.000000e+00,0.000000e+00
1.200000e+01,4.000000e+01,0.0,1.000000e+00,0.000000e+00,0.000000e+00
1.400000e+01,4.000000e+01,0.0,1.000000e+00,0.000000e+00,0.000000e+00
1.600000e+01,4.000000e+01,0.0,1.000000e+00,0.000000e+00,0.000000e+00
1.800000e+01,4.000000e+01,0.0,1.000000e+00,0.000000e+00,0.000000e+00
2.000000e+01,4.000000e+01,0.0,1.000000e+00,0.000000e+00,0.000000e+00
2.200000e+01,4.000000e+01,0.0,1.000000e+00,0.000000e+00,0.000000e+00
2.400000e+01,4.000000e+01,0.0,1.000000e+00,0.000000e+00,0.000000e+00
2.600000e+01,4.000000e+01,0.0,1.000000e+00,0.000000e+00,0.000000e+00
2.800000e+01,4.000000e+01,0.0,1.000000e+00,0.000000e+00,0.000000e+00
3.000000e+01,4.000000e+01,0.0,1.000000e+00,0.000000e+00,0.000000e+00
3.200000e+01,4.000000e+01,0.0,1.000000e+00,0.000000e+00,0.000000e+00
3.400000e+01,4.000000e+01,0.0,1.000000e+00,0.000000e+00,0.000000e+00
3.600000e+01,4.000000e+01,0.0,1.000000e+00,0.000000e+00,0.000000e+00
3.800000e+01,4.000000e+01,0.0,1.000000e+00,0.000000e+00,0.000000e+00
4.000000e+01,4.000000e+01,0.0,1.000000e+00,0.000000e+00,0.000000e+00
4.200000e+01,4.000000e+01,0.0,1.000000e+00,0.000000e+00,0.000000e+00
4.400000e+01,4.000000e+01,0.0,1.000000e+00,0.000000e+00,0.000000e+00
4.600000e+01,4.000000e+01,0.0,1.000000e+00,0.000000e+00,0.000000e+00
4.800000e+01,4.000000e+01,0.0,1.000000e+00,0.000000e+00,0.000000e+00
5.000000e+01,4.000000e+01,0.0,1.000000e+00,0.000000e+00,0.000000e+00
5.200000e+01,4.000000e+01,0.0,1.000000e+00,0.000000e+00,0.000000e+00
5.400000e+01,4.000000e+01,0.0,1.000000e+00,-2.127612e-36,0.000000e+00
5.600000e+01,4.000000e+01,0.0,1.000000e+00,-9.812179e-17,-4.415246e-16
5.800000e+01,4.000000e+01,0.0,1.000000e+00,-2.008091e-14,-1.478747e-13
6.000000e+01,4.000000e+01,0.0,1.000000e+00,-2.644490e-12,-2.478311e-11
6.200000e+01,4.000000e+01,0.0,1.000000e+00,-3.013961e-10,-2.974692e-09
6.400000e+01,4.000000e+01,0.0,1.000000e+00,-3.445243e-08,-3.420507e-07
6.600000e+01,4.000000e+01,0.0,1.000015e+00,-3.607684e-06,-4.380103e-05
6.800000e+01,4.000000e+01,0.0,1.001588e+00,-4.512974e-04,-5.668979e-03
7.000000e+01,4.000000e+01,0.0,1.073078e+00,-7.435756e-02,-4.380357e-01
7.200000e+01,4.000000e+01,0.0,1.589764e+00,-1.271468e+00,-4.263954e+00
7.400000e+01,4.000000e+01,0.0,2.519757e+00,-3.902707e+00,-1.215173e+01
7.600000e+01,4.000000e+01,0.0,3.140448e+00,-6.066362e+00,-1.808910e+01
7.800000e+01,4.000000e+01,0.0,3.336672e+00,-6.310083e+00,-2.035637e+01
8.000000e+01,4.000000e+01,0.0,3.397543e+00,-6.039006e+00,-2.083029e+01
8.200000e+01,4.000000e+01,0.0,3.460046e+00,-5.986948e+00,-2.126317e+01
8.400000e+01,4.000000e+01,0.0,3.573212e+00,-5.813990e+00,-2.216181e+01
8.600000e+01,4.000000e+01,0.0,3.643848e+00,-5.382839e+00,-2.379783e+01
8.800000e+01,4.000000e+01,0.0,3.647891e+00,-4.747184e+00,-2.457552e+01
9.000000e+01,4.000000e+01,0.0,3.553821e+00,-3.938241e+00,-2.474294e+01
9.200000e+01,4.000000e+01,0.0,3.470219e+00,-2.658731e+00,-2.476846e+01
9.400000e+01,4.000000e+01,0.0,3.598455e+00,-1.437416e+00,-2.630076e+01
9.600000e+01,4.000000e+01,0.0,3.759709e+00,-8.764045e-01,-2.762506e+01
9.800000e+01,4.000000e+01,0.0,3.993870e+00,-2.336062e-01,-2.794107e+01
1.000000e+02,4.000000e+01,0.0,3.985043e+00,-9.598969e-16,-2.844789e+01
1.020000e+02,4.000000e+01,0.0,3.993870e+00,2.336062e-01,-2.794107e+01
1.040000e+02,4.000000e+01,0.0,3.759709e+00,8.764045e-01,-2.762506e+01
1.060000e+02,4.000000e+01,0.0,3.598455e+00,1.437416e+00,-2.630076e+01
1.080000e+02,4.000000e+01,0.0,3.470219e+00,2.658731e+00,-2.476846e+01
1.100000e+02,4.000000e+01,0.0,3.553821e+00,3.938241e+00,-2.474294e+01
1.120000e+02,4.000000e+01,0.0,3.647891e+00,4.747184e+00,-2.457552e+01
1.140000e+02,4.000000e+01,0.0,3.643848e+00,5.382839e+00,-2.379783e+01
1.160000e+02,4.000000e+01,0.0,3.573212e+00,5.813990e+00,-2.216181e+01
1.180000e+02,4.000000e+01,0.0,3.460046e+00,5.986948e+00,-2.126317e+01
1.200000e+02,4.000000e+01,0.0,3.397543e+00,6.039006e+00,-2.083029e+01
1.220000e+02,4.000000e+01,0.0,3.336672e+00,6.310083e+00,-2.035637e+01
1.240000e+02,4.000000e+01,0.0,3.140448e+00,6.066362e+00,-1.808910e+01
1.260000e+02,4.000000e+01,0.0,2.519757e+00,3.902707e+00,-1.215173e+01
1.280000e+02,4.000000e+01,0.0,1.589764e+00,1.271468e+00,-4.263954e+00
1.300000e+02,4.000000e+01,0.0,1.073078e+00,7.435756e-02,-4.380357e-01
1.320000e+02,4.000000e+01,0.0,1.001588e+00,4.512974e-04,-5.668979e-03
1.340000e+02,4.000000e+01,0.0,1.000015e+00,3.607684e-06,-4.380103e-05
1.360000e+02,4.000000e+01,0.0,1.000000e+00,3.445243e-08,-3.420507e-07
1.380000e+02,4.000000e+01,0.0,1.000000e+00,3.013961e-10,-2.974692e-09
1.400000e+02,4.000000e+01,0.0,1.000000e+00,2.644490e-12,-2.478311e-11
1.420000e+02,4.000000e+01,0.0,1.000000e+00,2.008091e-14,-1.478747e-13
1.440000e+02,4.000000e+01,0.0,1.000000e+00,9.812179e-17,-4.415246e-16
1.460000e+02,4.000000e+01,0.0,1.000000e+00,2.127612e-36,0.000000e+00
1.480000e+02,4.000000e+01,0.0,1.000000e+00,0.000000e+00,0.000000e+00
1.500000e+02,4.000000e+01,0.0,1.000000e+00,0.000000e+00,0.000000e+00
1.520000e+02,4.000000e+01,0.0,1.000000e+00,0.000000e+00,0.000000e+00
1.540000e+02,4.000000e+01,0.0,1.000000e+00,0.000000e+00,0.000000e+00
1.560000e+02,4.000000e+01,0.0,1.000000e+00,0.000000e+00,0.000000e+00
1.580000e+02,4.000000e+01,0.0,1.000000e+00,0.000000e+00,0.000000e+00
1.600000e+02,4.000000e+01,0.0,1.000000e+00,0.000000e+00,0.000000e+00
1.620000e+02,4.000000e+01,0.0,1.000000e+00,0.000000e+00,0.000000e+00
1.640000e+02,4.000000e+01,0.0,1.000000e+00,0.000000e+00,0.000000e+00
1.660000e+02,4.000000e+01,0.0,1.000000e+00,0.000000e+00,0.000000e+00
1.680000e+02,4.000000e+01,0.0,1.000000e+00,0.000000e+00,0.000000e+00
1.700000e+02,4.000000e+01,0.0,1.000000e+00,0.000000e+00,0.000000e+00
1.720000e+02,4.000000e+01,0.0,1.000000e+00,0.000000e+00,0.000000e+00
1.740000e+02,4.000000e+01,0.0,1.000000e+00,0.000000e+00,0.000000e+00
1.760000e+02,4.000000e+01,0.0,1.000000e+00,0.000000e+00,0.000000e+00
1.780000e+02,4.000000e+01,0.0,1.000000e+00,0.000000e+00,0.000000e+00
1.800000e+02,4.000000e+01,0.0,1.000000e+00,0.000000e+00,0.000000e+00
1.820000e+02,4.000000e+01,0.0,1.000000e+00,0.000000e+00,0.000000e+00
1.840000e+02,4.000000e+01,0.0,1.000000e+00,0.000000e+00,0.000000e+00
1.860000e+02,4.000000e+01,0.0,1.000000e+00,0.000000e+00,0.000000e+00
1.880000e+02,4.000000e+01,0.0,1.000000e+00,0.000000e+00,0.000000e+00
1.900000e+02,4.000000e+01,0.0,1.000000e+00,0.000000e+00,0.000000e+00
1.920000e+02,4.000000e+01,0.0,1.000000e+00,0.000000e+00,0.000000e+00
1.940000e+02,4.000000e+01,0.0,1.000000e+00,0.000000e+00,0.000000e+00
1.960000e+02,4.000000e+01,0.0,1.000000e+00,0.000000e+00,0.000000e+00
1.980000e+02,4.000000e+01,0.0,1.000000e+00,0.000000e+00,0.000000e+00
2.000000e+02,4.000000e+01,0.0,1.000000e+00,0.000000e+00,0.000000e+00
0.000000e+00,4.200000e+01,0.0,1.000000e+00,0.000000e+00,0.000000e+00
2.000000e+00,4.200000e+01,0.0,1.000000e+00,0.000000e+00,0.000000e+00
4.000000e+00,4.200000e+01,0.0,1.000000e+00,0.000000e+00,0.000000e+00
6.000000e+00,4.200000e+01,0.0,1.000000e+00,0.000000e+00,0.000000e+00
8.000000e+00,4.200000e+01,0.0,1.000000e+00,0.000000e+00,0.000000e+00
1.000000e+01,4.200000e+01,0.0,1.000000e+00,0.000000e+00,0.000000e+00
1.200000e+01,4.200000e+01,0.0,1.000000e+00,0.000000e+00,0.000000e+00
1.400000e+01,4.200000e+01,0.0,1.000000e+00,0.000000e+00,0.000000e+00
1.600000e+01,4.200000e+01,0.0,1.000000e+00,0.000000e+00,0.000000e+00
1.800000e+01,4.200000e+01,0.0,1.000000e+00,0.000000e+00,0.000000e+00
2.000000e+01,4.200000e+01,0.0,1.000000e+00,0.000000e+00,0.000000e+00
2.200000e+01,4.200000e+01,0.0,1.000000e+00,0.000000e+00,0.000000e+00
2.400000e+01,4.200000e+01,0.0,1.000000e+00,0.000000e+00,0.000000e+00
2.600000e+01,4.200000e+01,0.0,1.000000e+00,0.000000e+00,0.000000e+00
2.800000e+01,4.200000e+01,0.0,1.000000e+00,0.000000e+00,0.000000e+00
3.000000e+01,4.200000e+01,0.0,1.000000e+00,0.000000e+00,0.000000e+00
3.200000e+01,4.200000e+01,0.0,1.000000e+00,0.000000e+00,0.000000e+00
3.400000e+01,4.200000e+01,0.0,1.000000e+00,0.000000e+00,0.000000e+00
3.600000e+01,4.200000e+01,0.0,1.000000e+00,0.000000e+00,0.000000e+00
3.800000e+01,4.200000e+01,0.0,1.000000e+00,0.000000e+00,0.000000e+00
4.000000e+01,4.200000e+01,0.0,1.000000e+00,0.000000e+00,0.000000e+00
4.200000e+01,4.200000e+01,0.0,1.000000e+00,0.000000e+00,0.000000e+00
4.400000e+01,4.200000e+01,0.0,1.000000e+00,0.000000e+00,0.000000e+00
4.600000e+01,4.200000e+01,0.0,1.000000e+00,0.000000e+00,0.000000e+00
4.800000e+01,4.200000e+01,0.0,1.000000e+00,0.000000e+00,0.000000e+00
5.000000e+01,4.200000e+01,0.0,1.000000e+00,0.000000e+00,0.000000e+00
5.200000e+01,4.200000e+01,0.0,1.000000e+00,-8.365982e-36,0.000000e+00
5.400000e+01,4.200000e+01,0.0,1.000000e+00,-2.780126e-16,-8.176487e-16
5.600000e+01,4.200000e+01,0.0,1.000000e+00,-9.675744e-14,-4.317753e-13
5.800000e+01,4.200000e+01,0.0,1.000000e+00,-1.736042e-11,-1.442942e-10
6.000000e+01,4.200000e+01,0.0,1.000000e+00,-2.235157e-09,-2.222008e-08
6.200000e+01,4.200000e+01,0.0,1.000001e+00,-2.593368e-07,-2.061529e-06
6.400000e+01,4.200000e+01,0.0,1.000083e+00,-3.126436e-05,-2.429888e-04
6.600000e+01,4.200000e+01,0.0,1.008948e+00,-7.605297e-03,-3.762442e-02
6.800000e+01,4.200000e+01,0.0,1.382225e+00,-9.122032e-01,-2.537038e+00
7.000000e+01,4.200000e+01,0.0,2.651826e+00,-5.184527e+00,-1.315817e+01
7.200000e+01,4.200000e+01,0.0,3.519615e+00,-9.259984e+00,-2.167804e+01
7.400000e+01,4.200000e+01,0.0,3.716847e+00,-1.007766e+01,-2.416928e+01
7.600000e+01,4.200000e+01,0.0,3.650398e+00,-9.468195e+00,-2.374099e+01
7.800000e+01,4.200000e+01,0.0,3.520630e+00,-8.482728e+00,-2.265521e+01
8.000000e+01,4.200000e+01,0.0,3.477388e+00,-7.738735e+00,-2.216210e+01
8.200000e+01,4.200000e+01,0.0,3.494200e+00,-7.146724e+00,-2.231395e+01
8.400000e+01,4.200000e+01,0.0,3.578956e+00,-6.472258e+00,-2.323519e+01
8.600000e+01,4.200000e+01,0.0,3.609450e+00,-5.908371e+00,-2.433439e+01
8.800000e+01,4.200000e+01,0.0,3.613295e+00,-5.606743e+00,-2.480822e+01
9.000000e+01,4.200000e+01,0.0,3.504587e+00,-4.612777e+00,-2.453586e+01
9.200000e+01,4.200000e+01,0.0,3.389598e+00,-3.150275e+00,-2.423229e+01
9.400000e+01,4.200000e+01,0.0,3.516094e+00,-1.789786e+00,-2.551755e+01
9.600000e+01,4.200000e+01,0.0,3.740114e+00,-8.746513e-01,-2.736690e+01
9.800000e+01,4.200000e+01,0.0,3.966065e+00,-3.109496e-02,-2.838173e+01
1.000000e+02,4.200000e+01,0.0,3.972457e+00,-5.629190e-16,-2.861897e+01
1.020000e+02,4.200000e+01,0.0,3.966065e+00,3.109496e-02,-2.838173e+01
1.040000e+02,4.200000e+01,0.0,3.740114e+00,8.746513e-01,-2.736690e+01
1.060000e+02,4.200000e+01,0.0,3.516094e+00,1.789786e+00,-2.551755e+01
1.080000e+02,4.200000e+01,0.0,3.389598e+00,3.150275e+00,-2.423229e+01
1.100000e+02,4.200000e+01,0.0,3.504587e+00,4.612777e+00,-2.453586e+01
1.120000e+02,4.200000e+01,0.0,3.613295e+00,5.606743e+00,-2.480822e+01
1.140000e+02,4.200000e+01,0.0,3.609450e+00,5.908371e+00,-2.433439e+01
1.160000e+02,4.200000e+01,0.0,3.578956e+00,6.472258e+00,-2.323519e+01
1.180000e+02,4.200000e+01,0.0,3.494200e+00,7.146724e+00,-2.231395e+01
1.200000e+02,4.200000e+01,0.0,3.477388e+00,7.738735e+00,-2.216210e+01
1.220000e+02,4.200000e+01,0.0,3.520630e+00,8.482728e+00,-2.265521e+01
1.240000e+02,4.200000e+01,0.0,3.650398e+00,9.468195e+00,-2.374099e+01
1.260000e+02,4.200000e+01,0.0,3.716847e+00,1.007766e+01,-2.416928e+01
1.280000e+02,4.200000e+01,0.0,3.519615e+00,9.259984e+00,-2.167804e+01
1.300000e+02,4.200000e+01,0.0,2.651826e+00,5.184527e+00,-1.315817e+01
1.320000e+02,4.200000e+01,0.0,1.382225e+00,9.122032e-01,-2.537038e+00
1.340000e+02,4.200000e+01,0.0,1.008948e+00,7.605297e-03,-3.762442e-02
1.360000e+02,4.200000e+01,0.0,1.000083e+00,3.126436e-05,-2.429888e-04
1.380000e+02,4.200000e+01,0.0,1.000001e+00,2.593368e-07,-2.061529e-06
1.400000e+02,4.200000e+01,0.0,1.000000e+00,2.235157e-09,-2.222008e-08
1.420000e+02,4.200000e+01,0.0,1.000000e+00,1.736042e-11,-1.442942e-10
1.440000e+02,4.200000e+01,0.0,1.000000e+00,9.675744e-14,-4.317753e-13
1.460000e+02,4.200000e+01,0.0,1.000000e+00,2.780126e-16,-8.176487e-16
1.480000e+02,4.200000e+01,0.0,1.000000e+00,8.365982e-36,0.000000e+00
1.500000e+02,4.200000e+01,0.0,1.000000e+00,0.000000e+00,0.000000e+00
1.520000e+02,4.200000e+01,0.0,1.000000e+00,0.000000e+00,0.000000e+00
1.540000e+02,4.200000e+01,0.0,1.000000e+00,0.000000e+00,0.000000e+00
1.560000e+02,4.200000e+01,0.0,1.000000e+00,0.000000e+00,0.000000e+00
1.580000e+02,4.200000e+01,0.0,1.000000e+00,0.000000e+00,0.000000e+00
1.600000e+02,4.200000e+01,0.0,1.000000e+00,0.000000e+00,0.000000e+00
1.620000e+02,4.200000e+01,0.0,1.000000e+00,0.000000e+00,0.000000e+00
1.640000e+02,4.200000e+01,0.0,1.000000e+00,0.000000e+00,0.000000e+00
1.660000e+02,4.200000e+01,0.0,1.000000e+00,0.000000e+00,0.000000e+00
1.680000e+02,4.200000e+01,0.0,1.000000e+00,0.000000e+00,0.000000e+00
1.700000e+02,4.200000e+01,0.0,1.000000e+00,0.000000e+00,0.000000e+00
1.720000e+02,4.200000e+01,0.0,1.000000e+00,0.000000e+00,0.000000e+00
1.740000e+02,4.200000e+01,0.0,1.000000e+00,0.000000e+00,0.000000e+00
1.760000e+02,4.200000e+01,0.0,1.000000e+00,0.000000e+00,0.000000e+00
1.780000e+02,4.200000e+01,0.0,1.000000e+00,0.000000e+00,0.000000e+00
1.800000e+02,4.200000e+01,0.0,1.000000e+00,0.000000e+00,0.000000e+00
1.820000e+02,4.200000e+01,0.0,1.000000e+00,0.000000e+00,0.000000e+00
1.840000e+02,4.200000e+01,0.0,1.000000e+00,0.000000e+00,0.000000e+00
1.860000e+02,4.200000e+01,0.0,1.000000e+00,0.000000e+00,0.000000e+00
1.880000e+02,4.200000e+01,0.0,1.000000e+00,0.000000e+00,0.000000e+00
1.900000e+02,4.200000e+01,0.0,1.000000e+00,0.000000e+00,0.000000e+00
1.920000e+02,4.200000e+01,0.0,1.000000e+00,0.000000e+00,0.000000e+00
1.940000e+02,4.200000e+01,0.0,1.000000e+00,0.000000e+00,0.000000e+00
1.960000e+02,4.200000e+01,0.0,1.000000e+00,0.000000e+00,0.000000e+00
1.980000e+02,4.200000e+01,0.0,1.000000e+00,0.000000e+00,0.000000e+00
2.000000e+02,4.200000e+01,0.0,1.000000e+00,0.000000e+00,0.000000e+00
0.000000e+00,4.400000e+01,0.0,1.000000e+00,0.000000e+00,0.000000e+00
2.000000e+00,4.400000e+01,0.0,1.000000e+00,0.000000e+00,0.000000e+00
4.000000e+00,4.400000e+01,0.0,1.000000e+00,0.000000e+00,0.000000e+00
6.000000e+00,4.400000e+01,0.0,1.000000e+00,0.000000e+00,0.000000e+00
8.000000e+00,4.400000e+01,0.0,1.000000e+00,0.000000e+00,0.000000e+00
1.000000e+01,4.400000e+01,0.0,1.000000e+00,0.000000e+00,0.000000e+00
1.200000e+01,4.400000e+01,0.0,1.000000e+00,0.000000e+00,0.000000e+00
1.400000e+01,4.400000e+01,0.0,1.000000e+00,0.000000e+00,0.000000e+00
1.600000e+01,4.400000e+01,0.0,1.000000e+00,0.000000e+00,0.000000e+00
1.800000e+01,4.400000e+01,0.0,1.000000e+00,0.000000e+00,0.000000e+00
2.000000e+01,4.400000e+01,0.0,1.000000e+00,0.000000e+00,0.000000e+00
2.200000e+01,4.400000e+01,0.0,1.000000e+00,0.000000e+00,0.000000e+00
2.400000e+01,4.400000e+01,0.0,1.000000e+00,0.000000e+00,0.000000e+00
2.600000e+01,4.400000e+01,0.0,1.000000e+00,0.000000e+00,0.000000e+00
2.800000e+01,4.400000e+01,0.0,1.000000e+00,0.000000e+00,0.000000e+00
3.000000e+01,4.400000e+01,0.0,1.000000e+00,0.000000e+00,0.000000e+00
3.200000e+01,4.400000e+01,0.0,1.000000e+00,0.000000e+00,0.000000e+00
3.400000e+01,4.400000e+01,0.0,1.000000e+00,0.000000e+00,0.000000e+00
3.600000e+01,4.400000e+01,0.0,1.000000e+00,0.000000e+00,0.000000e+00
3.800000e+01,4.400000e+01,0.0,1.000000e+00,0.000000e+00,0.000000e+00
4.000000e+01,4.400000e+01,0.0,1.000000e+00,0.000000e+00,0.000000e+00
4.200000e+01,4.400000e+01,0.0,1.000000e+00,0.000000e+00,0.000000e+00
4.400000e+01,4.400000e+01,0.0,1.000000e+00,0.000000e+00,0.000000e+00
4.600000e+01,4.400000e+01,0.0,1.000000e+00,0.000000e+00,0.000000e+00
4.800000e+01,4.400000e+01,0.0,1.000000e+00,0.000000e+00,0.000000e+00
5.000000e+01,4.400000e+01,0.0,1.000000e+00,-5.769130e-35,1.635539e-17
5.200000e+01,4.400000e+01,0.0,1.000000e+00,-6.377579e-16,-1.144707e-15
5.400000e+01,4.400000e+01,0.0,1.000000e+00,-2.961948e-13,-7.540902e-13
5.600000e+01,4.400000e+01,0.0,1.000000e+00,-9.254008e-11,-4.504811e-10
5.800000e+01,4.400000e+01,0.0,1.000000e+00,-1.576592e-08,-1.442538e-07
6.000000e+01,4.400000e+01,0.0,1.000007e+00,-1.690190e-06,-2.182928e-05
6.200000e+01,4.400000e+01,0.0,1.000788e+00,-2.307962e-04,-2.589637e-03
6.400000e+01,4.400000e+01,0.0,1.057478e+00,-7.833150e-02,-3.104376e-01
6.600000e+01,4.400000e+01,0.0,1.946111e+00,-3.135310e+00,-6.568497e+00
6.800000e+01,4.400000e+01,0.0,3.328848e+00,-9.888230e+00,-1.875828e+01
7.000000e+01,4.400000e+01,0.0,3.778812e+00,-1.221855e+01,-2.406984e+01
7.200000e+01,4.400000e+01,0.0,3.853541e+00,-1.235563e+01,-2.525015e+01
7.400000e+01,4.400000e+01,0.0,3.799572e+00,-1.178603e+01,-2.506413e+01
7.600000e+01,4.400000e+01,0.0,3.639033e+00,-1.033155e+01,-2.389623e+01
7.800000e+01,4.400000e+01,0.0,3.496376e+00,-9.078239e+00,-2.289263e+01
8.000000e+01,4.400000e+01,0.0,3.430949e+00,-8.035984e+00,-2.257867e+01
8.200000e+01,4.400000e+01,0.0,3.430326e+00,-7.302677e+00,-2.288879e+01
8.400000e+01,4.400000e+01,0.0,3.493205e+00,-6.800665e+00,-2.372851e+01
8.600000e+01,4.400000e+01,0.0,3.511932e+00,-6.537528e+00,-2.439278e+01
8.800000e+01,4.400000e+01,0.0,3.518210e+00,-6.318990e+00,-2.476610e+01
9.000000e+01,4.400000e+01,0.0,3.436245e+00,-5.289191e+00,-2.439529e+01
9.200000e+01,4.400000e+01,0.0,3.360281e+00,-3.564792e+00,-2.419661e+01
9.400000e+01,4.400000e+01,0.0,3.466467e+00,-1.815790e+00,-2.529423e+01
9.600000e+01,4.400000e+01,0.0,3.672445e+00,-5.159370e-01,-2.713251e+01
9.800000e+01,4.400000e+01,0.0,3.887381e+00,2.622741e-01,-2.846929e+01
1.000000e+02,4.400000e+01,0.0,3.919410e+00,-1.877362e-15,-2.853856e+01
1.020000e+02,4.400000e+01,0.0,3.887381e+00,-2.622741e-01,-2.846929e+01
1.040000e+02,4.400000e+01,0.0,3.672445e+00,5.159370e-01,-2.713251e+01
1.060000e+02,4.400000e+01,0.0,3.466467e+00,1.815790e+00,-2.529423e+01
1.080000e+02,4.400000e+01,0.0,3.360281e+00,3.564792e+00,-2.419661e+01
1.100000e+02,4.400000e+01,0.0,3.436245e+00,5.289191e+00,-2.439529e+01
1.120000e+02,4.400000e+01,0.0,3.518210e+00,6.318990e+00,-2.476610e+01
1.140000e+02,4.400000e+01,0.0,3.511932e+00,6.537528e+00,-2.439278e+01
1.160000e+02,4.400000e+01,0.0,3.493205e+00,6.800665e+00,-2.372851e+01
1.180000e+02,4.400000e+01,0.0,3.430326e+00,7.302677e+00,-2.288879e+01
1.200000e+02,4.400000e+01,0.0,3.430949e+00,8.035984e+00,-2.257867e+01
1.220000e+02,4.400000e+01,0.0,3.496376e+00,9.078239e+00,-2.289263e+01
1.240000e+02,4.400000e+01,0.0,3.639033e+00,1.033155e+01,-2.389623e+01
1.260000e+02,4.400000e+01,0.0,3.799572e+00,1.178603e+01,-2.506413e+01
1.280000e+02,4.400000e+01,0.0,3.853541e+00,1.235563e+01,-2.525015e+01
1.300000e+02,4.400000e+01,0.0,3.778812e+00,1.221855e+01,-2.406984e+01
1.320000e+02,4.400000e+01,0.0,3.328848e+00,9.888230e+00,-1.875828e+01
1.340000e+02,4.400000e+01,0.0,1.946111e+00,3.135310e+00,-6.568497e+00
1.360000e+02,4.400000e+01,0.0,1.057478e+00,7.833150e-02,-3.104376e-01
1.380000e+02,4.400000e+01,0.0,1.000788e+00,2.307962e-04,-2.589637e-03
1.400000e+02,4.400000e+01,0.0,1.000007e+00,1.690190e-06,-2.182928e-05
1.420000e+02,4.400000e+01,0.0,1.000000e+00,1.576592e-08,-1.442538e-07
1.440000e+02,4.400000e+01,0.0,1.000000e+00,9.254008e-11,-4.504811e-10
1.460000e+02,4.400000e+01,0.0,1.000000e+00,2.961948e-13,-7.540902e-13
1.480000e+02,4.400000e+01,0.0,1.000000e+00,6.377579e-16,-1.144707e-15
1.500000e+02,4.400000e+01,0.0,1.000000e+00,5.769130e-35,1.635539e-17
1.520000e+02,4.400000e+01,0.0,1.000000e+00,0.000000e+00,0.000000e+00
1.540000e+02,4.400000e+01,0.0,1.000000e+00,0.000000e+00,0.000000e+00
1.560000e+02,4.400000e+01,0.0,1.000000e+00,0.000000e+00,0.000000e+00
1.580000e+02,4.400000e+01,0.0,1.000000e+00,0.000000e+00,0.000000e+00
1.600000e+02,4.400000e+01,0.0,1.000000e+00,0.000000e+00,0.000000e+00
1.620000e+02,4.400000e+01,0.0,1.000000e+00,0.000000e+00,0.000000e+00
1.640000e+02,4.400000e+01,0.0,1.000000e+00,0.000000e+00,0.000000e+00
1.660000e+02,4.400000e+01,0.0,1.000000e+00,0.000000e+00,0.000000e+00
1.680000e+02,4.400000e+01,0.0,1.000000e+00,0.000000e+00,0.000000e+00
1.700000e+02,4.400000e+01,0.0,1.000000e+00,0.000000e+00,0.000000e+00
1.720000e+02,4.400000e+01,0.0,1.000000e+00,0.000000e+00,0.000000e+00
1.740000e+02,4.400000e+01,0.0,1.000000e+00,0.000000e+00,0.000000e+00
1.760000e+02,4.400000e+01,0.0,1.000000e+00,0.000000e+00,0.000000e+00
1.780000e+02,4.400000e+01,0.0,1.000000e+00,0.000000e+00,0.000000e+00
1.800000e+02,4.400000e+01,0.0,1.000000e+00,0.000000e+00,0.000000e+00
1.820000e+02,4.400000e+01,0.0,1.000000e+00,0.000000e+00,0.000000e+00
1.840000e+02,4.400000e+01,0.0,1.000000e+00,0.000000e+00,0.000000e+00
1.860000e+02,4.400000e+01,0.0,1.000000e+00,0.000000e+00,0.000000e+00
1.880000e+02,4.400000e+01,0.0,1.000000e+00,0.000000e+00,0.000000e+00
1.900000e+02,4.400000e+01,0.0,1.000000e+00,0.000000e+00,0.000000e+00
1.920000e+02,4.400000e+01,0.0,1.000000e+00,0.000000e+00,0.000000e+00
1.940000e+02,4.400000e+01,0.0,1.000000e+00,0.000000e+00,0.000000e+00
1.960000e+02,4.400000e+01,0.0,1.000000e+00,0.000000e+00,0.000000e+00
1.980000e+02,4.400000e+01,0.0,1.000000e+00,0.000000e+00,0.000000e+00
2.000000e+02,4.400000e+01,0.0,1.000000e+00,0.000000e+00,0.000000e+00
0.000000e+00,4.600000e+01,0.0,1.000000e+00,0.000000e+00,0.000000e+00
2.000000e+00,4.600000e+01,0.0,1.000000e+00,0.000000e+00,0.000000e+00
4.000000e+00,4.600000e+01,0.0,1.000000e+00,0.000000e+00,0.000000e+00
6.000000e+00,4.600000e+01,0.0,1.000000e+00,0.000000e+00,0.000000e+00
8.000000e+00,4.600000e+01,0.0,1.000000e+00,0.000000e+00,0.000000e+00
1.000000e+01,4.600000e+01,0.0,1.000000e+00,0.000000e+00,0.000000e+00
1.200000e+01,4.600000e+01,0.0,1.000000e+00,0.000000e+00,0.000000e+00
1.400000e+01,4.600000e+01,0.0,1.000000e+00,0.000000e+00,0.000000e+00
1.600000e+01,4.600000e+01,0.0,1.000000e+00,0.000000e+00,0.000000e+00
1.800000e+01,4.600000e+01,0.0,1.000000e+00,0.000000e+00,0.000000e+00
2.000000e+01,4.600000e+01,0.0,1.000000e+00,0.000000e+00,0.000000e+00
2.200000e+01,4.600000e+01,0.0,1.000000e+00,0.000000e+00,0.000000e+00
2.400000e+01,4.600000e+01,0.0,1.000000e+00,0.000000e+00,0.000000e+00
2.600000e+01,4.600000e+01,0.0,1.000000e+00,0.000000e+00,0.000000e+00
2.800000e+01,4.600000e+01,0.0,1.000000e+00,0.000000e+00,0.000000e+00
3.000000e+01,4.600000e+01,0.0,1.000000e+00,0.000000e+00,0.000000e+00
3.200000e+01,4.600000e+01,0.0,1.000000e+00,0.000000e+00,0.000000e+00
3.400000e+01,4.600000e+01,0.0,1.000000e+00,0.000000e+00,0.000000e+00
3.600000e+01,4.600000e+01,0.0,1.000000e+00,0.000000e+00,0.000000e+00
3.800000e+01,4.600000e+01,0.0,1.000000e+00,0.000000e+00,0.000000e+00
4.000000e+01,4.600000e+01,0.0,1.000000e+00,0.000000e+00,0.000000e+00
4.200000e+01,4.600000e+01,0.0,1.000000e+00,0.000000e+00,0.000000e+00
4.400000e+01,4.600000e+01,0.0,1.000000e+00,0.000000e+00,0.000000e+00
4.600000e+01,4.600000e+01,0.0,1.000000e+00,0.000000e+00,0.000000e+00
4.800000e+01,4.600000e+01,0.0,1.000000e+00,1.635539e-17,1.635539e-17
5.000000e+01,4.600000e+01,0.0,1.000000e+00,-1.046564e-15,-1.340968e-15
5.200000e+01,4.600000e+01,0.0,1.000000e+00,-5.907086e-13,-9.821627e-13
5.400000e+01,4.600000e+01,0.0,1.000000e+00,-3.015791e-10,-7.585669e-10
5.600000e+01,4.600000e+01,0.0,1.000000e+00,-9.188232e-08,-4.255149e-07
5.800000e+01,4.600000e+01,0.0,1.000041e+00,-1.496146e-05,-1.189740e-04
6.000000e+01,4.600000e+01,0.0,1.004927e+00,-3.321195e-03,-1.891624e-02
6.200000e+01,4.600000e+01,0.0,1.261769e+00,-6.079270e-01,-1.615364e+00
6.400000e+01,4.600000e+01,0.0,2.585918e+00,-6.407056e+00,-1.120824e+01
6.600000e+01,4.600000e+01,0.0,3.619145e+00,-1.252713e+01,-2.067193e+01
6.800000e+01,4.600000e+01,0.0,3.742128e+00,-1.374754e+01,-2.306952e+01
7.000000e+01,4.600000e+01,0.0,3.793818e+00,-1.376685e+01,-2.416170e+01
7.200000e+01,4.600000e+01,0.0,3.851215e+00,-1.346416e+01,-2.491457e+01
7.400000e+01,4.600000e+01,0.0,3.771162e+00,-1.231871e+01,-2.466017e+01
7.600000e+01,4.600000e+01,0.0,3.625481e+00,-1.071218e+01,-2.397359e+01
7.800000e+01,4.600000e+01,0.0,3.489398e+00,-9.261980e+00,-2.344904e+01
8.000000e+01,4.600000e+01,0.0,3.374145e+00,-7.877888e+00,-2.322701e+01
8.200000e+01,4.600000e+01,0.0,3.330251e+00,-7.073422e+00,-2.350350e+01
8.400000e+01,4.600000e+01,0.0,3.321103e+00,-6.706250e+00,-2.380423e+01
8.600000e+01,4.600000e+01,0.0,3.325126e+00,-6.508273e+00,-2.420158e+01
8.800000e+01,4.600000e+01,0.0,3.367002e+00,-6.297445e+00,-2.465579e+01
9.000000e+01,4.600000e+01,0.0,3.418766e+00,-5.617487e+00,-2.486075e+01
9.200000e+01,4.600000e+01,0.0,3.448783e+00,-3.850979e+00,-2.508439e+01
9.400000e+01,4.600000e+01,0.0,3.474652e+00,-2.013028e+00,-2.561180e+01
9.600000e+01,4.600000e+01,0.0,3.638373e+00,-4.665362e-01,-2.714166e+01
9.800000e+01,4.600000e+01,0.0,3.767054e+00,3.315055e-01,-2.820361e+01
1.000000e+02,4.600000e+01,0.0,3.780028e+00,-1.388486e-15,-2.787124e+01
1.020000e+02,4.600000e+01,0.0,3.767054e+00,-3.315055e-01,-2.820361e+01
1.040000e+02,4.600000e+01,0.0,3.638373e+00,4.665362e-01,-2.714166e+01
1.060000e+02,4.600000e+01,0.0,3.474652e+00,2.013028e+00,-2.561180e+01
1.080000e+02,4.600000e+01,0.0,3.448783e+00,3.850979e+00,-2.508439e+01
1.100000e+02,4.600000e+01,0.0,3.418766e+00,5.617487e+00,-2.486075e+01
1.120000e+02,4.600000e+01,0.0,3.367002e+00,6.297445e+00,-2.465579e+01
1.140000e+02,4.600000e+01,0.0,3.325126e+00,6.508273e+00,-2.420158e+01
1.160000e+02,4.600000e+01,0.0,3.321103e+00,6.706250e+00,-2.380423e+01
1.180000e+02,4.600000e+01,0.0,3.330251e+00,7.073422e+00,-2.350350e+01
1.200000e+02,4.600000e+01,0.0,3.374145e+00,7.877888e+00,-2.322701e+01
1.220000e+02,4.600000e+01,0.0,3.489398e+00,9.261980e+00,-2.344904e+01
1.240000e+02,4.600000e+01,0.0,3.625481e+00,1.071218e+01,-2.397359e+01
1.260000e+02,4.600000e+01,0.0,3.771162e+00,1.231871e+01,-2.466017e+01
1.280000e+02,4.600000e+01,0.0,3.851215e+00,1.346416e+01,-2.491457e+01
1.300000e+02,4.600000e+01,0.0,3.793818e+00,1.376685e+01,-2.416170e+01
1.320000e+02,4.600000e+01,0.0,3.742128e+00,1.374754e+01,-2.306952e+01
1.340000e+02,4.600000e+01,0.0,3.619145e+00,1.252713e+01,-2.067193e+01
1.360000e+02,4.600000e+01,0.0,2.585918e+00,6.407056e+00,-1.120824e+01
1.380000e+02,4.600000e+01,0.0,1.261769e+00,6.079270e-01,-1.615364e+00
1.400000e+02,4.600000e+01,0.0,1.004927e+00,3.321195e-03,-1.891624e-02
1.420000e+02,4.600000e+01,0.0,1.000041e+00,1.496146e-05,-1.189740e-04
1.440000e+02,4.600000e+01,0.0,1.000000e+00,9.188232e-08,-4.255149e-07
1.460000e+02,4.600000e+01,0.0,1.000000e+00,3.015791e-10,-7.585669e-10
1.480000e+02,4.600000e+01,0.0,1.000000e+00,5.907086e-13,-9.821627e-13
1.500000e+02,4.600000e+01,0.0,1.000000e+00,1.046564e-15,-1.340968e-15
1.520000e+02,4.600000e+01,0.0,1.000000e+00,-1.635539e-17,1.635539e-17
1.540000e+02,4.600000e+01,0.0,1.000000e+00,0.000000e+00,0.000000e+00
1.560000e+02,4.600000e+01,0.0,1.000000e+00,0.000000e+00,0.000000e+00
1.580000e+02,4.600000e+01,0.0,1.000000e+00,0.000000e+00,0.000000e+00
1.600000e+02,4.600000e+01,0.0,1.000000e+00,0.000000e+00,0.000000e+00
1.620000e+02,4.600000e+01,0.0,1.000000e+00,0.000000e+00,0.000000e+00
1.640000e+02,4.600000e+01,0.0,1.000000e+00,0.000000e+00,0.000000e+00
1.660000e+02,4.600000e+01,0.0,1.000000e+00,0.000000e+00,0.000000e+00
1.680000e+02,4.600000e+01,0.0,1.000000e+00,0.000000e+00,0.000000e+00
1.700000e+02,4.600000e+01,0.0,1.000000e+00,0.000000e+00,0.000000e+00
1.720000e+02,4.600000e+01,0.0,1.000000e+00,0.000000e+00,0.000000e+00
1.740000e+02,4.600000e+01,0.0,1.000000e+00,0.000000e+00,0.000000e+00
1.760000e+02,4.600000e+01,0.0,1.000000e+00,0.000000e+00,0.000000e+00
1.780000e+02,4.600000e+01,0.0,1.000000e+00,0.000000e+00,0.000000e+00
1.800000e+02,4.600000e+01,0.0,1.000000e+00,0.000000e+00,0.000000e+00
1.820000e+02,4.600000e+01,0.0,1.000000e+00,0.000000e+00,0.000000e+00
1.840000e+02,4.600000e+01,0.0,1.000000e+00,0.000000e+00,0.000000e+00
1.860000e+02,4.600000e+01,0.0,1.000000e+00,0.000000e+00,0.000000e+00
1.880000e+02,4.600000e+01,0.0,1.000000e+00,0.000000e+00,0.000000e+00
1.900000e+02,4.600000e+01,0.0,1.000000e+00,0.000000e+00,0.000000e+00
1.920000e+02,4.600000e+01,0.0,1.000000e+00,0.000000e+00,0.000000e+00
1.940000e+02,4.600000e+01,0.0,1.000000e+00,0.000000e+00,0.000000e+00
1.960000e+02,4.600000e+01,0.0,1.000000e+00,0.000000e+00,0.000000e+00
1.980000e+02,4.600000e+01,0.0,1.000000e+00,0.000000e+00,0.000000e+00
2.000000e+02,4.600000e+01,0.0,1.000000e+00,0.000000e+00,0.000000e+00
0.000000e+00,4.800000e+01,0.0,1.000000e+00,0.000000e+00,0.000000e+00
2.000000e+00,4.800000e+01,0.0,1.000000e+00,0.000000e+00,0.000000e+00
4.000000e+00,4.800000e+01,0.0,1.000000e+00,0.000000e+00,0.000000e+00
6.000000e+00,4.800000e+01,0.0,1.000000e+00,0.000000e+00,0.000000e+00
8.000000e+00,4.800000e+01,0.0,1.000000e+00,0.000000e+00,0.000000e+00
1.000000e+01,4.800000e+01,0.0,1.000000e+00,0.000000e+00,0.000000e+00
1.200000e+01,4.800000e+01,0.0,1.000000e+00,0.000000e+00,0.000000e+00
1.400000e+01,4.800000e+01,0.0,1.000000e+00,0.000000e+00,0.000000e+00
1.600000e+01,4.800000e+01,0.0,1.000000e+00,0.000000e+00,0.000000e+00
1.800000e+01,4.800000e+01,0.0,1.000000e+00,0.000000e+00,0.000000e+00
2.000000e+01,4.800000e+01,0.0,1.000000e+00,0.000000e+00,0.000000e+00
2.200000e+01,4.800000e+01,0.0,1.000000e+00,0.000000e+00,0.000000e+00
2.400000e+01,4.800000e+01,0.0,1.000000e+00,0.000000e+00,0.000000e+00
2.600000e+01,4.800000e+01,0.0,1.000000e+00,0.000000e+00,0.000000e+00
2.800000e+01,4.800000e+01,0.0,1.000000e+00,0.000000e+00,0.000000e+00
3.000000e+01,4.800000e+01,0.0,1.000000e+00,0.000000e+00,0.000000e+00
3.200000e+01,4.800000e+01,0.0,1.000000e+00,0.000000e+00,0.000000e+00
3.400000e+01,4.800000e+01,0.0,1.000000e+00,0.000000e+00,0.000000e+00
3.600000e+01,4.800000e+01,0.0,1.000000e+00,0.000000e+00,0.000000e+00
3.800000e+01,4.800000e+01,0.0,1.000000e+00,0.000000e+00,0.000000e+00
4.000000e+01,4.800000e+01,0.0,1.000000e+00,0.000000e+00,0.000000e+00
4.200000e+01,4.800000e+01,0.0,1.000000e+00,0.000000e+00,0.000000e+00
4.400000e+01,4.800000e+01,0.0,1.000000e+00,0.000000e+00,0.000000e+00
4.600000e+01,4.800000e+01,0.0,1.000000e+00,1.635539e-17,1.635539e-17
4.800000e+01,4.800000e+01,0.0,1.000000e+00,-1.291881e-15,-1.291881e-15
5.000000e+01,4.800000e+01,0.0,1.000000e+00,-8.753458e-13,-1.029929e-12
5.200000e+01,4.800000e+01,0.0,1.000000e+00,-5.943117e-10,-8.962157e-10
5.400000e+01,4.800000e+01,0.0,1.000000e+00,-2.874570e-07,-6.574955e-07
5.600000e+01,4.800000e+01,0.0,1.000116e+00,-7.695211e-05,-3.032695e-04
5.800000e+01,4.800000e+01,0.0,1.019049e+00,-2.620636e-02,-8.544390e-02
6.000000e+01,4.800000e+01,0.0,1.712938e+00,-2.323710e+00,-4.667092e+00
6.200000e+01,4.800000e+01,0.0,3.122813e+00,-9.683366e+00,-1.537686e+01
6.400000e+01,4.800000e+01,0.0,3.668830e+00,-1.372201e+01,-2.049308e+01
6.600000e+01,4.800000e+01,0.0,3.739895e+00,-1.429397e+01,-2.197590e+01
6.800000e+01,4.800000e+01,0.0,3.686461e+00,-1.436378e+01,-2.239331e+01
7.000000e+01,4.800000e+01,0.0,3.669043e+00,-1.432206e+01,-2.252608e+01
7.200000e+01,4.800000e+01,0.0,3.760961e+00,-1.411712e+01,-2.357763e+01
7.400000e+01,4.800000e+01,0.0,3.781313e+00,-1.295517e+01,-2.445071e+01
7.600000e+01,4.800000e+01,0.0,3.684085e+00,-1.111501e+01,-2.458753e+01
7.800000e+01,4.800000e+01,0.0,3.518155e+00,-9.385315e+00,-2.427857e+01
8.000000e+01,4.800000e+01,0.0,3.330090e+00,-7.676799e+00,-2.386558e+01
8.200000e+01,4.800000e+01,0.0,3.206178e+00,-6.772713e+00,-2.365384e+01
8.400000e+01,4.800000e+01,0.0,3.180420e+00,-6.494217e+00,-2.369806e+01
8.600000e+01,4.800000e+01,0.0,3.220854e+00,-6.335629e+00,-2.408285e+01
8.800000e+01,4.800000e+01,0.0,3.311157e+00,-6.099792e+00,-2.475122e+01
9.000000e+01,4.800000e+01,0.0,3.458891e+00,-5.484487e+00,-2.541801e+01
9.200000e+01,4.800000e+01,0.0,3.589532e+00,-4.121655e+00,-2.598256e+01
9.400000e+01,4.800000e+01,0.0,3.658468e+00,-2.495308e+00,-2.650077e+01
9.600000e+01,4.800000e+01,0.0,3.707802e+00,-9.112276e-01,-2.731330e+01
9.800000e+01,4.800000e+01,0.0,3.731950e+00,-1.308004e-01,-2.785328e+01
1.000000e+02,4.800000e+01,0.0,3.720896e+00,-7.832204e-16,-2.747657e+01
1.020000e+02,4.800000e+01,0.0,3.731950e+00,1.308004e-01,-2.785328e+01
1.040000e+02,4.800000e+01,0.0,3.707802e+00,9.112276e-01,-2.731330e+01
1.060000e+02,4.800000e+01,0.0,3.658468e+00,2.495308e+00,-2.650077e+01
1.080000e+02,4.800000e+01,0.0,3.589532e+00,4.121655e+00,-2.598256e+01
1.100000e+02,4.800000e+01,0.0,3.458891e+00,5.484487e+00,-2.541801e+01
1.120000e+02,4.800000e+01,0.0,3.311157e+00,6.099792e+00,-2.475122e+01
1.140000e+02,4.800000e+01,0.0,3.220854e+00,6.335629e+00,-2.408285e+01
1.160000e+02,4.800000e+01,0.0,3.180420e+00,6.494217e+00,-2.369806e+01
1.180000e+02,4.800000e+01,0.0,3.206178e+00,6.772713e+00,-2.365384e+01
1.200000e+02,4.800000e+01,0.0,3.330090e+00,7.676799e+00,-2.386558e+01
1.220000e+02,4.800000e+01,0.0,3.518155e+00,9.385315e+00,-2.427857e+01
1.240000e+02,4.800000e+01,0.0,3.684085e+00,1.111501e+01,-2.458753e+01
1.260000e+02,4.800000e+01,0.0,3.781313e+00,1.295517e+01,-2.445071e+01
1.280000e+02,4.800000e+01,0.0,3.760961e+00,1.411712e+01,-2.357763e+01
1.300000e+02,4.800000e+01,0.0,3.669043e+00,1.432206e+01,-2.252608e+01
1.320000e+02,4.800000e+01,0.0,3.686461e+00,1.436378e+01,-2.239331e+01
1.340000e+02,4.800000e+01,0.0,3.739895e+00,1.429397e+01,-2.197590e+01
1.360000e+02,4.800000e+01,0.0,3.668830e+00,1.372201e+01,-2.049308e+01
1.380000e+02,4.800000e+01,0.0,3.122813e+00,9.683366e+00,-1.537686e+01
1.400000e+02,4.800000e+01,0.0,1.712938e+00,2.323710e+00,-4.667092e+00
1.420000e+02,4.800000e+01,0.0,1.019049e+00,2.620636e-02,-8.544390e-02
1.440000e+02,4.800000e+01,0.0,1.000116e+00,7.695211e-05,-3.032695e-04
1.460000e+02,4.800000e+01,0.0,1.000000e+00,2.874570e-07,-6.574955e-07
1.480000e+02,4.800000e+01,0.0,1.000000e+00,5.943117e-10,-8.962157e-10
1.500000e+02,4.800000e+01,0.0,1.000000e+00,8.753458e-13,-1.029929e-12
1.520000e+02,4.800000e+01,0.0,1.000000e+00,1.291881e-15,-1.291881e-15
1.540000e+02,4.800000e+01,0.0,1.000000e+00,-1.635539e-17,1.635539e-17
1.560000e+02,4.800000e+01,0.0,1.000000e+00,0.000000e+00,0.000000e+00
1.580000e+02,4.800000e+01,0.0,1.000000e+00,0.000000e+00,0.000000e+00
1.600000e+02,4.800000e+01,0.0,1.000000e+00,0.000000e+00,0.000000e+00
1.620000e+02,4.800000e+01,0.0,1.000000e+00,0.000000e+00,0.000000e+00
1.640000e+02,4.800000e+01,0.0,1.000000e+00,0.000000e+00,0.000000e+00
1.660000e+02,4.800000e+01,0.0,1.000000e+00,0.000000e+00,0.000000e+00
1.680000e+02,4.800000e+01,0.0,1.000000e+00,0.000000e+00,0.000000e+00
1.700000e+02,4.800000e+01,0.0,1.000000e+00,0.000000e+00,0.000000e+00
1.720000e+02,4.800000e+01,0.0,1.000000e+00,0.000000e+00,0.000000e+00
1.740000e+02,4.800000e+01,0.0,1.000000e+00,0.000000e+00,0.000000e+00
1.760000e+02,4.800000e+01,0.0,1.000000e+00,0.000000e+00,0.000000e+00
1.780000e+02,4.800000e+01,0.0,1.000000e+00,0.000000e+00,0.000000e+00
1.800000e+02,4.800000e+01,0.0,1.000000e+00,0.000000e+00,0.000000e+00
1.820000e+02,4.800000e+01,0.0,1.000000e+00,0.000000e+00,0.000000e+00
1.840000e+02,4.800000e+01,0.0,1.000000e+00,0.000000e+00,0.000000e+00
1.860000e+02,4.800000e+01,0.0,1.000000e+00,0.000000e+00,0.000000e+00
1.880000e+02,4.800000e+01,0.0,1.000000e+00,0.000000e+00,0.000000e+00
1.900000e+02,4.800000e+01,0.0,1.000000e+00,0.000000e+00,0.000000e+00
1.920000e+02,4.800000e+01,0.0,1.000000e+00,0.000000e+00,0.000000e+00
1.940000e+02,4.800000e+01,0.0,1.000000e+00,0.000000e+00,0.000000e+00
1.960000e+02,4.800000e+01,0.0,1.000000e+00,0.000000e+00,0.000000e+00
1.980000e+02,4.800000e+01,0.0,1.000000e+00,0.000000e+00,0.000000e+00
2.000000e+02,4.800000e+01,0.0,1.000000e+00,0.000000e+00,0.000000e+00
0.000000e+00,5.000000e+01,0.0,1.000000e+00,0.000000e+00,0.000000e+00
2.000000e+00,5.000000e+01,0.0,1.000000e+00,0.000000e+00,0.000000e+00
4.000000e+00,5.000000e+01,0.0,1.000000e+00,0.000000e+00,0.000000e+00
6.000000e+00,5.000000e+01,0.0,1.000000e+00,0.000000e+00,0.000000e+00
8.000000e+00,5.000000e+01,0.0,1.000000e+00,0.000000e+00,0.000000e+00
1.000000e+01,5.000000e+01,0.0,1.000000e+00,0.000000e+00,0.000000e+00
1.200000e+01,5.000000e+01,0.0,1.000000e+00,0.000000e+00,0.000000e+00
1.400000e+01,5.000000e+01,0.0,1.000000e+00,0.000000e+00,0.000000e+00
1.600000e+01,5.000000e+01,0.0,1.000000e+00,0.000000e+00,0.000000e+00
1.800000e+01,5.000000e+01,0.0,1.000000e+00,0.000000e+00,0.000000e+00
2.000000e+01,5.000000e+01,0.0,1.000000e+00,0.000000e+00,0.000000e+00
2.200000e+01,5.000000e+01,0.0,1.000000e+00,0.000000e+00,0.000000e+00
2.400000e+01,5.000000e+01,0.0,1.000000e+00,0.000000e+00,0.000000e+00
2.600000e+01,5.000000e+01,0.0,1.000000e+00,0.000000e+00,0.000000e+00
2.800000e+01,5.000000e+01,0.0,1.000000e+00,0.000000e+00,0.000000e+00
3.000000e+01,5.000000e+01,0.0,1.000000e+00,0.000000e+00,0.000000e+00
3.200000e+01,5.000000e+01,0.0,1.000000e+00,0.000000e+00,0.000000e+00
3.400000e+01,5.000000e+01,0.0,1.000000e+00,0.000000e+00,0.000000e+00
3.600000e+01,5.000000e+01,0.0,1.000000e+00,0.000000e+00,0.000000e+00
3.800000e+01,5.000000e+01,0.0,1.000000e+00,0.000000e+00,0.000000e+00
4.000000e+01,5.000000e+01,0.0,1.000000e+00,0.000000e+00,0.000000e+00
4.200000e+01,5.000000e+01,0.0,1.000000e+00,0.000000e+00,0.000000e+00
4.400000e+01,5.000000e+01,0.0,1.000000e+00,1.635539e-17,0.000000e+00
4.600000e+01,5.000000e+01,0.0,1.000000e+00,-1.340968e-15,-1.046564e-15
4.800000e+01,5.000000e+01,0.0,1.000000e+00,-1.029929e-12,-8.753458e-13
5.000000e+01,5.000000e+01,0.0,1.000000e+00,-8.293678e-10,-8.293678e-10
5.200000e+01,5.000000e+01,0.0,1.000000e+00,-5.299698e-07,-6.884207e-07
5.400000e+01,5.000000e+01,0.0,1.000202e+00,-2.158283e-04,-4.529362e-04
5.600000e+01,5.000000e+01,0.0,1.095302e+00,-1.796583e-01,-5.233589e-01
5.800000e+01,5.000000e+01,0.0,2.317808e+00,-5.347821e+00,-8.868252e+00
6.000000e+01,5.000000e+01,0.0,3.469997e+00,-1.257212e+01,-1.816233e+01
6.200000e+01,5.000000e+01,0.0,3.672359e+00,-1.454757e+01,-2.005051e+01
6.400000e+01,5.000000e+01,0.0,3.672785e+00,-1.474609e+01,-2.061590e+01
6.600000e+01,5.000000e+01,0.0,3.640812e+00,-1.456695e+01,-2.104648e+01
6.800000e+01,5.000000e+01,0.0,3.594270e+00,-1.464801e+01,-2.136645e+01
7.000000e+01,5.000000e+01,0.0,3.607127e+00,-1.465846e+01,-2.186709e+01
7.200000e+01,5.000000e+01,0.0,3.723993e+00,-1.435893e+01,-2.314201e+01
7.400000e+01,5.000000e+01,0.0,3.827129e+00,-1.346071e+01,-2.447912e+01
7.600000e+01,5.000000e+01,0.0,3.768775e+00,-1.161216e+01,-2.502257e+01
7.800000e+01,5.000000e+01,0.0,3.589829e+00,-9.921942e+00,-2.486399e+01
8.000000e+01,5.000000e+01,0.0,3.373274e+00,-8.300134e+00,-2.435854e+01
8.200000e+01,5.000000e+01,0.0,3.201417e+00,-7.048766e+00,-2.377657e+01
8.400000e+01,5.000000e+01,0.0,3.168381e+00,-6.303096e+00,-2.370712e+01
8.600000e+01,5.000000e+01,0.0,3.236256e+00,-5.824277e+00,-2.421154e+01
8.800000e+01,5.000000e+01,0.0,3.399136e+00,-5.540974e+00,-2.508779e+01
9.000000e+01,5.000000e+01,0.0,3.651807e+00,-4.985783e+00,-2.588364e+01
9.200000e+01,5.000000e+01,0.0,3.865498e+00,-4.110510e+00,-2.662991e+01
9.400000e+01,5.000000e+01,0.0,4.007899e+00,-2.904590e+00,-2.713319e+01
9.600000e+01,5.000000e+01,0.0,4.105504e+00,-1.542534e+00,-2.783280e+01
9.800000e+01,5.000000e+01,0.0,4.166933e+00,-6.158701e-01,-2.832420e+01
1.000000e+02,5.000000e+01,0.0,4.193185e+00,2.179988e-16,-2.801963e+01
1.020000e+02,5.000000e+01,0.0,4.166933e+00,6.158701e-01,-2.832420e+01
1.040000e+02,5.000000e+01,0.0,4.105504e+00,1.542534e+00,-2.783280e+01
1.060000e+02,5.000000e+01,0.0,4.007899e+00,2.904590e+00,-2.713319e+01
1.080000e+02,5.000000e+01,0.0,3.865498e+00,4.110510e+00,-2.662991e+01
1.100000e+02,5.000000e+01,0.0,3.651807e+00,4.985783e+00,-2.588364e+01
1.120000e+02,5.000000e+01,0.0,3.399136e+00,5.540974e+00,-2.508779e+01
1.140000e+02,5.000000e+01,0.0,3.236256e+00,5.824277e+00,-2.421154e+01
1.160000e+02,5.000000e+01,0.0,3.168381e+00,6.303096e+00,-2.370712e+01
1.180000e+02,5.000000e+01,0.0,3.201417e+00,7.048766e+00,-2.377657e+01
1.200000e+02,5.000000e+01,0.0,3.373274e+00,8.300134e+00,-2.435854e+01
1.220000e+02,5.000000e+01,0.0,3.589829e+00,9.921942e+00,-2.486399e+01
1.240000e+02,5.000000e+01,0.0,3.768775e+00,1.161216e+01,-2.502257e+01
1.260000e+02,5.000000e+01,0.0,3.827129e+00,1.346071e+01,-2.447912e+01
1.280000e+02,5.000000e+01,0.0,3.723993e+00,1.435893e+01,-2.314201e+01
1.300000e+02,5.000000e+01,0.0,3.607127e+00,1.465846e+01,-2.186709e+01
1.320000e+02,5.000000e+01,0.0,3.594270e+00,1.464801e+01,-2.136645e+01
1.340000e+02,5.000000e+01,0.0,3.640812e+00,1.456695e+01,-2.104648e+01
1.360000e+02,5.000000e+01,0.0,3.672785e+00,1.474609e+01,-2.061590e+01
1.380000e+02,5.000000e+01,0.0,3.672359e+00,1.454757e+01,-2.005051e+01
1.400000e+02,5.000000e+01,0.0,3.469997e+00,1.257212e+01,-1.816233e+01
1.420000e+02,5.000000e+01,0.0,2.317808e+00,5.347821e+00,-8.868252e+00
1.440000e+02,5.000000e+01,0.0,1.095302e+00,1.796583e-01,-5.233589e-01
1.460000e+02,5.000000e+01,0.0,1.000202e+00,2.158283e-04,-4.529362e-04
1.480000e+02,5.000000e+01,0.0,1.000000e+00,5.299698e-07,-6.884207e-07
1.500000e+02,5.000000e+01,0.0,1.000000e+00,8.293678e-10,-8.293678e-10
1.520000e+02,5.000000e+01,0.0,1.000000e+00,1.029929e-12,-8.753458e-13
1.540000e+02,5.000000e+01,0.0,1.000000e+00,1.340968e-15,-1.046564e-15
1.560000e+02,5.000000e+01,0.0,1.000000e+00,-1.635539e-17,0.000000e+00
1.580000e+02,5.000000e+01,0.0,1.000000e+00,0.000000e+00,0.000000e+00
1.600000e+02,5.000000e+01,0.0,1.000000e+00,0.000000e+00,0.000000e+00
1.620000e+02,5.000000e+01,0.0,1.000000e+00,0.000000e+00,0.000000e+00
1.640000e+02,5.000000e+01,0.0,1.000000e+00,0.000000e+00,0.000000e+00
1.660000e+02,5.000000e+01,0.0,1.000000e+00,0.000000e+00,0.000000e+00
1.680000e+02,5.000000e+01,0.0,1.000000e+00,0.000000e+00,0.000000e+00
1.700000e+02,5.000000e+01,0.0,1.000000e+00,0.000000e+00,0.000000e+00
1.720000e+02,5.000000e+01,0.0,1.000000e+00,0.000000e+00,0.000000e+00
1.740000e+02,5.000000e+01,0.0,1.000000e+00,0.000000e+00,0.000000e+00
1.760000e+02,5.000000e+01,0.0,1.000000e+00,0.000000e+00,0.000000e+00
1.780000e+02,5.000000e+01,0.0,1.000000e+00,0.000000e+00,0.000000e+00
1.800000e+02,5.000000e+01,0.0,1.000000e+00,0.000000e+00,0.000000e+00
1.820000e+02,5.000000e+01,0.0,1.000000e+00,0.000000e+00,0.000000e+00
1.840000e+02,5.000000e+01,0.0,1.000000e+00,0.000000e+00,0.000000e+00
1.860000e+02,5.000000e+01,0.0,1.000000e+00,0.000000e+00,0.000000e+00
1.880000e+02,5.000000e+01,0.0,1.000000e+00,0.000000e+00,0.000000e+00
1.900000e+02,5.000000e+01,0.0,1.000000e+00,0.000000e+00,0.000000e+00
1.920000e+02,5.000000e+01,0.0,1.000000e+00,0.000000e+00,0.000000e+00
1.940000e+02,5.000000e+01,0.0,1.000000e+00,0.000000e+00,0.000000e+00
1.960000e+02,5.000000e+01,0.0,1.000000e+00,0.000000e+00,0.000000e+00
1.980000e+02,5.000000e+01,0.0,1.000000e+00,0.000000e+00,0.000000e+00
2.000000e+02,5.000000e+01,0.0,1.000000e+00,0.000000e+00,0.000000e+00
0.000000e+00,5.200000e+01,0.0,1.000000e+00,0.000000e+00,0.000000e+00
2.000000e+00,5.200000e+01,0.0,1.000000e+00,0.000000e+00,0.000000e+00
4.000000e+00,5.200000e+01,0.0,1.000000e+00,0.000000e+00,0.000000e+00
6.000000e+00,5.200000e+01,0.0,1.000000e+00,0.000000e+00,0.000000e+00
8.000000e+00,5.200000e+01,0.0,1.000000e+00,0.000000e+00,0.000000e+00
1.000000e+01,5.200000e+01,0.0,1.000000e+00,0.000000e+00,0.000000e+00
1.200000e+01,5.200000e+01,0.0,1.000000e+00,0.000000e+00,0.000000e+00
1.400000e+01,5.200000e+01,0.0,1.000000e+00,0.000000e+00,0.000000e+00
1.600000e+01,5.200000e+01,0.0,1.000000e+00,0.000000e+00,0.000000e+00
1.800000e+01,5.200000e+01,0.0,1.000000e+00,0.000000e+00,0.000000e+00
2.000000e+01,5.200000e+01,0.0,1.000000e+00,0.000000e+00,0.000000e+00
2.200000e+01,5.200000e+01,0.0,1.000000e+00,0.000000e+00,0.000000e+00
2.400000e+01,5.200000e+01,0.0,1.000000e+00,0.000000e+00,0.000000e+00
2.600000e+01,5.200000e+01,0.0,1.000000e+00,0.000000e+00,0.000000e+00
2.800000e+01,5.200000e+01,0.0,1.000000e+00,0.000000e+00,0.000000e+00
3.000000e+01,5.200000e+01,0.0,1.000000e+00,0.000000e+00,0.000000e+00
3.200000e+01,5.200000e+01,0.0,1.000000e+00,0.000000e+00,0.000000e+00
3.400000e+01,5.200000e+01,0.0,1.000000e+00,0.000000e+00,0.000000e+00
3.600000e+01,5.200000e+01,0.0,1.000000e+00,0.000000e+00,0.000000e+00
3.800000e+01,5.200000e+01,0.0,1.000000e+00,0.000000e+00,0.000000e+00
4.000000e+01,5.200000e+01,0.0,1.000000e+00,0.000000e+00,0.000000e+00
4.200000e+01,5.200000e+01,0.0,1.000000e+00,-2.127612e-36,0.000000e+00
4.400000e+01,5.200000e+01,0.0,1.000000e+00,-1.144707e-15,-6.377579e-16
4.600000e+01,5.200000e+01,0.0,1.000000e+00,-9.821627e-13,-5.907086e-13
4.800000e+01,5.200000e+01,0.0,1.000000e+00,-8.962157e-10,-5.943117e-10
5.000000e+01,5.200000e+01,0.0,1.000000e+00,-6.884207e-07,-5.299698e-07
5.200000e+01,5.200000e+01,0.0,1.000232e+00,-3.876661e-04,-3.876661e-04
5.400000e+01,5.200000e+01,0.0,1.167130e+00,-6.166374e-01,-8.000703e-01
5.600000e+01,5.200000e+01,0.0,2.712401e+00,-8.810617e+00,-1.130366e+01
5.800000e+01,5.200000e+01,0.0,3.574210e+00,-1.489296e+01,-1.876396e+01
6.000000e+01,5.200000e+01,0.0,3.654045e+00,-1.553330e+01,-1.964202e+01
6.200000e+01,5.200000e+01,0.0,3.645737e+00,-1.540512e+01,-1.981796e+01
6.400000e+01,5.200000e+01,0.0,3.614073e+00,-1.512928e+01,-2.013240e+01
6.600000e+01,5.200000e+01,0.0,3.583575e+00,-1.490998e+01,-2.069999e+01
6.800000e+01,5.200000e+01,0.0,3.526796e+00,-1.477283e+01,-2.116187e+01
7.000000e+01,5.200000e+01,0.0,3.539224e+00,-1.453036e+01,-2.170871e+01
7.200000e+01,5.200000e+01,0.0,3.667455e+00,-1.412749e+01,-2.298378e+01
7.400000e+01,5.200000e+01,0.0,3.822115e+00,-1.340194e+01,-2.442674e+01
7.600000e+01,5.200000e+01,0.0,3.868567e+00,-1.225649e+01,-2.516448e+01
7.800000e+01,5.200000e+01,0.0,3.833016e+00,-1.103076e+01,-2.524346e+01
8.000000e+01,5.200000e+01,0.0,3.781758e+00,-9.785299e+00,-2.506524e+01
8.200000e+01,5.200000e+01,0.0,3.731688e+00,-8.513279e+00,-2.478115e+01
8.400000e+01,5.200000e+01,0.0,3.744866e+00,-7.369850e+00,-2.478543e+01
8.600000e+01,5.200000e+01,0.0,3.838763e+00,-6.548078e+00,-2.515373e+01
8.800000e+01,5.200000e+01,0.0,3.978232e+00,-5.762199e+00,-2.585450e+01
9.000000e+01,5.200000e+01,0.0,4.121410e+00,-4.945672e+00,-2.648459e+01
9.200000e+01,5.200000e+01,0.0,4.272567e+00,-4.016616e+00,-2.703258e+01
9.400000e+01,5.200000e+01,0.0,4.394353e+00,-2.812506e+00,-2.743014e+01
9.600000e+01,5.200000e+01,0.0,4.506293e+00,-1.714834e+00,-2.804676e+01
9.800000e+01,5.200000e+01,0.0,4.637183e+00,-8.015751e-01,-2.852176e+01
1.000000e+02,5.200000e+01,0.0,4.695913e+00,-2.117174e-15,-2.828221e+01
1.020000e+02,5.200000e+01,0.0,4.637183e+00,8.015751e-01,-2.852176e+01
1.040000e+02,5.200000e+01,0.0,4.506293e+00,1.714834e+00,-2.804676e+01
1.060000e+02,5.200000e+01,0.0,4.394353e+00,2.812506e+00,-2.743014e+01
1.080000e+02,5.200000e+01,0.0,4.272567e+00,4.016616e+00,-2.703258e+01
1.100000e+02,5.200000e+01,0.0,4.121410e+00,4.945672e+00,-2.648459e+01
1.120000e+02,5.200000e+01,0.0,3.978232e+00,5.762199e+00,-2.585450e+01
1.140000e+02,5.200000e+01,0.0,3.838763e+00,6.548078e+00,-2.515373e+01
1.160000e+02,5.200000e+01,0.0,3.744866e+00,7.369850e+00,-2.478543e+01
1.180000e+02,5.200000e+01,0.0,3.731688e+00,8.513279e+00,-2.478115e+01
1.200000e+02,5.200000e+01,0.0,3.781758e+00,9.785299e+00,-2.506524e+01
1.220000e+02,5.200000e+01,0.0,3.833016e+00,1.103076e+01,-2.524346e+01
1.240000e+02,5.200000e+01,0.0,3.868567e+00,1.225649e+01,-2.516448e+01
1.260000e+02,5.200000e+01,0.0,3.822115e+00,1.340194e+01,-2.442674e+01
1.280000e+02,5.200000e+01,0.0,3.667455e+00,1.412749e+01,-2.298378e+01
1.300000e+02,5.200000e+01,0.0,3.539224e+00,1.453036e+01,-2.170871e+01
1.320000e+02,5.200000e+01,0.0,3.526796e+00,1.477283e+01,-2.116187e+01
1.340000e+02,5.200000e+01,0.0,3.583575e+00,1.490998e+01,-2.069999e+01
1.360000e+02,5.200000e+01,0.0,3.614073e+00,1.512928e+01,-2.013240e+01
1.380000e+02,5.200000e+01,0.0,3.645737e+00,1.540512e+01,-1.981796e+01
1.400000e+02,5.200000e+01,0.0,3.654045e+00,1.553330e+01,-1.964202e+01
1.420000e+02,5.200000e+01,0.0,3.574210e+00,1.489296e+01,-1.876396e+01
1.440000e+02,5.200000e+01,0.0,2.712401e+00,8.810617e+00,-1.130366e+01
1.460000e+02,5.200000e+01,0.0,1.167130e+00,6.166374e-01,-8.000703e-01
1.480000e+02,5.200000e+01,0.0,1.000232e+00,3.876661e-04,-3.876661e-04
1.500000e+02,5.200000e+01,0.0,1.000000e+00,6.884207e-07,-5.299698e-07
1.520000e+02,5.200000e+01,0.0,1.000000e+00,8.962157e-10,-5.943117e-10
1.540000e+02,5.200000e+01,0.0,1.000000e+00,9.821627e-13,-5.907086e-13
1.560000e+02,5.200000e+01,0.0,1.000000e+00,1.144707e-15,-6.377579e-16
1.580000e+02,5.200000e+01,0.0,1.000000e+00,2.127612e-36,0.000000e+00
1.600000e+02,5.200000e+01,0.0,1.000000e+00,0.000000e+00,0.000000e+00
1.620000e+02,5.200000e+01,0.0,1.000000e+00,0.000000e+00,0.000000e+00
1.640000e+02,5.200000e+01,0.0,1.000000e+00,0.000000e+00,0.000000e+00
1.660000e+02,5.200000e+01,0.0,1.000000e+00,0.000000e+00,0.000000e+00
1.680000e+02,5.200000e+01,0.0,1.000000e+00,0.000000e+00,0.000000e+00
1.700000e+02,5.200000e+01,0.0,1.000000e+00,0.000000e+00,0.000000e+00
1.720000e+02,5.200000e+01,0.0,1.000000e+00,0.000000e+00,0.000000e+00
1.740000e+02,5.200000e+01,0.0,1.000000e+00,0.000000e+00,0.000000e+00
1.760000e+02,5.200000e+01,0.0,1.000000e+00,0.000000e+00,0.000000e+00
1.780000e+02,5.200000e+01,0.0,1.000000e+00,0.000000e+00,0.000000e+00
1.800000e+02,5.200000e+01,0.0,1.000000e+00,0.000000e+00,0.000000e+00
1.820000e+02,5.200000e+01,0.0,1.000000e+00,0.000000e+00,0.000000e+00
1.840000e+02,5.200000e+01,0.0,1.000000e+00,0.000000e+00,0.000000e+00
1.860000e+02,5.200000e+01,0.0,1.000000e+00,0.000000e+00,0.000000e+00
1.880000e+02,5.200000e+01,0.0,1.000000e+00,0.000000e+00,0.000000e+00
1.900000e+02,5.200000e+01,0.0,1.000000e+00,0.000000e+00,0.000000e+00
1.920000e+02,5.200000e+01,0.0,1.000000e+00,0.000000e+00,0.000000e+00
1.940000e+02,5.200000e+01,0.0,1.000000e+00,0.000000e+00,0.000000e+00
1.960000e+02,5.200000e+01,0.0,1.000000e+00,0.000000e+00,0.000000e+00
1.980000e+02,5.200000e+01,0.0,1.000000e+00,0.000000e+00,0.000000e+00
2.000000e+02,5.200000e+01,0.0,1.000000e+00,0.000000e+00,0.000000e+00
0.000000e+00,5.400000e+01,0.0,1.000000e+00,0.000000e+00,0.000000e+00
2.000000e+00,5.400000e+01,0.0,1.000000e+00,0.000000e+00,0.000000e+00
4.000000e+00,5.400000e+01,0.0,1.000000e+00,0.000000e+00,0.000000e+00
6.000000e+00,5.400000e+01,0.0,1.000000e+00,0.000000e+00,0.000000e+00
8.000000e+00,5.400000e+01,0.0,1.000000e+00,0.000000e+00,0.000000e+00
1.000000e+01,5.400000e+01,0.0,1.000000e+00,0.000000e+00,0.000000e+00
1.200000e+01,5.400000e+01,0.0,1.000000e+00,0.000000e+00,0.000000e+00
1.400000e+01,5.400000e+01,0.0,1.000000e+00,0.000000e+00,0.000000e+00
1.600000e+01,5.400000e+01,0.0,1.000000e+00,0.000000e+00,0.000000e+00
1.800000e+01,5.400000e+01,0.0,1.000000e+00,0.000000e+00,0.000000e+00
2.000000e+01,5.400000e+01,0.0,1.000000e+00,0.000000e+00,0.000000e+00
2.200000e+01,5.400000e+01,0.0,1.000000e+00,0.000000e+00,0.000000e+00
2.400000e+01,5.400000e+01,0.0,1.000000e+00,0.000000e+00,0.000000e+00
2.600000e+01,5.400000e+01,0.0,1.000000e+00,0.000000e+00,0.000000e+00
2.800000e+01,5.400000e+01,0.0,1.000000e+00,0.000000e+00,0.000000e+00
3.000000e+01,5.400000e+01,0.0,1.000000e+00,0.000000e+00,0.000000e+00
3.200000e+01,5.400000e+01,0.0,1.000000e+00,0.000000e+00,0.000000e+00
3.400000e+01,5.400000e+01,0.0,1.000000e+00,0.000000e+00,0.000000e+00
3.600000e+01,5.400000e+01,0.0,1.000000e+00,0.000000e+00,0.000000e+00
3.800000e+01,5.400000e+01,0.0,1.000000e+00,0.000000e+00,0.000000e+00
4.000000e+01,5.400000e+01,0.0,1.000000e+00,-4.255013e-37,0.000000e+00
4.200000e+01,5.400000e+01,0.0,1.000000e+00,-8.176487e-16,-2.780126e-16
4.400000e+01,5.400000e+01,0.0,1.000000e+00,-7.540902e-13,-2.961948e-13
4.600000e+01,5.400000e+01,0.0,1.000000e+00,-7.585669e-10,-3.015791e-10
4.800000e+01,5.400000e+01,0.0,1.000000e+00,-6.574955e-07,-2.874570e-07
5.000000e+01,5.400000e+01,0.0,1.000202e+00,-4.529362e-04,-2.158283e-04
5.200000e+01,5.400000e+01,0.0,1.167130e+00,-8.000703e-01,-6.166374e-01
5.400000e+01,5.400000e+01,0.0,2.863391e+00,-1.124018e+01,-1.124018e+01
5.600000e+01,5.400000e+01,0.0,3.582163e+00,-1.680871e+01,-1.812610e+01
5.800000e+01,5.400000e+01,0.0,3.602257e+00,-1.685041e+01,-1.896920e+01
6.000000e+01,5.400000e+01,0.0,3.573696e+00,-1.618529e+01,-1.895335e+01
6.200000e+01,5.400000e+01,0.0,3.584489e+00,-1.571238e+01,-1.938120e+01
6.400000e+01,5.400000e+01,0.0,3.566278e+00,-1.539356e+01,-2.002586e+01
6.600000e+01,5.400000e+01,0.0,3.509425e+00,-1.498572e+01,-2.067640e+01
6.800000e+01,5.400000e+01,0.0,3.436340e+00,-1.456539e+01,-2.113813e+01
7.000000e+01,5.400000e+01,0.0,3.460084e+00,-1.423896e+01,-2.168670e+01
7.200000e+01,5.400000e+01,0.0,3.618737e+00,-1.376412e+01,-2.290788e+01
7.400000e+01,5.400000e+01,0.0,3.830310e+00,-1.329363e+01,-2.423894e+01
7.600000e+01,5.400000e+01,0.0,4.002243e+00,-1.266304e+01,-2.517276e+01
7.800000e+01,5.400000e+01,0.0,4.095660e+00,-1.171573e+01,-2.540027e+01
8.000000e+01,5.400000e+01,0.0,4.150915e+00,-1.064441e+01,-2.547942e+01
8.200000e+01,5.400000e+01,0.0,4.201810e+00,-9.561231e+00,-2.537142e+01
8.400000e+01,5.400000e+01,0.0,4.292503e+00,-8.452242e+00,-2.533493e+01
8.600000e+01,5.400000e+01,0.0,4.441414e+00,-7.388785e+00,-2.546686e+01
8.800000e+01,5.400000e+01,0.0,4.602110e+00,-6.442756e+00,-2.594811e+01
9.000000e+01,5.400000e+01,0.0,4.763119e+00,-5.447597e+00,-2.636259e+01
9.200000e+01,5.400000e+01,0.0,4.911247e+00,-4.335447e+00,-2.671967e+01
9.400000e+01,5.400000e+01,0.0,5.062162e+00,-2.922760e+00,-2.696448e+01
9.600000e+01,5.400000e+01,0.0,5.207477e+00,-1.492460e+00,-2.730585e+01
9.800000e+01,5.400000e+01,0.0,5.332933e+00,-4.187952e-01,-2.791434e+01
1.000000e+02,5.400000e+01,0.0,5.381130e+00,7.323526e-16,-2.773714e+01
1.020000e+02,5.400000e+01,0.0,5.332933e+00,4.187952e-01,-2.791434e+01
1.040000e+02,5.400000e+01,0.0,5.207477e+00,1.492460e+00,-2.730585e+01
1.060000e+02,5.400000e+01,0.0,5.062162e+00,2.922760e+00,-2.696448e+01
1.080000e+02,5.400000e+01,0.0,4.911247e+00,4.335447e+00,-2.671967e+01
1.100000e+02,5.400000e+01,0.0,4.763119e+00,5.447597e+00,-2.636259e+01
1.120000e+02,5.400000e+01,0.0,4.602110e+00,6.442756e+00,-2.594811e+01
1.140000e+02,5.400000e+01,0.0,4.441414e+00,7.388785e+00,-2.546686e+01
1.160000e+02,5.400000e+01,0.0,4.292503e+00,8.452242e+00,-2.533493e+01
1.180000e+02,5.400000e+01,0.0,4.201810e+00,9.561231e+00,-2.537142e+01
1.200000e+02,5.400000e+01,0.0,4.150915e+00,1.064441e+01,-2.547942e+01
1.220000e+02,5.400000e+01,0.0,4.095660e+00,1.171573e+01,-2.540027e+01
1.240000e+02,5.400000e+01,0.0,4.002243e+00,1.266304e+01,-2.517276e+01
1.260000e+02,5.400000e+01,0.0,3.830310e+00,1.329363e+01,-2.423894e+01
1.280000e+02,5.400000e+01,0.0,3.618737e+00,1.376412e+01,-2.290788e+01
1.300000e+02,5.400000e+01,0.0,3.460084e+00,1.423896e+01,-2.168670e+01
1.320000e+02,5.400000e+01,0.0,3.436340e+00,1.456539e+01,-2.113813e+01
1.340000e+02,5.400000e+01,0.0,3.509425e+00,1.498572e+01,-2.067640e+01
1.360000e+02,5.400000e+01,0.0,3.566278e+00,1.539356e+01,-2.002586e+01
1.380000e+02,5.400000e+01,0.0,3.584489e+00,1.571238e+01,-1.938120e+01
1.400000e+02,5.400000e+01,0.0,3.573696e+00,1.618529e+01,-1.895335e+01
1.420000e+02,5.400000e+01,0.0,3.602257e+00,1.685041e+01,-1.896920e+01
1.440000e+02,5.400000e+01,0.0,3.582163e+00,1.680871e+01,-1.812610e+01
1.460000e+02,5.400000e+01,0.0,2.863391e+00,1.124018e+01,-1.124018e+01
1.480000e+02,5.400000e+01,0.0,1.167130e+00,8.000703e-01,-6.166374e-01
1.500000e+02,5.400000e+01,0.0,1.000202e+00,4.529362e-04,-2.158283e-04
1.520000e+02,5.400000e+01,0.0,1.000000e+00,6.574955e-07,-2.874570e-07
1.540000e+02,5.400000e+01,0.0,1.000000e+00,7.585669e-10,-3.015791e-10
1.560000e+02,5.400000e+01,0.0,1.000000e+00,7.540902e-13,-2.961948e-13
1.580000e+02,5.400000e+01,0.0,1.000000e+00,8.176487e-16,-2.780126e-16
1.600000e+02,5.400000e+01,0.0,1.000000e+00,4.255013e-37,0.000000e+00
1.620000e+02,5.400000e+01,0.0,1.000000e+00,0.000000e+00,0.000000e+00
1.640000e+02,5.400000e+01,0.0,1.000000e+00,0.000000e+00,0.000000e+00
1.660000e+02,5.400000e+01,0.0,1.000000e+00,0.000000e+00,0.000000e+00
1.680000e+02,5.400000e+01,0.0,1.000000e+00,0.000000e+00,0.000000e+00
1.700000e+02,5.400000e+01,0.0,1.000000e+00,0.000000e+00,0.000000e+00
1.720000e+02,5.400000e+01,0.0,1.000000e+00,0.000000e+00,0.000000e+00
1.740000e+02,5.400000e+01,0.0,1.000000e+00,0.000000e+00,0.000000e+00
1.760000e+02,5.400000e+01,0.0,1.000000e+00,0.000000e+00,0.000000e+00
1.780000e+02,5.400000e+01,0.0,1.000000e+00,0.000000e+00,0.000000e+00
1.800000e+02,5.400000e+01,0.0,1.000000e+00,0.000000e+00,0.000000e+00
1.820000e+02,5.400000e+01,0.0,1.000000e+00,0.000000e+00,0.000000e+00
1.840000e+02,5.400000e+01,0.0,1.000000e+00,0.000000e+00,0.000000e+00
1.860000e+02,5.400000e+01,0.0,1.000000e+00,0.000000e+00,0.000000e+00
1.880000e+02,5.400000e+01,0.0,1.000000e+00,0.000000e+00,0.000000e+00
1.900000e+02,5.400000e+01,0.0,1.000000e+00,0.000000e+00,0.000000e+00
1.920000e+02,5.400000e+01,0.0,1.000000e+00,0.000000e+00,0.000000e+00
1.940000e+02,5.400000e+01,0.0,1.000000e+00,0.000000e+00,0.000000e+00
1.960000e+02,5.400000e+01,0.0,1.000000e+00,0.000000e+00,0.000000e+00
1.980000e+02,5.400000e+01,0.0,1.000000e+00,0.000000e+00,0.000000e+00
2.000000e+02,5.400000e+01,0.0,1.000000e+00,0.000000e+00,0.000000e+00
0.000000e+00,5.600000e+01,0.0,1.000000e+00,0.000000e+00,0.000000e+00
2.000000e+00,5.600000e+01,0.0,1.000000e+00,0.000000e+00,0.000000e+00
4.000000e+00,5.600000e+01,0.0,1.000000e+00,0.000000e+00,0.000000e+00
6.000000e+00,5.600000e+01,0.0,1.000000e+00,0.000000e+00,0.000000e+00
8.000000e+00,5.600000e+01,0.0,1.000000e+00,0.000000e+00,0.000000e+00
1.000000e+01,5.600000e+01,0.0,1.000000e+00,0.000000e+00,0.000000e+00
1.200000e+01,5.600000e+01,0.0,1.000000e+00,0.000000e+00,0.000000e+00
1.400000e+01,5.600000e+01,0.0,1.000000e+00,0.000000e+00,0.000000e+00
1.600000e+01,5.600000e+01,0.0,1.000000e+00,0.000000e+00,0.000000e+00
1.800000e+01,5.600000e+01,0.0,1.000000e+00,0.000000e+00,0.000000e+00
2.000000e+01,5.600000e+01,0.0,1.000000e+00,0.000000e+00,0.000000e+00
2.200000e+01,5.600000e+01,0.0,1.000000e+00,0.000000e+00,0.000000e+00
2.400000e+01,5.600000e+01,0.0,1.000000e+00,0.000000e+00,0.000000e+00
2.600000e+01,5.600000e+01,0.0,1.000000e+00,0.000000e+00,0.000000e+00
2.800000e+01,5.600000e+01,0.0,1.000000e+00,0.000000e+00,0.000000e+00
3.000000e+01,5.600000e+01,0.0,1.000000e+00,0.000000e+00,0.000000e+00
3.200000e+01,5.600000e+01,0.0,1.000000e+00,0.000000e+00,0.000000e+00
3.400000e+01,5.600000e+01,0.0,1.000000e+00,0.000000e+00,0.000000e+00
3.600000e+01,5.600000e+01,0.0,1.000000e+00,0.000000e+00,0.000000e+00
3.800000e+01,5.600000e+01,0.0,1.000000e+00,0.000000e+00,0.000000e+00
4.000000e+01,5.600000e+01,0.0,1.000000e+00,-4.415246e-16,-9.812179e-17
4.200000e+01,5.600000e+01,0.0,1.000000e+00,-4.317753e-13,-9.675744e-14
4.400000e+01,5.600000e+01,0.0,1.000000e+00,-4.504811e-10,-9.254008e-11
4.600000e+01,5.600000e+01,0.0,1.000000e+00,-4.255149e-07,-9.188232e-08
4.800000e+01,5.600000e+01,0.0,1.000116e+00,-3.032695e-04,-7.695211e-05
5.000000e+01,5.600000e+01,0.0,1.095302e+00,-5.233589e-01,-1.796583e-01
5.200000e+01,5.600000e+01,0.0,2.712401e+00,-1.130366e+01,-8.810617e+00
5.400000e+01,5.600000e+01,0.0,3.582163e+00,-1.812610e+01,-1.680871e+01
5.600000e+01,5.600000e+01,0.0,3.572898e+00,-1.804629e+01,-1.804629e+01
5.800000e+01,5.600000e+01,0.0,3.463287e+00,-1.694908e+01,-1.776501e+01
6.000000e+01,5.600000e+01,0.0,3.447691e+00,-1.624472e+01,-1.815423e+01
6.200000e+01,5.600000e+01,0.0,3.495404e+00,-1.586468e+01,-1.923801e+01
6.400000e+01,5.600000e+01,0.0,3.456398e+00,-1.536376e+01,-1.995213e+01
6.600000e+01,5.600000e+01,0.0,3.403852e+00,-1.486523e+01,-2.070387e+01
6.800000e+01,5.600000e+01,0.0,3.404688e+00,-1.459616e+01,-2.125908e+01
7.000000e+01,5.600000e+01,0.0,3.481207e+00,-1.443511e+01,-2.187079e+01
7.200000e+01,5.600000e+01,0.0,3.723721e+00,-1.417579e+01,-2.295236e+01
7.400000e+01,5.600000e+01,0.0,4.002242e+00,-1.397688e+01,-2.401407e+01
7.600000e+01,5.600000e+01,0.0,4.248372e+00,-1.340526e+01,-2.474853e+01
7.800000e+01,5.600000e+01,0.0,4.474294e+00,-1.257848e+01,-2.530751e+01
8.000000e+01,5.600000e+01,0.0,4.653019e+00,-1.148727e+01,-2.541754e+01
8.200000e+01,5.600000e+01,0.0,4.798171e+00,-1.011156e+01,-2.529424e+01
8.400000e+01,5.600000e+01,0.0,4.939589e+00,-8.745473e+00,-2.520780e+01
8.600000e+01,5.600000e+01,0.0,5.101317e+00,-7.564783e+00,-2.509170e+01
8.800000e+01,5.600000e+01,0.0,5.273014e+00,-6.505942e+00,-2.527085e+01
9.000000e+01,5.600000e+01,0.0,5.444888e+00,-5.454019e+00,-2.541902e+01
9.200000e+01,5.600000e+01,0.0,5.605949e+00,-4.236919e+00,-2.558650e+01
9.400000e+01,5.600000e+01,0.0,5.756943e+00,-2.869610e+00,-2.577222e+01
9.600000e+01,5.600000e+01,0.0,5.909631e+00,-1.491038e+00,-2.595351e+01
9.800000e+01,5.600000e+01,0.0,6.031502e+00,-4.151662e-01,-2.616163e+01
1.000000e+02,5.600000e+01,0.0,6.075504e+00,1.158185e-15,-2.594813e+01
1.020000e+02,5.600000e+01,0.0,6.031502e+00,4.151662e-01,-2.616163e+01
1.040000e+02,5.600000e+01,0.0,5.909631e+00,1.491038e+00,-2.595351e+01
1.060000e+02,5.600000e+01,0.0,5.756943e+00,2.869610e+00,-2.577222e+01
1.080000e+02,5.600000e+01,0.0,5.605949e+00,4.236919e+00,-2.558650e+01
1.100000e+02,5.600000e+01,0.0,5.444888e+00,5.454019e+00,-2.541902e+01
1.120000e+02,5.600000e+01,0.0,5.273014e+00,6.505942e+00,-2.527085e+01
1.140000e+02,5.600000e+01,0.0,5.101317e+00,7.564783e+00,-2.509170e+01
1.160000e+02,5.600000e+01,0.0,4.939589e+00,8.745473e+00,-2.520780e+01
1.180000e+02,5.600000e+01,0.0,4.798171e+00,1.011156e+01,-2.529424e+01
1.200000e+02,5.600000e+01,0.0,4.653019e+00,1.148727e+01,-2.541754e+01
1.220000e+02,5.600000e+01,0.0,4.474294e+00,1.257848e+01,-2.530751e+01
1.240000e+02,5.600000e+01,0.0,4.248372e+00,1.340526e+01,-2.474853e+01
1.260000e+02,5.600000e+01,0.0,4.002242e+00,1.397688e+01,-2.401407e+01
1.280000e+02,5.600000e+01,0.0,3.723721e+00,1.417579e+01,-2.295236e+01
1.300000e+02,5.600000e+01,0.0,3.481207e+00,1.443511e+01,-2.187079e+01
1.320000e+02,5.600000e+01,0.0,3.404688e+00,1.459616e+01,-2.125908e+01
1.340000e+02,5.600000e+01,0.0,3.403852e+00,1.486523e+01,-2.070387e+01
1.360000e+02,5.600000e+01,0.0,3.456398e+00,1.536376e+01,-1.995213e+01
1.380000e+02,5.600000e+01,0.0,3.495404e+00,1.586468e+01,-1.923801e+01
1.400000e+02,5.600000e+01,0.0,3.447691e+00,1.624472e+01,-1.815423e+01
1.420000e+02,5.600000e+01,0.0,3.463287e+00,1.694908e+01,-1.776501e+01
1.440000e+02,5.600000e+01,0.0,3.572898e+00,1.804629e+01,-1.804629e+01
1.460000e+02,5.600000e+01,0.0,3.582163e+00,1.812610e+01,-1.680871e+01
1.480000e+02,5.600000e+01,0.0,2.712401e+00,1.130366e+01,-8.810617e+00
1.500000e+02,5.600000e+01,0.0,1.095302e+00,5.233589e-01,-1.796583e-01
1.520000e+02,5.600000e+01,0.0,1.000116e+00,3.032695e-04,-7.695211e-05
1.540000e+02,5.600000e+01,0.0,1.000000e+00,4.255149e-07,-9.188232e-08
1.560000e+02,5.600000e+01,0.0,1.000000e+00,4.504811e-10,-9.254008e-11
1.580000e+02,5.600000e+01,0.0,1.000000e+00,4.317753e-13,-9.675744e-14
1.600000e+02,5.600000e+01,0.0,1.000000e+00,4.415246e-16,-9.812179e-17
1.620000e+02,5.600000e+01,0.0,1.000000e+00,0.000000e+00,0.000000e+00
1.640000e+02,5.600000e+01,0.0,1.000000e+00,0.000000e+00,0.000000e+00
1.660000e+02,5.600000e+01,0.0,1.000000e+00,0.000000e+00,0.000000e+00
1.680000e+02,5.600000e+01,0.0,1.000000e+00,0.000000e+00,0.000000e+00
1.700000e+02,5.600000e+01,0.0,1.000000e+00,0.000000e+00,0.000000e+00
1.720000e+02,5.600000e+01,0.0,1.000000e+00,0.000000e+00,0.000000e+00
1.740000e+02,5.600000e+01,0.0,1.000000e+00,0.000000e+00,0.000000e+00
1.760000e+02,5.600000e+01,0.0,1.000000e+00,0.000000e+00,0.000000e+00
1.780000e+02,5.600000e+01,0.0,1.000000e+00,0.000000e+00,0.000000e+00
1.800000e+02,5.600000e+01,0.0,1.000000e+00,0.000000e+00,0.000000e+00
1.820000e+02,5.600000e+01,0.0,1.000000e+00,0.000000e+00,0.000000e+00
1.840000e+02,5.600000e+01,0.0,1.000000e+00,0.000000e+00,0.000000e+00
1.860000e+02,5.600000e+01,0.0,1.000000e+00,0.000000e+00,0.000000e+00
1.880000e+02,5.600000e+01,0.0,1.000000e+00,0.000000e+00,0.000000e+00
1.900000e+02,5.600000e+01,0.0,1.000000e+00,0.000000e+00,0.000000e+00
1.920000e+02,5.600000e+01,0.0,1.000000e+00,0.000000e+00,0.000000e+00
1.940000e+02,5.600000e+01,0.0,1.000000e+00,0.000000e+00,0.000000e+00
1.960000e+02,5.600000e+01,0.0,1.000000e+00,0.000000e+00,0.000000e+00
1.980000e+02,5.600000e+01,0.0,1.000000e+00,0.000000e+00,0.000000e+00
2.000000e+02,5.600000e+01,0.0,1.000000e+00,0.000000e+00,0.000000e+00
0.000000e+00,5.800000e+01,0.0,1.000000e+00,0.000000e+00,0.000000e+00
2.000000e+00,5.800000e+01,0.0,1.000000e+00,0.000000e+00,0.000000e+00
4.000000e+00,5.800000e+01,0.0,1.000000e+00,0.000000e+00,0.000000e+00
6.000000e+00,5.800000e+01,0.0,1.000000e+00,0.000000e+00,0.000000e+00
8.000000e+00,5.800000e+01,0.0,1.000000e+00,0.000000e+00,0.000000e+00
1.000000e+01,5.800000e+01,0.0,1.000000e+00,0.000000e+00,0.000000e+00
1.200000e+01,5.800000e+01,0.0,1.000000e+00,0.000000e+00,0.000000e+00
1.400000e+01,5.800000e+01,0.0,1.000000e+00,0.000000e+00,0.000000e+00
1.600000e+01,5.800000e+01,0.0,1.000000e+00,0.000000e+00,0.000000e+00
1.800000e+01,5.800000e+01,0.0,1.000000e+00,0.000000e+00,0.000000e+00
2.000000e+01,5.800000e+01,0.0,1.000000e+00,0.000000e+00,0.000000e+00
2.200000e+01,5.800000e+01,0.0,1.000000e+00,0.000000e+00,0.000000e+00
2.400000e+01,5.800000e+01,0.0,1.000000e+00,0.000000e+00,0.000000e+00
2.600000e+01,5.800000e+01,0.0,1.000000e+00,0.000000e+00,0.000000e+00
2.800000e+01,5.800000e+01,0.0,1.000000e+00,0.000000e+00,0.000000e+00
3.000000e+01,5.800000e+01,0.0,1.000000e+00,0.000000e+00,0.000000e+00
3.200000e+01,5.800000e+01,0.0,1.000000e+00,0.000000e+00,0.000000e+00
3.400000e+01,5.800000e+01,0.0,1.000000e+00,0.000000e+00,0.000000e+00
3.600000e+01,5.800000e+01,0.0,1.000000e+00,0.000000e+00,0.000000e+00
3.800000e+01,5.800000e+01,0.0,1.000000e+00,-1.798700e-16,-1.635539e-17
4.000000e+01,5.800000e+01,0.0,1.000000e+00,-1.478747e-13,-2.008091e-14
4.200000e+01,5.800000e+01,0.0,1.000000e+00,-1.442942e-10,-1.736042e-11
4.400000e+01,5.800000e+01,0.0,1.000000e+00,-1.442538e-07,-1.576592e-08
4.600000e+01,5.800000e+01,0.0,1.000041e+00,-1.189740e-04,-1.496146e-05
4.800000e+01,5.800000e+01,0.0,1.019049e+00,-8.544390e-02,-2.620636e-02
5.000000e+01,5.800000e+01,0.0,2.317808e+00,-8.868252e+00,-5.347821e+00
5.200000e+01,5.800000e+01,0.0,3.574210e+00,-1.876396e+01,-1.489296e+01
5.400000e+01,5.800000e+01,0.0,3.602257e+00,-1.896920e+01,-1.685041e+01
5.600000e+01,5.800000e+01,0.0,3.463287e+00,-1.776501e+01,-1.694908e+01
5.800000e+01,5.800000e+01,0.0,3.300794e+00,-1.678008e+01,-1.678008e+01
6.000000e+01,5.800000e+01,0.0,3.280729e+00,-1.627367e+01,-1.765113e+01
6.200000e+01,5.800000e+01,0.0,3.324744e+00,-1.584803e+01,-1.881241e+01
6.400000e+01,5.800000e+01,0.0,3.351813e+00,-1.545549e+01,-1.974409e+01
6.600000e+01,5.800000e+01,0.0,3.409845e+00,-1.511858e+01,-2.064163e+01
6.800000e+01,5.800000e+01,0.0,3.490195e+00,-1.499242e+01,-2.129365e+01
7.000000e+01,5.800000e+01,0.0,3.659506e+00,-1.471688e+01,-2.198151e+01
7.200000e+01,5.800000e+01,0.0,3.977566e+00,-1.453154e+01,-2.295195e+01
7.400000e+01,5.800000e+01,0.0,4.320516e+00,-1.422633e+01,-2.382132e+01
7.600000e+01,5.800000e+01,0.0,4.679376e+00,-1.383773e+01,-2.447462e+01
7.800000e+01,5.800000e+01,0.0,4.981275e+00,-1.298887e+01,-2.473513e+01
8.000000e+01,5.800000e+01,0.0,5.239289e+00,-1.186307e+01,-2.474763e+01
8.200000e+01,5.800000e+01,0.0,5.446935e+00,-1.047453e+01,-2.450767e+01
8.400000e+01,5.800000e+01,0.0,5.614060e+00,-8.959231e+00,-2.427182e+01
8.600000e+01,5.800000e+01,0.0,5.779454e+00,-7.584288e+00,-2.392707e+01
8.800000e+01,5.800000e+01,0.0,5.955826e+00,-6.420328e+00,-2.382233e+01
9.000000e+01,5.800000e+01,0.0,6.133499e+00,-5.339521e+00,-2.369778e+01
9.200000e+01,5.800000e+01,0.0,6.310628e+00,-4.105281e+00,-2.358566e+01
9.400000e+01,5.800000e+01,0.0,6.480024e+00,-2.668631e+00,-2.348017e+01
9.600000e+01,5.800000e+01,0.0,6.642723e+00,-1.113506e+00,-2.347356e+01
9.800000e+01,5.800000e+01,0.0,6.730220e+00,-1.968936e-01,-2.359808e+01
1.000000e+02,5.800000e+01,0.0,6.746340e+00,-1.768491e-15,-2.338942e+01
1.020000e+02,5.800000e+01,0.0,6.730220e+00,1.968936e-01,-2.359808e+01
1.040000e+02,5.800000e+01,0.0,6.642723e+00,1.113506e+00,-2.347356e+01
1.060000e+02,5.800000e+01,0.0,6.480024e+00,2.668631e+00,-2.348017e+01
1.080000e+02,5.800000e+01,0.0,6.310628e+00,4.105281e+00,-2.358566e+01
1.100000e+02,5.800000e+01,0.0,6.133499e+00,5.339521e+00,-2.369778e+01
1.120000e+02,5.800000e+01,0.0,5.955826e+00,6.420328e+00,-2.382233e+01
1.140000e+02,5.800000e+01,0.0,5.779454e+00,7.584288e+00,-2.392707e+01
1.160000e+02,5.800000e+01,0.0,5.614060e+00,8.959231e+00,-2.427182e+01
1.180000e+02,5.800000e+01,0.0,5.446935e+00,1.047453e+01,-2.450767e+01
1.200000e+02,5.800000e+01,0.0,5.239289e+00,1.186307e+01,-2.474763e+01
1.220000e+02,5.800000e+01,0.0,4.981275e+00,1.298887e+01,-2.473513e+01
1.240000e+02,5.800000e+01,0.0,4.679376e+00,1.383773e+01,-2.447462e+01
1.260000e+02,5.800000e+01,0.0,4.320516e+00,1.422633e+01,-2.382132e+01
1.280000e+02,5.800000e+01,0.0,3.977566e+00,1.453154e+01,-2.295195e+01
1.300000e+02,5.800000e+01,0.0,3.659506e+00,1.471688e+01,-2.198151e+01
1.320000e+02,5.800000e+01,0.0,3.490195e+00,1.499242e+01,-2.129365e+01
1.340000e+02,5.800000e+01,0.0,3.409845e+00,1.511858e+01,-2.064163e+01
1.360000e+02,5.800000e+01,0.0,3.351813e+00,1.545549e+01,-1.974409e+01
1.380000e+02,5.800000e+01,0.0,3.324744e+00,1.584803e+01,-1.881241e+01
1.400000e+02,5.800000e+01,0.0,3.280729e+00,1.627367e+01,-1.765113e+01
1.420000e+02,5.800000e+01,0.0,3.300794e+00,1.678008e+01,-1.678008e+01
1.440000e+02,5.800000e+01,0.0,3.463287e+00,1.776501e+01,-1.694908e+01
1.460000e+02,5.800000e+01,0.0,3.602257e+00,1.896920e+01,-1.685041e+01
1.480000e+02,5.800000e+01,0.0,3.574210e+00,1.876396e+01,-1.489296e+01
1.500000e+02,5.800000e+01,0.0,2.317808e+00,8.868252e+00,-5.347821e+00
1.520000e+02,5.800000e+01,0.0,1.019049e+00,8.544390e-02,-2.620636e-02
1.540000e+02,5.800000e+01,0.0,1.000041e+00,1.189740e-04,-1.496146e-05
1.560000e+02,5.800000e+01,0.0,1.000000e+00,1.442538e-07,-1.576592e-08
1.580000e+02,5.800000e+01,0.0,1.000000e+00,1.442942e-10,-1.736042e-11
1.600000e+02,5.800000e+01,0.0,1.000000e+00,1.478747e-13,-2.008091e-14
1.620000e+02,5.800000e+01,0.0,1.000000e+00,1.798700e-16,-1.635539e-17
1.640000e+02,5.800000e+01,0.0,1.000000e+00,0.000000e+00,0.000000e+00
1.660000e+02,5.800000e+01,0.0,1.000000e+00,0.000000e+00,0.000000e+00
1.680000e+02,5.800000e+01,0.0,1.000000e+00,0.000000e+00,0.000000e+00
1.700000e+02,5.800000e+01,0.0,1.000000e+00,0.000000e+00,0.000000e+00
1.720000e+02,5.800000e+01,0.0,1.000000e+00,0.000000e+00,0.000000e+00
1.740000e+02,5.800000e+01,0.0,1.000000e+00,0.000000e+00,0.000000e+00
1.760000e+02,5.800000e+01,0.0,1.000000e+00,0.000000e+00,0.000000e+00
1.780000e+02,5.800000e+01,0.0,1.000000e+00,0.000000e+00,0.000000e+00
1.800000e+02,5.800000e+01,0.0,1.000000e+00,0.000000e+00,0.000000e+00
1.820000e+02,5.800000e+01,0.0,1.000000e+00,0.000000e+00,0.000000e+00
1.840000e+02,5.800000e+01,0.0,1.000000e+00,0.000000e+00,0.000000e+00
1.860000e+02,5.800000e+01,0.0,1.000000e+00,0.000000e+00,0.000000e+00
1.880000e+02,5.800000e+01,0.0,1.000000e+00,0.000000e+00,0.000000e+00
1.900000e+02,5.800000e+01,0.0,1.000000e+00,0.000000e+00,0.000000e+00
1.920000e+02,5.800000e+01,0.0,1.000000e+00,0.000000e+00,0.000000e+00
1.940000e+02,5.800000e+01,0.0,1.000000e+00,0.000000e+00,0.000000e+00
1.960000e+02,5.800000e+01,0.0,1.000000e+00,0.000000e+00,0.000000e+00
1.980000e+02,5.800000e+01,0.0,1.000000e+00,0.000000e+00,0.000000e+00
2.000000e+02,5.800000e+01,0.0,1.000000e+00,0.000000e+00,0.000000e+00
0.000000e+00,6.000000e+01,0.0,1.000000e+00,0.000000e+00,0.000000e+00
2.000000e+00,6.000000e+01,0.0,1.000000e+00,0.000000e+00,0.000000e+00
4.000000e+00,6.000000e+01,0.0,1.000000e+00,0.000000e+00,0.000000e+00
6.000000e+00,6.000000e+01,0.0,1.000000e+00,0.000000e+00,0.000000e+00
8.000000e+00,6.000000e+01,0.0,1.000000e+00,0.000000e+00,0.000000e+00
1.000000e+01,6.000000e+01,0.0,1.000000e+00,0.000000e+00,0.000000e+00
1.200000e+01,6.000000e+01,0.0,1.000000e+00,0.000000e+00,0.000000e+00
1.400000e+01,6.000000e+01,0.0,1.000000e+00,0.000000e+00,0.000000e+00
1.600000e+01,6.000000e+01,0.0,1.000000e+00,0.000000e+00,0.000000e+00
1.800000e+01,6.000000e+01,0.0,1.000000e+00,0.000000e+00,0.000000e+00
2.000000e+01,6.000000e+01,0.0,1.000000e+00,0.000000e+00,0.000000e+00
2.200000e+01,6.000000e+01,0.0,1.000000e+00,0.000000e+00,0.000000e+00
2.400000e+01,6.000000e+01,0.0,1.000000e+00,0.000000e+00,0.000000e+00
2.600000e+01,6.000000e+01,0.0,1.000000e+00,0.000000e+00,0.000000e+00
2.800000e+01,6.000000e+01,0.0,1.000000e+00,0.000000e+00,0.000000e+00
3.000000e+01,6.000000e+01,0.0,1.000000e+00,0.000000e+00,0.000000e+00
3.200000e+01,6.000000e+01,0.0,1.000000e+00,0.000000e+00,0.000000e+00
3.400000e+01,6.000000e+01,0.0,1.000000e+00,0.000000e+00,0.000000e+00
3.600000e+01,6.000000e+01,0.0,1.000000e+00,-4.905562e-17,0.000000e+00
3.800000e+01,6.000000e+01,0.0,1.000000e+00,-2.931996e-14,-2.861687e-15
4.000000e+01,6.000000e+01,0.0,1.000000e+00,-2.478311e-11,-2.644490e-12
4.200000e+01,6.000000e+01,0.0,1.000000e+00,-2.222008e-08,-2.235157e-09
4.400000e+01,6.000000e+01,0.0,1.000007e+00,-2.182928e-05,-1.690190e-06
4.600000e+01,6.000000e+01,0.0,1.004927e+00,-1.891624e-02,-3.321195e-03
4.800000e+01,6.000000e+01,0.0,1.712938e+00,-4.667092e+00,-2.323710e+00
5.000000e+01,6.000000e+01,0.0,3.469997e+00,-1.816233e+01,-1.257212e+01
5.200000e+01,6.000000e+01,0.0,3.654045e+00,-1.964202e+01,-1.553330e+01
5.400000e+01,6.000000e+01,0.0,3.573696e+00,-1.895335e+01,-1.618529e+01
5.600000e+01,6.000000e+01,0.0,3.447691e+00,-1.815423e+01,-1.624472e+01
5.800000e+01,6.000000e+01,0.0,3.280729e+00,-1.765113e+01,-1.627367e+01
6.000000e+01,6.000000e+01,0.0,3.236230e+00,-1.697955e+01,-1.697955e+01
6.200000e+01,6.000000e+01,0.0,3.285929e+00,-1.635144e+01,-1.816149e+01
6.400000e+01,6.000000e+01,0.0,3.398020e+00,-1.601186e+01,-1.943066e+01
6.600000e+01,6.000000e+01,0.0,3.540870e+00,-1.574367e+01,-2.042153e+01
6.800000e+01,6.000000e+01,0.0,3.716996e+00,-1.546536e+01,-2.132152e+01
7.000000e+01,6.000000e+01,0.0,4.044143e+00,-1.539079e+01,-2.204835e+01
7.200000e+01,6.000000e+01,0.0,4.418506e+00,-1.501811e+01,-2.277276e+01
7.400000e+01,6.000000e+01,0.0,4.802691e+00,-1.449808e+01,-2.335833e+01
7.600000e+01,6.000000e+01,0.0,5.183591e+00,-1.387215e+01,-2.367848e+01
7.800000e+01,6.000000e+01,0.0,5.548034e+00,-1.310059e+01,-2.366909e+01
8.000000e+01,6.000000e+01,0.0,5.851111e+00,-1.189968e+01,-2.337366e+01
8.200000e+01,6.000000e+01,0.0,6.106731e+00,-1.051002e+01,-2.292628e+01
8.400000e+01,6.000000e+01,0.0,6.309901e+00,-8.948220e+00,-2.245420e+01
8.600000e+01,6.000000e+01,0.0,6.483064e+00,-7.391577e+00,-2.186296e+01
8.800000e+01,6.000000e+01,0.0,6.660185e+00,-6.066605e+00,-2.146921e+01
9.000000e+01,6.000000e+01,0.0,6.846851e+00,-4.941701e+00,-2.105240e+01
9.200000e+01,6.000000e+01,0.0,7.040776e+00,-3.651358e+00,-2.063013e+01
9.400000e+01,6.000000e+01,0.0,7.225795e+00,-2.196882e+00,-2.027361e+01
9.600000e+01,6.000000e+01,0.0,7.392151e+00,-7.052099e-01,-2.002868e+01
9.800000e+01,6.000000e+01,0.0,7.431442e+00,-1.170537e-01,-2.004209e+01
1.000000e+02,6.000000e+01,0.0,7.435830e+00,-3.912560e-15,-1.988734e+01
1.020000e+02,6.000000e+01,0.0,7.431442e+00,1.170537e-01,-2.004209e+01
1.040000e+02,6.000000e+01,0.0,7.392151e+00,7.052099e-01,-2.002868e+01
1.060000e+02,6.000000e+01,0.0,7.225795e+00,2.196882e+00,-2.027361e+01
1.080000e+02,6.000000e+01,0.0,7.040776e+00,3.651358e+00,-2.063013e+01
1.100000e+02,6.000000e+01,0.0,6.846851e+00,4.941701e+00,-2.105240e+01
1.120000e+02,6.000000e+01,0.0,6.660185e+00,6.066605e+00,-2.146921e+01
1.140000e+02,6.000000e+01,0.0,6.483064e+00,7.391577e+00,-2.186296e+01
1.160000e+02,6.000000e+01,0.0,6.309901e+00,8.948220e+00,-2.245420e+01
1.180000e+02,6.000000e+01,0.0,6.106731e+00,1.051002e+01,-2.292628e+01
1.200000e+02,6.000000e+01,0.0,5.851111e+00,1.189968e+01,-2.337366e+01
1.220000e+02,6.000000e+01,0.0,5.548034e+00,1.310059e+01,-2.366909e+01
1.240000e+02,6.000000e+01,0.0,5.183591e+00,1.387215e+01,-2.367848e+01
1.260000e+02,6.000000e+01,0.0,4.802691e+00,1.449808e+01,-2.335833e+01
1.280000e+02,6.000000e+01,0.0,4.418506e+00,1.501811e+01,-2.277276e+01
1.300000e+02,6.000000e+01,0.0,4.044143e+00,1.539079e+01,-2.204835e+01
1.320000e+02,6.000000e+01,0.0,3.716996e+00,1.546536e+01,-2.132152e+01
1.340000e+02,6.000000e+01,0.0,3.540870e+00,1.574367e+01,-2.042153e+01
1.360000e+02,6.000000e+01,0.0,3.398020e+00,1.601186e+01,-1.943066e+01
1.380000e+02,6.000000e+01,0.0,3.285929e+00,1.635144e+01,-1.816149e+01
1.400000e+02,6.000000e+01,0.0,3.236230e+00,1.697955e+01,-1.697955e+01
1.420000e+02,6.000000e+01,0.0,3.280729e+00,1.765113e+01,-1.627367e+01
1.440000e+02,6.000000e+01,0.0,3.447691e+00,1.815423e+01,-1.624472e+01
1.460000e+02,6.000000e+01,0.0,3.573696e+00,1.895335e+01,-1.618529e+01
1.480000e+02,6.000000e+01,0.0,3.654045e+00,1.964202e+01,-1.553330e+01
1.500000e+02,6.000000e+01,0.0,3.469997e+00,1.816233e+01,-1.257212e+01
1.520000e+02,6.000000e+01,0.0,1.712938e+00,4.667092e+00,-2.323710e+00
1.540000e+02,6.000000e+01,0.0,1.004927e+00,1.891624e-02,-3.321195e-03
1.560000e+02,6.000000e+01,0.0,1.000007e+00,2.182928e-05,-1.690190e-06
1.580000e+02,6.000000e+01,0.0,1.000000e+00,2.222008e-08,-2.235157e-09
1.600000e+02,6.000000e+01,0.0,1.000000e+00,2.478311e-11,-2.644490e-12
1.620000e+02,6.000000e+01,0.0,1.000000e+00,2.931996e-14,-2.861687e-15
1.640000e+02,6.000000e+01,0.0,1.000000e+00,4.905562e-17,0.000000e+00
1.660000e+02,6.000000e+01,0.0,1.000000e+00,0.000000e+00,0.000000e+00
1.680000e+02,6.000000e+01,0.0,1.000000e+00,0.000000e+00,0.000000e+00
1.700000e+02,6.000000e+01,0.0,1.000000e+00,0.000000e+00,0.000000e+00
1.720000e+02,6.000000e+01,0.0,1.000000e+00,0.000000e+00,0.000000e+00
1.740000e+02,6.000000e+01,0.0,1.000000e+00,0.000000e+00,0.000000e+00
1.760000e+02,6.000000e+01,0.0,1.000000e+00,0.000000e+00,0.000000e+00
1.780000e+02,6.000000e+01,0.0,1.000000e+00,0.000000e+00,0.000000e+00
1.800000e+02,6.000000e+01,0.0,1.000000e+00,0.000000e+00,0.000000e+00
1.820000e+02,6.000000e+01,0.0,1.000000e+00,0.000000e+00,0.000000e+00
1.840000e+02,6.000000e+01,0.0,1.000000e+00,0.000000e+00,0.000000e+00
1.860000e+02,6.000000e+01,0.0,1.000000e+00,0.000000e+00,0.000000e+00
1.880000e+02,6.000000e+01,0.0,1.000000e+00,0.000000e+00,0.000000e+00
1.900000e+02,6.000000e+01,0.0,1.000000e+00,0.000000e+00,0.000000e+00
1.920000e+02,6.000000e+01,0.0,1.000000e+00,0.000000e+00,0.000000e+00
1.940000e+02,6.000000e+01,0.0,1.000000e+00,0.000000e+00,0.000000e+00
1.960000e+02,6.000000e+01,0.0,1.000000e+00,0.000000e+00,0.000000e+00
1.980000e+02,6.000000e+01,0.0,1.000000e+00,0.000000e+00,0.000000e+00
2.000000e+02,6.000000e+01,0.0,1.000000e+00,0.000000e+00,0.000000e+00
0.000000e+00,6.200000e+01,0.0,1.000000e+00,0.000000e+00,0.000000e+00
2.000000e+00,6.200000e+01,0.0,1.000000e+00,0.000000e+00,0.000000e+00
4.000000e+00,6.200000e+01,0.0,1.000000e+00,0.000000e+00,0.000000e+00
6.000000e+00,6.200000e+01,0.0,1.000000e+00,0.000000e+00,0.000000e+00
8.000000e+00,6.200000e+01,0.0,1.000000e+00,0.000000e+00,0.000000e+00
1.000000e+01,6.200000e+01,0.0,1.000000e+00,0.000000e+00,0.000000e+00
1.200000e+01,6.200000e+01,0.0,1.000000e+00,0.000000e+00,0.000000e+00
1.400000e+01,6.200000e+01,0.0,1.000000e+00,0.000000e+00,0.000000e+00
1.600000e+01,6.200000e+01,0.0,1.000000e+00,0.000000e+00,0.000000e+00
1.800000e+01,6.200000e+01,0.0,1.000000e+00,0.000000e+00,0.000000e+00
2.000000e+01,6.200000e+01,0.0,1.000000e+00,0.000000e+00,0.000000e+00
2.200000e+01,6.200000e+01,0.0,1.000000e+00,0.000000e+00,0.000000e+00
2.400000e+01,6.200000e+01,0.0,1.000000e+00,0.000000e+00,0.000000e+00
2.600000e+01,6.200000e+01,0.0,1.000000e+00,0.000000e+00,0.000000e+00
2.800000e+01,6.200000e+01,0.0,1.000000e+00,0.000000e+00,0.000000e+00
3.000000e+01,6.200000e+01,0.0,1.000000e+00,0.000000e+00,0.000000e+00
3.200000e+01,6.200000e+01,0.0,1.000000e+00,0.000000e+00,0.000000e+00
3.400000e+01,6.200000e+01,0.0,1.000000e+00,-4.255459e-37,0.000000e+00
3.600000e+01,6.200000e+01,0.0,1.000000e+00,-3.875494e-15,-3.107416e-16
3.800000e+01,6.200000e+01,0.0,1.000000e+00,-3.530742e-12,-3.383753e-13
4.000000e+01,6.200000e+01,0.0,1.000000e+00,-2.974692e-09,-3.013961e-10
4.200000e+01,6.200000e+01,0.0,1.000001e+00,-2.061529e-06,-2.593368e-07
4.400000e+01,6.200000e+01,0.0,1.000788e+00,-2.589637e-03,-2.307962e-04
4.600000e+01,6.200000e+01,0.0,1.261769e+00,-1.615364e+00,-6.079270e-01
4.800000e+01,6.200000e+01,0.0,3.122813e+00,-1.537686e+01,-9.683366e+00
5.000000e+01,6.200000e+01,0.0,3.672359e+00,-2.005051e+01,-1.454757e+01
5.200000e+01,6.200000e+01,0.0,3.645737e+00,-1.981796e+01,-1.540512e+01
5.400000e+01,6.200000e+01,0.0,3.584489e+00,-1.938120e+01,-1.571238e+01
5.600000e+01,6.200000e+01,0.0,3.495404e+00,-1.923801e+01,-1.586468e+01
5.800000e+01,6.200000e+01,0.0,3.324744e+00,-1.881241e+01,-1.584803e+01
6.000000e+01,6.200000e+01,0.0,3.285929e+00,-1.816149e+01,-1.635144e+01
6.200000e+01,6.200000e+01,0.0,3.373626e+00,-1.751126e+01,-1.751126e+01
6.400000e+01,6.200000e+01,0.0,3.574934e+00,-1.711644e+01,-1.901595e+01
6.600000e+01,6.200000e+01,0.0,3.782646e+00,-1.686660e+01,-2.021307e+01
6.800000e+01,6.200000e+01,0.0,4.158164e+00,-1.647362e+01,-2.102352e+01
7.000000e+01,6.200000e+01,0.0,4.541530e+00,-1.600116e+01,-2.173492e+01
7.200000e+01,6.200000e+01,0.0,4.929802e+00,-1.527717e+01,-2.221831e+01
7.400000e+01,6.200000e+01,0.0,5.326952e+00,-1.449699e+01,-2.245209e+01
7.600000e+01,6.200000e+01,0.0,5.715702e+00,-1.357640e+01,-2.241288e+01
7.800000e+01,6.200000e+01,0.0,6.095503e+00,-1.258043e+01,-2.206156e+01
8.000000e+01,6.200000e+01,0.0,6.460239e+00,-1.153356e+01,-2.146945e+01
8.200000e+01,6.200000e+01,0.0,6.760798e+00,-1.013422e+01,-2.058702e+01
8.400000e+01,6.200000e+01,0.0,7.010447e+00,-8.564563e+00,-1.976746e+01
8.600000e+01,6.200000e+01,0.0,7.215611e+00,-6.975561e+00,-1.886278e+01
8.800000e+01,6.200000e+01,0.0,7.394637e+00,-5.469041e+00,-1.813652e+01
9.000000e+01,6.200000e+01,0.0,7.581030e+00,-4.171509e+00,-1.742648e+01
9.200000e+01,6.200000e+01,0.0,7.797231e+00,-2.883238e+00,-1.669004e+01
9.400000e+01,6.200000e+01,0.0,8.000874e+00,-1.473978e+00,-1.600347e+01
9.600000e+01,6.200000e+01,0.0,8.133339e+00,-3.860381e-01,-1.566411e+01
9.800000e+01,6.200000e+01,0.0,8.129077e+00,-1.483909e-01,-1.563108e+01
1.000000e+02,6.200000e+01,0.0,8.121852e+00,-5.986654e-15,-1.554778e+01
1.020000e+02,6.200000e+01,0.0,8.129077e+00,1.483909e-01,-1.563108e+01
1.040000e+02,6.200000e+01,0.0,8.133339e+00,3.860381e-01,-1.566411e+01
1.060000e+02,6.200000e+01,0.0,8.000874e+00,1.473978e+00,-1.600347e+01
1.080000e+02,6.200000e+01,0.0,7.797231e+00,2.883238e+00,-1.669004e+01
1.100000e+02,6.200000e+01,0.0,7.581030e+00,4.171509e+00,-1.742648e+01
1.120000e+02,6.200000e+01,0.0,7.394637e+00,5.469041e+00,-1.813652e+01
1.140000e+02,6.200000e+01,0.0,7.215611e+00,6.975561e+00,-1.886278e+01
1.160000e+02,6.200000e+01,0.0,7.010447e+00,8.564563e+00,-1.976746e+01
1.180000e+02,6.200000e+01,0.0,6.760798e+00,1.013422e+01,-2.058702e+01
1.200000e+02,6.200000e+01,0.0,6.460239e+00,1.153356e+01,-2.146945e+01
1.220000e+02,6.200000e+01,0.0,6.095503e+00,1.258043e+01,-2.206156e+01
1.240000e+02,6.200000e+01,0.0,5.715702e+00,1.357640e+01,-2.241288e+01
1.260000e+02,6.200000e+01,0.0,5.326952e+00,1.449699e+01,-2.245209e+01
1.280000e+02,6.200000e+01,0.0,4.929802e+00,1.527717e+01,-2.221831e+01
1.300000e+02,6.200000e+01,0.0,4.541530e+00,1.600116e+01,-2.173492e+01
1.320000e+02,6.200000e+01,0.0,4.158164e+00,1.647362e+01,-2.102352e+01
1.340000e+02,6.200000e+01,0.0,3.782646e+00,1.686660e+01,-2.021307e+01
1.360000e+02,6.200000e+01,0.0,3.574934e+00,1.711644e+01,-1.901595e+01
1.380000e+02,6.200000e+01,0.0,3.373626e+00,1.751126e+01,-1.751126e+01
1.400000e+02,6.200000e+01,0.0,3.285929e+00,1.816149e+01,-1.635144e+01
1.420000e+02,6.200000e+01,0.0,3.324744e+00,1.881241e+01,-1.584803e+01
1.440000e+02,6.200000e+01,0.0,3.495404e+00,1.923801e+01,-1.586468e+01
1.460000e+02,6.200000e+01,0.0,3.584489e+00,1.938120e+01,-1.571238e+01
1.480000e+02,6.200000e+01,0.0,3.645737e+00,1.981796e+01,-1.540512e+01
1.500000e+02,6.200000e+01,0.0,3.672359e+00,2.005051e+01,-1.454757e+01
1.520000e+02,6.200000e+01,0.0,3.122813e+00,1.537686e+01,-9.683366e+00
1.540000e+02,6.200000e+01,0.0,1.261769e+00,1.615364e+00,-6.079270e-01
1.560000e+02,6.200000e+01,0.0,1.000788e+00,2.589637e-03,-2.307962e-04
1.580000e+02,6.200000e+01,0.0,1.000001e+00,2.061529e-06,-2.593368e-07
1.600000e+02,6.200000e+01,0.0,1.000000e+00,2.974692e-09,-3.013961e-10
1.620000e+02,6.200000e+01,0.0,1.000000e+00,3.530742e-12,-3.383753e-13
1.640000e+02,6.200000e+01,0.0,1.000000e+00,3.875494e-15,-3.107416e-16
1.660000e+02,6.200000e+01,0.0,1.000000e+00,4.255459e-37,0.000000e+00
1.680000e+02,6.200000e+01,0.0,1.000000e+00,0.000000e+00,0.000000e+00
1.700000e+02,6.200000e+01,0.0,1.000000e+00,0.000000e+00,0.000000e+00
1.720000e+02,6.200000e+01,0.0,1.000000e+00,0.000000e+00,0.000000e+00
1.740000e+02,6.200000e+01,0.0,1.000000e+00,0.000000e+00,0.000000e+00
1.760000e+02,6.200000e+01,0.0,1.000000e+00,0.000000e+00,0.000000e+00
1.780000e+02,6.200000e+01,0.0,1.000000e+00,0.000000e+00,0.000000e+00
1.800000e+02,6.200000e+01,0.0,1.000000e+00,0.000000e+00,0.000000e+00
1.820000e+02,6.200000e+01,0.0,1.000000e+00,0.000000e+00,0.000000e+00
1.840000e+02,6.200000e+01,0.0,1.000000e+00,0.000000e+00,0.000000e+00
1.860000e+02,6.200000e+01,0.0,1.000000e+00,0.000000e+00,0.000000e+00
1.880000e+02,6.200000e+01,0.0,1.000000e+00,0.000000e+00,0.000000e+00
1.900000e+02,6.200000e+01,0.0,1.000000e+00,0.000000e+00,0.000000e+00
1.920000e+02,6.200000e+01,0.0,1.000000e+00,0.000000e+00,0.000000e+00
1.940000e+02,6.200000e+01,0.0,1.000000e+00,0.000000e+00,0.000000e+00
1.960000e+02,6.200000e+01,0.0,1.000000e+00,0.000000e+00,0.000000e+00
1.980000e+02,6.200000e+01,0.0,1.000000e+00,0.000000e+00,0.000000e+00
2.000000e+02,6.200000e+01,0.0,1.000000e+00,0.000000e+00,0.000000e+00
0.000000e+00,6.400000e+01,0.0,1.000000e+00,0.000000e+00,0.000000e+00
2.000000e+00,6.400000e+01,0.0,1.000000e+00,0.000000e+00,0.000000e+00
4.000000e+00,6.400000e+01,0.0,1.000000e+00,0.000000e+00,0.000000e+00
6.000000e+00,6.400000e+01,0.0,1.000000e+00,0.000000e+00,0.000000e+00
8.000000e+00,6.400000e+01,0.0,1.000000e+00,0.000000e+00,0.000000e+00
1.000000e+01,6.400000e+01,0.0,1.000000e+00,0.000000e+00,0.000000e+00
1.200000e+01,6.400000e+01,0.0,1.000000e+00,0.000000e+00,0.000000e+00
1.400000e+01,6.400000e+01,0.0,1.000000e+00,0.000000e+00,0.000000e+00
1.600000e+01,6.400000e+01,0.0,1.000000e+00,0.000000e+00,0.000000e+00
1.800000e+01,6.400000e+01,0.0,1.000000e+00,0.000000e+00,0.000000e+00
2.000000e+01,6.400000e+01,0.0,1.000000e+00,0.000000e+00,0.000000e+00
2.200000e+01,6.400000e+01,0.0,1.000000e+00,0.000000e+00,0.000000e+00
2.400000e+01,6.400000e+01,0.0,1.000000e+00,0.000000e+00,0.000000e+00
2.600000e+01,6.400000e+01,0.0,1.000000e+00,0.000000e+00,0.000000e+00
2.800000e+01,6.400000e+01,0.0,1.000000e+00,0.000000e+00,0.000000e+00
3.000000e+01,6.400000e+01,0.0,1.000000e+00,0.000000e+00,0.000000e+00
3.200000e+01,6.400000e+01,0.0,1.000000e+00,0.000000e+00,0.000000e+00
3.400000e+01,6.400000e+01,0.0,1.000000e+00,-4.742457e-16,-3.270024e-17
3.600000e+01,6.400000e+01,0.0,1.000000e+00,-4.415398e-13,-4.632587e-14
3.800000e+01,6.400000e+01,0.0,1.000000e+00,-3.964896e-10,-3.718783e-11
4.000000e+01,6.400000e+01,0.0,1.000000e+00,-3.420507e-07,-3.445243e-08
4.200000e+01,6.400000e+01,0.0,1.000083e+00,-2.429888e-04,-3.126436e-05
4.400000e+01,6.400000e+01,0.0,1.057478e+00,-3.104376e-01,-7.833150e-02
4.600000e+01,6.400000e+01,0.0,2.585918e+00,-1.120824e+01,-6.407056e+00
4.800000e+01,6.400000e+01,0.0,3.668830e+00,-2.049308e+01,-1.372201e+01
5.000000e+01,6.400000e+01,0.0,3.672785e+00,-2.061590e+01,-1.474609e+01
5.200000e+01,6.400000e+01,0.0,3.614073e+00,-2.013240e+01,-1.512928e+01
5.400000e+01,6.400000e+01,0.0,3.566278e+00,-2.002586e+01,-1.539356e+01
5.600000e+01,6.400000e+01,0.0,3.456398e+00,-1.995213e+01,-1.536376e+01
5.800000e+01,6.400000e+01,0.0,3.351813e+00,-1.974409e+01,-1.545549e+01
6.000000e+01,6.400000e+01,0.0,3.398020e+00,-1.943066e+01,-1.601186e+01
6.200000e+01,6.400000e+01,0.0,3.574934e+00,-1.901595e+01,-1.711644e+01
6.400000e+01,6.400000e+01,0.0,3.844600e+00,-1.846895e+01,-1.846895e+01
6.600000e+01,6.400000e+01,0.0,4.247448e+00,-1.788448e+01,-1.959955e+01
6.800000e+01,6.400000e+01,0.0,4.645765e+00,-1.725394e+01,-2.044302e+01
7.000000e+01,6.400000e+01,0.0,5.046691e+00,-1.639028e+01,-2.098028e+01
7.200000e+01,6.400000e+01,0.0,5.457250e+00,-1.534780e+01,-2.122076e+01
7.400000e+01,6.400000e+01,0.0,5.867937e+00,-1.421712e+01,-2.114131e+01
7.600000e+01,6.400000e+01,0.0,6.272739e+00,-1.301232e+01,-2.075352e+01
7.800000e+01,6.400000e+01,0.0,6.664467e+00,-1.173065e+01,-2.002481e+01
8.000000e+01,6.400000e+01,0.0,7.047941e+00,-1.044876e+01,-1.904223e+01
8.200000e+01,6.400000e+01,0.0,7.398416e+00,-9.090131e+00,-1.774633e+01
8.400000e+01,6.400000e+01,0.0,7.704465e+00,-7.689150e+00,-1.637684e+01
8.600000e+01,6.400000e+01,0.0,7.959471e+00,-6.160053e+00,-1.496403e+01
8.800000e+01,6.400000e+01,0.0,8.166751e+00,-4.622504e+00,-1.375489e+01
9.000000e+01,6.400000e+01,0.0,8.362440e+00,-3.151391e+00,-1.263302e+01
9.200000e+01,6.400000e+01,0.0,8.577947e+00,-1.743637e+00,-1.163128e+01
9.400000e+01,6.400000e+01,0.0,8.766287e+00,-5.669967e-01,-1.087590e+01
9.600000e+01,6.400000e+01,0.0,8.821990e+00,-2.475186e-01,-1.056972e+01
9.800000e+01,6.400000e+01,0.0,8.821282e+00,-1.800086e-01,-1.049750e+01
1.000000e+02,6.400000e+01,0.0,8.815792e+00,2.220155e-17,-1.040328e+01
1.020000e+02,6.400000e+01,0.0,8.821282e+00,1.800086e-01,-1.049750e+01
1.040000e+02,6.400000e+01,0.0,8.821990e+00,2.475186e-01,-1.056972e+01
1.060000e+02,6.400000e+01,0.0,8.766287e+00,5.669967e-01,-1.087590e+01
1.080000e+02,6.400000e+01,0.0,8.577947e+00,1.743637e+00,-1.163128e+01
1.100000e+02,6.400000e+01,0.0,8.362440e+00,3.151391e+00,-1.263302e+01
1.120000e+02,6.400000e+01,0.0,8.166751e+00,4.622504e+00,-1.375489e+01
1.140000e+02,6.400000e+01,0.0,7.959471e+00,6.160053e+00,-1.496403e+01
1.160000e+02,6.400000e+01,0.0,7.704465e+00,7.689150e+00,-1.637684e+01
1.180000e+02,6.400000e+01,0.0,7.398416e+00,9.090131e+00,-1.774633e+01
1.200000e+02,6.400000e+01,0.0,7.047941e+00,1.044876e+01,-1.904223e+01
1.220000e+02,6.400000e+01,0.0,6.664467e+00,1.173065e+01,-2.002481e+01
1.240000e+02,6.400000e+01,0.0,6.272739e+00,1.301232e+01,-2.075352e+01
1.260000e+02,6.400000e+01,0.0,5.867937e+00,1.421712e+01,-2.114131e+01
1.280000e+02,6.400000e+01,0.0,5.457250e+00,1.534780e+01,-2.122076e+01
1.300000e+02,6.400000e+01,0.0,5.046691e+00,1.639028e+01,-2.098028e+01
1.320000e+02,6.400000e+01,0.0,4.645765e+00,1.725394e+01,-2.044302e+01
1.340000e+02,6.400000e+01,0.0,4.247448e+00,1.788448e+01,-1.959955e+01
1.360000e+02,6.400000e+01,0.0,3.844600e+00,1.846895e+01,-1.846895e+01
1.380000e+02,6.400000e+01,0.0,3.574934e+00,1.901595e+01,-1.711644e+01
1.400000e+02,6.400000e+01,0.0,3.398020e+00,1.943066e+01,-1.601186e+01
1.420000e+02,6.400000e+01,0.0,3.351813e+00,1.974409e+01,-1.545549e+01
1.440000e+02,6.400000e+01,0.0,3.456398e+00,1.995213e+01,-1.536376e+01
1.460000e+02,6.400000e+01,0.0,3.566278e+00,2.002586e+01,-1.539356e+01
1.480000e+02,6.400000e+01,0.0,3.614073e+00,2.013240e+01,-1.512928e+01
1.500000e+02,6.400000e+01,0.0,3.672785e+00,2.061590e+01,-1.474609e+01
1.520000e+02,6.400000e+01,0.0,3.668830e+00,2.049308e+01,-1.372201e+01
1.540000e+02,6.400000e+01,0.0,2.585918e+00,1.120824e+01,-6.407056e+00
1.560000e+02,6.400000e+01,0.0,1.057478e+00,3.104376e-01,-7.833150e-02
1.580000e+02,6.400000e+01,0.0,1.000083e+00,2.429888e-04,-3.126436e-05
1.600000e+02,6.400000e+01,0.0,1.000000e+00,3.420507e-07,-3.445243e-08
1.620000e+02,6.400000e+01,0.0,1.000000e+00,3.964896e-10,-3.718783e-11
1.640000e+02,6.400000e+01,0.0,1.000000e+00,4.415398e-13,-4.632587e-14
1.660000e+02,6.400000e+01,0.0,1.000000e+00,4.742457e-16,-3.270024e-17
1.680000e+02,6.400000e+01,0.0,1.000000e+00,0.000000e+00,0.000000e+00
1.700000e+02,6.400000e+01,0.0,1.000000e+00,0.000000e+00,0.000000e+00
1.720000e+02,6.400000e+01,0.0,1.000000e+00,0.000000e+00,0.000000e+00
1.740000e+02,6.400000e+01,0.0,1.000000e+00,0.000000e+00,0.000000e+00
1.760000e+02,6.400000e+01,0.0,1.000000e+00,0.000000e+00,0.000000e+00
1.780000e+02,6.400000e+01,0.0,1.000000e+00,0.000000e+00,0.000000e+00
1.800000e+02,6.400000e+01,0.0,1.000000e+00,0.000000e+00,0.000000e+00
1.820000e+02,6.400000e+01,0.0,1.000000e+00,0.000000e+00,0.000000e+00
1.840000e+02,6.400000e+01,0.0,1.000000e+00,0.000000e+00,0.000000e+00
1.860000e+02,6.400000e+01,0.0,1.000000e+00,0.000000e+00,0.000000e+00
1.880000e+02,6.400000e+01,0.0,1.000000e+00,0.000000e+00,0.000000e+00
1.900000e+02,6.400000e+01,0.0,1.000000e+00,0.000000e+00,0.000000e+00
1.920000e+02,6.400000e+01,0.0,1.000000e+00,0.000000e+00,0.000000e+00
1.940000e+02,6.400000e+01,0.0,1.000000e+00,0.000000e+00,0.000000e+00
1.960000e+02,6.400000e+01,0.0,1.000000e+00,0.000000e+00,0.000000e+00
1.980000e+02,6.400000e+01,0.0,1.000000e+00,0.000000e+00,0.000000e+00
2.000000e+02,6.400000e+01,0.0,1.000000e+00,0.000000e+00,0.000000e+00
0.000000e+00,6.600000e+01,0.0,1.000000e+00,0.000000e+00,0.000000e+00
2.000000e+00,6.600000e+01,0.0,1.000000e+00,0.000000e+00,0.000000e+00
4.000000e+00,6.600000e+01,0.0,1.000000e+00,0.000000e+00,0.000000e+00
6.000000e+00,6.600000e+01,0.0,1.000000e+00,0.000000e+00,0.000000e+00
8.000000e+00,6.600000e+01,0.0,1.000000e+00,0.000000e+00,0.000000e+00
1.000000e+01,6.600000e+01,0.0,1.000000e+00,0.000000e+00,0.000000e+00
1.200000e+01,6.600000e+01,0.0,1.000000e+00,0.000000e+00,0.000000e+00
1.400000e+01,6.600000e+01,0.0,1.000000e+00,0.000000e+00,0.000000e+00
1.600000e+01,6.600000e+01,0.0,1.000000e+00,0.000000e+00,0.000000e+00
1.800000e+01,6.600000e+01,0.0,1.000000e+00,0.000000e+00,0.000000e+00
2.000000e+01,6.600000e+01,0.0,1.000000e+00,0.000000e+00,0.000000e+00
2.200000e+01,6.600000e+01,0.0,1.000000e+00,0.000000e+00,0.000000e+00
2.400000e+01,6.600000e+01,0.0,1.000000e+00,0.000000e+00,0.000000e+00
2.600000e+01,6.600000e+01,0.0,1.000000e+00,0.000000e+00,0.000000e+00
2.800000e+01,6.600000e+01,0.0,1.000000e+00,0.000000e+00,0.000000e+00
3.000000e+01,6.600000e+01,0.0,1.000000e+00,0.000000e+00,0.000000e+00
3.200000e+01,6.600000e+01,0.0,1.000000e+00,-6.541101e-17,1.635539e-17
3.400000e+01,6.600000e+01,0.0,1.000000e+00,-6.141913e-14,-5.429025e-15
3.600000e+01,6.600000e+01,0.0,1.000000e+00,-4.830268e-11,-4.955936e-12
3.800000e+01,6.600000e+01,0.0,1.000000e+00,-4.581498e-08,-4.078616e-09
4.000000e+01,6.600000e+01,0.0,1.000015e+00,-4.380103e-05,-3.607684e-06
4.200000e+01,6.600000e+01,0.0,1.008948e+00,-3.762442e-02,-7.605297e-03
4.400000e+01,6.600000e+01,0.0,1.946111e+00,-6.568497e+00,-3.135310e+00
4.600000e+01,6.600000e+01,0.0,3.619145e+00,-2.067193e+01,-1.252713e+01
4.800000e+01,6.600000e+01,0.0,3.739895e+00,-2.197590e+01,-1.429397e+01
5.000000e+01,6.600000e+01,0.0,3.640812e+00,-2.104648e+01,-1.456695e+01
5.200000e+01,6.600000e+01,0.0,3.583575e+00,-2.069999e+01,-1.490998e+01
5.400000e+01,6.600000e+01,0.0,3.509425e+00,-2.067640e+01,-1.498572e+01
5.600000e+01,6.600000e+01,0.0,3.403852e+00,-2.070387e+01,-1.486523e+01
5.800000e+01,6.600000e+01,0.0,3.409845e+00,-2.064163e+01,-1.511858e+01
6.000000e+01,6.600000e+01,0.0,3.540870e+00,-2.042153e+01,-1.574367e+01
6.200000e+01,6.600000e+01,0.0,3.782646e+00,-2.021307e+01,-1.686660e+01
6.400000e+01,6.600000e+01,0.0,4.247448e+00,-1.959955e+01,-1.788448e+01
6.600000e+01,6.600000e+01,0.0,4.687002e+00,-1.879952e+01,-1.879952e+01
6.800000e+01,6.600000e+01,0.0,5.123374e+00,-1.782037e+01,-1.943844e+01
7.000000e+01,6.600000e+01,0.0,5.558654e+00,-1.659999e+01,-1.976890e+01
7.200000e+01,6.600000e+01,0.0,5.991660e+00,-1.517732e+01,-1.973939e+01
7.400000e+01,6.600000e+01,0.0,6.419621e+00,-1.366479e+01,-1.934629e+01
7.600000e+01,6.600000e+01,0.0,6.842004e+00,-1.211525e+01,-1.859652e+01
7.800000e+01,6.600000e+01,0.0,7.252094e+00,-1.051932e+01,-1.748226e+01
8.000000e+01,6.600000e+01,0.0,7.649800e+00,-8.962221e+00,-1.603746e+01
8.200000e+01,6.600000e+01,0.0,8.033242e+00,-7.445644e+00,-1.429613e+01
8.400000e+01,6.600000e+01,0.0,8.376948e+00,-5.981658e+00,-1.237709e+01
8.600000e+01,6.600000e+01,0.0,8.679988e+00,-4.647727e+00,-1.033972e+01
8.800000e+01,6.600000e+01,0.0,8.944766e+00,-3.262246e+00,-8.514313e+00
9.000000e+01,6.600000e+01,0.0,9.178806e+00,-1.820289e+00,-6.766714e+00
9.200000e+01,6.600000e+01,0.0,9.375372e+00,-4.312958e-01,-5.574508e+00
9.400000e+01,6.600000e+01,0.0,9.454373e+00,-1.096012e-01,-5.147907e+00
9.600000e+01,6.600000e+01,0.0,9.472775e+00,-1.378703e-01,-4.988667e+00
9.800000e+01,6.600000e+01,0.0,9.483289e+00,-1.344912e-01,-4.829418e+00
1.000000e+02,6.600000e+01,0.0,9.493916e+00,-3.499858e-20,-4.681266e+00
1.020000e+02,6.600000e+01,0.0,9.483289e+00,1.344912e-01,-4.829418e+00
1.040000e+02,6.600000e+01,0.0,9.472775e+00,1.378703e-01,-4.988667e+00
1.060000e+02,6.600000e+01,0.0,9.454373e+00,1.096012e-01,-5.147907e+00
1.080000e+02,6.600000e+01,0.0,9.375372e+00,4.312958e-01,-5.574508e+00
1.100000e+02,6.600000e+01,0.0,9.178806e+00,1.820289e+00,-6.766714e+00
1.120000e+02,6.600000e+01,0.0,8.944766e+00,3.262246e+00,-8.514313e+00
1.140000e+02,6.600000e+01,0.0,8.679988e+00,4.647727e+00,-1.033972e+01
1.160000e+02,6.600000e+01,0.0,8.376948e+00,5.981658e+00,-1.237709e+01
1.180000e+02,6.600000e+01,0.0,8.033242e+00,7.445644e+00,-1.429613e+01
1.200000e+02,6.600000e+01,0.0,7.649800e+00,8.962221e+00,-1.603746e+01
1.220000e+02,6.600000e+01,0.0,7.252094e+00,1.051932e+01,-1.748226e+01
1.240000e+02,6.600000e+01,0.0,6.842004e+00,1.211525e+01,-1.859652e+01
1.260000e+02,6.600000e+01,0.0,6.419621e+00,1.366479e+01,-1.934629e+01
1.280000e+02,6.600000e+01,0.0,5.991660e+00,1.517732e+01,-1.973939e+01
1.300000e+02,6.600000e+01,0.0,5.558654e+00,1.659999e+01,-1.976890e+01
1.320000e+02,6.600000e+01,0.0,5.123374e+00,1.782037e+01,-1.943844e+01
1.340000e+02,6.600000e+01,0.0,4.687002e+00,1.879952e+01,-1.879952e+01
1.360000e+02,6.600000e+01,0.0,4.247448e+00,1.959955e+01,-1.788448e+01
1.380000e+02,6.600000e+01,0.0,3.782646e+00,2.021307e+01,-1.686660e+01
1.400000e+02,6.600000e+01,0.0,3.540870e+00,2.042153e+01,-1.574367e+01
1.420000e+02,6.600000e+01,0.0,3.409845e+00,2.064163e+01,-1.511858e+01
1.440000e+02,6.600000e+01,0.0,3.403852e+00,2.070387e+01,-1.486523e+01
1.460000e+02,6.600000e+01,0.0,3.509425e+00,2.067640e+01,-1.498572e+01
1.480000e+02,6.600000e+01,0.0,3.583575e+00,2.069999e+01,-1.490998e+01
1.500000e+02,6.600000e+01,0.0,3.640812e+00,2.104648e+01,-1.456695e+01
1.520000e+02,6.600000e+01,0.0,3.739895e+00,2.197590e+01,-1.429397e+01
1.540000e+02,6.600000e+01,0.0,3.619145e+00,2.067193e+01,-1.252713e+01
1.560000e+02,6.600000e+01,0.0,1.946111e+00,6.568497e+00,-3.135310e+00
1.580000e+02,6.600000e+01,0.0,1.008948e+00,3.762442e-02,-7.605297e-03
1.600000e+02,6.600000e+01,0.0,1.000015e+00,4.380103e-05,-3.607684e-06
1.620000e+02,6.600000e+01,0.0,1.000000e+00,4.581498e-08,-4.078616e-09
1.640000e+02,6.600000e+01,0.0,1.000000e+00,4.830268e-11,-4.955936e-12
1.660000e+02,6.600000e+01,0.0,1.000000e+00,6.141913e-14,-5.429025e-15
1.680000e+02,6.600000e+01,0.0,1.000000e+00,6.541101e-17,1.635539e-17
1.700000e+02,6.600000e+01,0.0,1.000000e+00,0.000000e+00,0.000000e+00
1.720000e+02,6.600000e+01,0.0,1.000000e+00,0.000000e+00,0.000000e+00
1.740000e+02,6.600000e+01,0.0,1.000000e+00,0.000000e+00,0.000000e+00
1.760000e+02,6.600000e+01,0.0,1.000000e+00,0.000000e+00,0.000000e+00
1.780000e+02,6.600000e+01,0.0,1.000000e+00,0.000000e+00,0.000000e+00
1.800000e+02,6.600000e+01,0.0,1.000000e+00,0.000000e+00,0.000000e+00
1.820000e+02,6.600000e+01,0.0,1.000000e+00,0.000000e+00,0.000000e+00
1.840000e+02,6.600000e+01,0.0,1.000000e+00,0.000000e+00,0.000000e+00
1.860000e+02,6.600000e+01,0.0,1.000000e+00,0.000000e+00,0.000000e+00
1.880000e+02,6.600000e+01,0.0,1.000000e+00,0.000000e+00,0.000000e+00
1.900000e+02,6.600000e+01,0.0,1.000000e+00,0.000000e+00,0.000000e+00
1.920000e+02,6.600000e+01,0.0,1.000000e+00,0.000000e+00,0.000000e+00
1.940000e+02,6.600000e+01,0.0,1.000000e+00,0.000000e+00,0.000000e+00
1.960000e+02,6.600000e+01,0.0,1.000000e+00,0.000000e+00,0.000000e+00
1.980000e+02,6.600000e+01,0.0,1.000000e+00,0.000000e+00,0.000000e+00
2.000000e+02,6.600000e+01,0.0,1.000000e+00,0.000000e+00,0.000000e+00
0.000000e+00,6.800000e+01,0.0,1.000000e+00,0.000000e+00,0.000000e+00
2.000000e+00,6.800000e+01,0.0,1.000000e+00,0.000000e+00,0.000000e+00
4.000000e+00,6.800000e+01,0.0,1.000000e+00,0.000000e+00,0.000000e+00
6.000000e+00,6.800000e+01,0.0,1.000000e+00,0.000000e+00,0.000000e+00
8.000000e+00,6.800000e+01,0.0,1.000000e+00,0.000000e+00,0.000000e+00
1.000000e+01,6.800000e+01,0.0,1.000000e+00,0.000000e+00,0.000000e+00
1.200000e+01,6.800000e+01,0.0,1.000000e+00,0.000000e+00,0.000000e+00
1.400000e+01,6.800000e+01,0.0,1.000000e+00,0.000000e+00,0.000000e+00
1.600000e+01,6.800000e+01,0.0,1.000000e+00,0.000000e+00,0.000000e+00
1.800000e+01,6.800000e+01,0.0,1.000000e+00,0.000000e+00,0.000000e+00
2.000000e+01,6.800000e+01,0.0,1.000000e+00,0.000000e+00,0.000000e+00
2.200000e+01,6.800000e+01,0.0,1.000000e+00,0.000000e+00,0.000000e+00
2.400000e+01,6.800000e+01,0.0,1.000000e+00,0.000000e+00,0.000000e+00
2.600000e+01,6.800000e+01,0.0,1.000000e+00,0.000000e+00,0.000000e+00
2.800000e+01,6.800000e+01,0.0,1.000000e+00,0.000000e+00,0.000000e+00
3.000000e+01,6.800000e+01,0.0,1.000000e+00,0.000000e+00,0.000000e+00
3.200000e+01,6.800000e+01,0.0,1.000000e+00,-7.145966e-15,-5.886839e-16
3.400000e+01,6.800000e+01,0.0,1.000000e+00,-6.538701e-12,-4.728077e-13
3.600000e+01,6.800000e+01,0.0,1.000000e+00,-5.438077e-09,-4.433760e-10
3.800000e+01,6.800000e+01,0.0,1.000002e+00,-4.721106e-06,-3.764707e-07
4.000000e+01,6.800000e+01,0.0,1.001588e+00,-5.668979e-03,-4.512974e-04
4.200000e+01,6.800000e+01,0.0,1.382225e+00,-2.537038e+00,-9.122032e-01
4.400000e+01,6.800000e+01,0.0,3.328848e+00,-1.875828e+01,-9.888230e+00
4.600000e+01,6.800000e+01,0.0,3.742128e+00,-2.306952e+01,-1.374754e+01
4.800000e+01,6.800000e+01,0.0,3.686461e+00,-2.239331e+01,-1.436378e+01
5.000000e+01,6.800000e+01,0.0,3.594270e+00,-2.136645e+01,-1.464801e+01
5.200000e+01,6.800000e+01,0.0,3.526796e+00,-2.116187e+01,-1.477283e+01
5.400000e+01,6.800000e+01,0.0,3.436340e+00,-2.113813e+01,-1.456539e+01
5.600000e+01,6.800000e+01,0.0,3.404688e+00,-2.125908e+01,-1.459616e+01
5.800000e+01,6.800000e+01,0.0,3.490195e+00,-2.129365e+01,-1.499242e+01
6.000000e+01,6.800000e+01,0.0,3.716996e+00,-2.132152e+01,-1.546536e+01
6.200000e+01,6.800000e+01,0.0,4.158164e+00,-2.102352e+01,-1.647362e+01
6.400000e+01,6.800000e+01,0.0,4.645765e+00,-2.044302e+01,-1.725394e+01
6.600000e+01,6.800000e+01,0.0,5.123374e+00,-1.943844e+01,-1.782037e+01
6.800000e+01,6.800000e+01,0.0,5.598109e+00,-1.814046e+01,-1.814046e+01
7.000000e+01,6.800000e+01,0.0,6.070958e+00,-1.655431e+01,-1.815544e+01
7.200000e+01,6.800000e+01,0.0,6.534589e+00,-1.474550e+01,-1.779485e+01
7.400000e+01,6.800000e+01,0.0,6.987126e+00,-1.282305e+01,-1.704236e+01
7.600000e+01,6.800000e+01,0.0,7.432145e+00,-1.086760e+01,-1.589377e+01
7.800000e+01,6.800000e+01,0.0,7.864573e+00,-8.900167e+00,-1.432083e+01
8.000000e+01,6.800000e+01,0.0,8.284302e+00,-7.002501e+00,-1.239175e+01
8.200000e+01,6.800000e+01,0.0,8.683802e+00,-5.262552e+00,-1.009067e+01
8.400000e+01,6.800000e+01,0.0,9.050276e+00,-3.686030e+00,-7.730634e+00
8.600000e+01,6.800000e+01,0.0,9.371838e+00,-2.369661e+00,-5.207722e+00
8.800000e+01,6.800000e+01,0.0,9.676005e+00,-1.075034e+00,-2.684907e+00
9.000000e+01,6.800000e+01,0.0,9.871794e+00,-1.831698e-01,-1.181664e+00
9.200000e+01,6.800000e+01,0.0,9.929296e+00,-1.681946e-02,-6.755301e-01
9.400000e+01,6.800000e+01,0.0,9.932846e+00,-8.448817e-03,-6.564703e-01
9.600000e+01,6.800000e+01,0.0,9.936314e+00,-1.623863e-02,-6.220111e-01
9.800000e+01,6.800000e+01,0.0,9.942754e+00,-1.575446e-02,-5.553172e-01
1.000000e+02,6.800000e+01,0.0,9.948234e+00,5.778387e-26,-4.967894e-01
1.020000e+02,6.800000e+01,0.0,9.942754e+00,1.575446e-02,-5.553172e-01
1.040000e+02,6.800000e+01,0.0,9.936314e+00,1.623863e-02,-6.220111e-01
1.060000e+02,6.800000e+01,0.0,9.932846e+00,8.448817e-03,-6.564703e-01
1.080000e+02,6.800000e+01,0.0,9.929296e+00,1.681946e-02,-6.755301e-01
1.100000e+02,6.800000e+01,0.0,9.871794e+00,1.831698e-01,-1.181664e+00
1.120000e+02,6.800000e+01,0.0,9.676005e+00,1.075034e+00,-2.684907e+00
1.140000e+02,6.800000e+01,0.0,9.371838e+00,2.369661e+00,-5.207722e+00
1.160000e+02,6.800000e+01,0.0,9.050276e+00,3.686030e+00,-7.730634e+00
1.180000e+02,6.800000e+01,0.0,8.683802e+00,5.262552e+00,-1.009067e+01
1.200000e+02,6.800000e+01,0.0,8.284302e+00,7.002501e+00,-1.239175e+01
1.220000e+02,6.800000e+01,0.0,7.864573e+00,8.900167e+00,-1.432083e+01
1.240000e+02,6.800000e+01,0.0,7.432145e+00,1.086760e+01,-1.589377e+01
1.260000e+02,6.800000e+01,0.0,6.987126e+00,1.282305e+01,-1.704236e+01
1.280000e+02,6.800000e+01,0.0,6.534589e+00,1.474550e+01,-1.779485e+01
1.300000e+02,6.800000e+01,0.0,6.070958e+00,1.655431e+01,-1.815544e+01
1.320000e+02,6.800000e+01,0.0,5.598109e+00,1.814046e+01,-1.814046e+01
1.340000e+02,6.800000e+01,0.0,5.123374e+00,1.943844e+01,-1.782037e+01
1.360000e+02,6.800000e+01,0.0,4.645765e+00,2.044302e+01,-1.725394e+01
1.380000e+02,6.800000e+01,0.0,4.158164e+00,2.102352e+01,-1.647362e+01
1.400000e+02,6.800000e+01,0.0,3.716996e+00,2.132152e+01,-1.546536e+01
1.420000e+02,6.800000e+01,0.0,3.490195e+00,2.129365e+01,-1.499242e+01
1.440000e+02,6.800000e+01,0.0,3.404688e+00,2.125908e+01,-1.459616e+01
1.460000e+02,6.800000e+01,0.0,3.436340e+00,2.113813e+01,-1.456539e+01
1.480000e+02,6.800000e+01,0.0,3.526796e+00,2.116187e+01,-1.477283e+01
1.500000e+02,6.800000e+01,0.0,3.594270e+00,2.136645e+01,-1.464801e+01
1.520000e+02,6.800000e+01,0.0,3.686461e+00,2.239331e+01,-1.436378e+01
1.540000e+02,6.800000e+01,0.0,3.742128e+00,2.306952e+01,-1.374754e+01
1.560000e+02,6.800000e+01,0.0,3.328848e+00,1.875828e+01,-9.888230e+00
1.580000e+02,6.800000e+01,0.0,1.382225e+00,2.537038e+00,-9.122032e-01
1.600000e+02,6.800000e+01,0.0,1.001588e+00,5.668979e-03,-4.512974e-04
1.620000e+02,6.800000e+01,0.0,1.000002e+00,4.721106e-06,-3.764707e-07
1.640000e+02,6.800000e+01,0.0,1.000000e+00,5.438077e-09,-4.433760e-10
1.660000e+02,6.800000e+01,0.0,1.000000e+00,6.538701e-12,-4.728077e-13
1.680000e+02,6.800000e+01,0.0,1.000000e+00,7.145966e-15,-5.886839e-16
1.700000e+02,6.800000e+01,0.0,1.000000e+00,0.000000e+00,0.000000e+00
1.720000e+02,6.800000e+01,0.0,1.000000e+00,0.000000e+00,0.000000e+00
1.740000e+02,6.800000e+01,0.0,1.000000e+00,0.000000e+00,0.000000e+00
1.760000e+02,6.800000e+01,0.0,1.000000e+00,0.000000e+00,0.000000e+00
1.780000e+02,6.800000e+01,0.0,1.000000e+00,0.000000e+00,0.000000e+00
1.800000e+02,6.800000e+01,0.0,1.000000e+00,0.000000e+00,0.000000e+00
1.820000e+02,6.800000e+01,0.0,1.000000e+00,0.000000e+00,0.000000e+00
1.840000e+02,6.800000e+01,0.0,1.000000e+00,0.000000e+00,0.000000e+00
1.860000e+02,6.800000e+01,0.0,1.000000e+00,0.000000e+00,0.000000e+00
1.880000e+02,6.800000e+01,0.0,1.000000e+00,0.000000e+00,0.000000e+00
1.900000e+02,6.800000e+01,0.0,1.000000e+00,0.000000e+00,0.000000e+00
1.920000e+02,6.800000e+01,0.0,1.000000e+00,0.000000e+00,0.000000e+00
1.940000e+02,6.800000e+01,0.0,1.000000e+00,0.000000e+00,0.000000e+00
1.960000e+02,6.800000e+01,0.0,1.000000e+00,0.000000e+00,0.000000e+00
1.980000e+02,6.800000e+01,0.0,1.000000e+00,0.000000e+00,0.000000e+00
2.000000e+02,6.800000e+01,0.0,1.000000e+00,0.000000e+00,0.000000e+00
0.000000e+00,7.000000e+01,0.0,1.000000e+00,0.000000e+00,0.000000e+00
2.000000e+00,7.000000e+01,0.0,1.000000e+00,0.000000e+00,0.000000e+00
4.000000e+00,7.000000e+01,0.0,1.000000e+00,0.000000e+00,0.000000e+00
6.000000e+00,7.000000e+01,0.0,1.000000e+00,0.000000e+00,0.000000e+00
8.000000e+00,7.000000e+01,0.0,1.000000e+00,0.000000e+00,0.000000e+00
1.000000e+01,7.000000e+01,0.0,1.000000e+00,0.000000e+00,0.000000e+00
1.200000e+01,7.000000e+01,0.0,1.000000e+00,0.000000e+00,0.000000e+00
1.400000e+01,7.000000e+01,0.0,1.000000e+00,0.000000e+00,0.000000e+00
1.600000e+01,7.000000e+01,0.0,1.000000e+00,0.000000e+00,0.000000e+00
1.800000e+01,7.000000e+01,0.0,1.000000e+00,0.000000e+00,0.000000e+00
2.000000e+01,7.000000e+01,0.0,1.000000e+00,0.000000e+00,0.000000e+00
2.200000e+01,7.000000e+01,0.0,1.000000e+00,0.000000e+00,0.000000e+00
2.400000e+01,7.000000e+01,0.0,1.000000e+00,0.000000e+00,0.000000e+00
2.600000e+01,7.000000e+01,0.0,1.000000e+00,0.000000e+00,0.000000e+00
2.800000e+01,7.000000e+01,0.0,1.000000e+00,0.000000e+00,0.000000e+00
3.000000e+01,7.000000e+01,0.0,1.000000e+00,-6.704321e-16,-1.635539e-17
3.200000e+01,7.000000e+01,0.0,1.000000e+00,-5.902144e-13,-2.735724e-14
3.400000e+01,7.000000e+01,0.0,1.000000e+00,-5.613888e-10,-2.371745e-11
3.600000e+01,7.000000e+01,0.0,1.000000e+00,-4.843347e-07,-2.062895e-08
3.800000e+01,7.000000e+01,0.0,1.000108e+00,-3.397280e-04,-1.925098e-05
4.000000e+01,7.000000e+01,0.0,1.073078e+00,-4.380357e-01,-7.435756e-02
4.200000e+01,7.000000e+01,0.0,2.651826e+00,-1.315817e+01,-5.184527e+00
4.400000e+01,7.000000e+01,0.0,3.778812e+00,-2.406984e+01,-1.221855e+01
4.600000e+01,7.000000e+01,0.0,3.793818e+00,-2.416170e+01,-1.376685e+01
4.800000e+01,7.000000e+01,0.0,3.669043e+00,-2.252608e+01,-1.432206e+01
5.000000e+01,7.000000e+01,0.0,3.607127e+00,-2.186709e+01,-1.465846e+01
5.200000e+01,7.000000e+01,0.0,3.539224e+00,-2.170871e+01,-1.453036e+01
5.400000e+01,7.000000e+01,0.0,3.460084e+00,-2.168670e+01,-1.423896e+01
5.600000e+01,7.000000e+01,0.0,3.481207e+00,-2.187079e+01,-1.443511e+01
5.800000e+01,7.000000e+01,0.0,3.659506e+00,-2.198151e+01,-1.471688e+01
6.000000e+01,7.000000e+01,0.0,4.044143e+00,-2.204835e+01,-1.539079e+01
6.200000e+01,7.000000e+01,0.0,4.541530e+00,-2.173492e+01,-1.600116e+01
6.400000e+01,7.000000e+01,0.0,5.046691e+00,-2.098028e+01,-1.639028e+01
6.600000e+01,7.000000e+01,0.0,5.558654e+00,-1.976890e+01,-1.659999e+01
6.800000e+01,7.000000e+01,0.0,6.070958e+00,-1.815544e+01,-1.655431e+01
7.000000e+01,7.000000e+01,0.0,6.582340e+00,-1.619062e+01,-1.619062e+01
7.200000e+01,7.000000e+01,0.0,7.081341e+00,-1.396713e+01,-1.543221e+01
7.400000e+01,7.000000e+01,0.0,7.568553e+00,-1.160743e+01,-1.424099e+01
7.600000e+01,7.000000e+01,0.0,8.044864e+00,-9.193131e+00,-1.261368e+01
7.800000e+01,7.000000e+01,0.0,8.510280e+00,-6.798269e+00,-1.044198e+01
8.000000e+01,7.000000e+01,0.0,8.961535e+00,-4.509406e+00,-7.955214e+00
8.200000e+01,7.000000e+01,0.0,9.359889e+00,-2.554795e+00,-5.162729e+00
8.400000e+01,7.000000e+01,0.0,9.703263e+00,-1.065787e+00,-2.516028e+00
8.600000e+01,7.000000e+01,0.0,9.919385e+00,-2.179322e-01,-7.251320e-01
8.800000e+01,7.000000e+01,0.0,9.980556e+00,-4.880797e-02,-1.801450e-01
9.000000e+01,7.000000e+01,0.0,9.993125e+00,-8.704459e-03,-6.526760e-02
9.200000e+01,7.000000e+01,0.0,9.995466e+00,-7.684111e-04,-4.439401e-02
9.400000e+01,7.000000e+01,0.0,9.995612e+00,-5.471118e-04,-4.362623e-02
9.600000e+01,7.000000e+01,0.0,9.995910e+00,-1.326284e-03,-4.061624e-02
9.800000e+01,7.000000e+01,0.0,9.996304e+00,-1.265778e-03,-3.641246e-02
1.000000e+02,7.000000e+01,0.0,9.996579e+00,-1.075678e-30,-3.328802e-02
1.020000e+02,7.000000e+01,0.0,9.996304e+00,1.265778e-03,-3.641246e-02
1.040000e+02,7.000000e+01,0.0,9.995910e+00,1.326284e-03,-4.061624e-02
1.060000e+02,7.000000e+01,0.0,9.995612e+00,5.471118e-04,-4.362623e-02
1.080000e+02,7.000000e+01,0.0,9.995466e+00,7.684111e-04,-4.439401e-02
1.100000e+02,7.000000e+01,0.0,9.993125e+00,8.704459e-03,-6.526760e-02
1.120000e+02,7.000000e+01,0.0,9.980556e+00,4.880797e-02,-1.801450e-01
1.140000e+02,7.000000e+01,0.0,9.919385e+00,2.179322e-01,-7.251320e-01
1.160000e+02,7.000000e+01,0.0,9.703263e+00,1.065787e+00,-2.516028e+00
1.180000e+02,7.000000e+01,0.0,9.359889e+00,2.554795e+00,-5.162729e+00
1.200000e+02,7.000000e+01,0.0,8.961535e+00,4.509406e+00,-7.955214e+00
1.220000e+02,7.000000e+01,0.0,8.510280e+00,6.798269e+00,-1.044198e+01
1.240000e+02,7.000000e+01,0.0,8.044864e+00,9.193131e+00,-1.261368e+01
1.260000e+02,7.000000e+01,0.0,7.568553e+00,1.160743e+01,-1.424099e+01
1.280000e+02,7.000000e+01,0.0,7.081341e+00,1.396713e+01,-1.543221e+01
1.300000e+02,7.000000e+01,0.0,6.582340e+00,1.619062e+01,-1.619062e+01
1.320000e+02,7.000000e+01,0.0,6.070958e+00,1.815544e+01,-1.655431e+01
1.340000e+02,7.000000e+01,0.0,5.558654e+00,1.976890e+01,-1.659999e+01
1.360000e+02,7.000000e+01,0.0,5.046691e+00,2.098028e+01,-1.639028e+01
1.380000e+02,7.000000e+01,0.0,4.541530e+00,2.173492e+01,-1.600116e+01
1.400000e+02,7.000000e+01,0.0,4.044143e+00,2.204835e+01,-1.539079e+01
1.420000e+02,7.000000e+01,0.0,3.659506e+00,2.198151e+01,-1.471688e+01
1.440000e+02,7.000000e+01,0.0,3.481207e+00,2.187079e+01,-1.443511e+01
1.460000e+02,7.000000e+01,0.0,3.460084e+00,2.168670e+01,-1.423896e+01
1.480000e+02,7.000000e+01,0.0,3.539224e+00,2.170871e+01,-1.453036e+01
1.500000e+02,7.000000e+01,0.0,3.607127e+00,2.186709e+01,-1.465846e+01
1.520000e+02,7.000000e+01,0.0,3.669043e+00,2.252608e+01,-1.432206e+01
1.540000e+02,7.000000e+01,0.0,3.793818e+00,2.416170e+01,-1.376685e+01
1.560000e+02,7.000000e+01,0.0,3.778812e+00,2.406984e+01,-1.221855e+01
1.580000e+02,7.000000e+01,0.0,2.651826e+00,1.315817e+01,-5.184527e+00
1.600000e+02,7.000000e+01,0.0,1.073078e+00,4.380357e-01,-7.435756e-02
1.620000e+02,7.000000e+01,0.0,1.000108e+00,3.397280e-04,-1.925098e-05
1.640000e+02,7.000000e+01,0.0,1.000000e+00,4.843347e-07,-2.062895e-08
1.660000e+02,7.000000e+01,0.0,1.000000e+00,5.613888e-10,-2.371745e-11
1.680000e+02,7.000000e+01,0.0,1.000000e+00,5.902144e-13,-2.735724e-14
1.700000e+02,7.000000e+01,0.0,1.000000e+00,6.704321e-16,-1.635539e-17
1.720000e+02,7.000000e+01,0.0,1.000000e+00,0.000000e+00,0.000000e+00
1.740000e+02,7.000000e+01,0.0,1.000000e+00,0.000000e+00,0.000000e+00
1.760000e+02,7.000000e+01,0.0,1.000000e+00,0.000000e+00,0.000000e+00
1.780000e+02,7.000000e+01,0.0,1.000000e+00,0.000000e+00,0.000000e+00
1.800000e+02,7.000000e+01,0.0,1.000000e+00,0.000000e+00,0.000000e+00
1.820000e+02,7.000000e+01,0.0,1.000000e+00,0.000000e+00,0.000000e+00
1.840000e+02,7.000000e+01,0.0,1.000000e+00,0.000000e+00,0.000000e+00
1.860000e+02,7.000000e+01,0.0,1.000000e+00,0.000000e+00,0.000000e+00
1.880000e+02,7.000000e+01,0.0,1.000000e+00,0.000000e+00,0.000000e+00
1.900000e+02,7.000000e+01,0.0,1.000000e+00,0.000000e+00,0.000000e+00
1.920000e+02,7.000000e+01,0.0,1.000000e+00,0.000000e+00,0.000000e+00
1.940000e+02,7.000000e+01,0.0,1.000000e+00,0.000000e+00,0.000000e+00
1.960000e+02,7.000000e+01,0.0,1.000000e+00,0.000000e+00,0.000000e+00
1.980000e+02,7.000000e+01,0.0,1.000000e+00,0.000000e+00,0.000000e+00
2.000000e+02,7.000000e+01,0.0,1.000000e+00,0.000000e+00,0.000000e+00
0.000000e+00,7.200000e+01,0.0,1.000000e+00,0.000000e+00,0.000000e+00
2.000000e+00,7.200000e+01,0.0,1.000000e+00,0.000000e+00,0.000000e+00
4.000000e+00,7.200000e+01,0.0,1.000000e+00,0.000000e+00,0.000000e+00
6.000000e+00,7.200000e+01,0.0,1.000000e+00,0.000000e+00,0.000000e+00
8.000000e+00,7.200000e+01,0.0,1.000000e+00,0.000000e+00,0.000000e+00
1.000000e+01,7.200000e+01,0.0,1.000000e+00,0.000000e+00,0.000000e+00
1.200000e+01,7.200000e+01,0.0,1.000000e+00,0.000000e+00,0.000000e+00
1.400000e+01,7.200000e+01,0.0,1.000000e+00,0.000000e+00,0.000000e+00
1.600000e+01,7.200000e+01,0.0,1.000000e+00,0.000000e+00,0.000000e+00
1.800000e+01,7.200000e+01,0.0,1.000000e+00,0.000000e+00,0.000000e+00
2.000000e+01,7.200000e+01,0.0,1.000000e+00,0.000000e+00,0.000000e+00
2.200000e+01,7.200000e+01,0.0,1.000000e+00,0.000000e+00,0.000000e+00
2.400000e+01,7.200000e+01,0.0,1.000000e+00,0.000000e+00,0.000000e+00
2.600000e+01,7.200000e+01,0.0,1.000000e+00,0.000000e+00,0.000000e+00
2.800000e+01,7.200000e+01,0.0,1.000000e+00,-1.635539e-17,0.000000e+00
3.000000e+01,7.200000e+01,0.0,1.000000e+00,-2.160158e-14,-8.503701e-16
3.200000e+01,7.200000e+01,0.0,1.000000e+00,-1.925402e-11,-8.370720e-13
3.400000e+01,7.200000e+01,0.0,1.000000e+00,-1.438020e-08,-7.433104e-10
3.600000e+01,7.200000e+01,0.0,1.000005e+00,-1.505058e-05,-5.711324e-07
3.800000e+01,7.200000e+01,0.0,1.003794e+00,-1.521030e-02,-1.218742e-03
4.000000e+01,7.200000e+01,0.0,1.589764e+00,-4.263954e+00,-1.271468e+00
4.200000e+01,7.200000e+01,0.0,3.519615e+00,-2.167804e+01,-9.259984e+00
4.400000e+01,7.200000e+01,0.0,3.853541e+00,-2.525015e+01,-1.235563e+01
4.600000e+01,7.200000e+01,0.0,3.851215e+00,-2.491457e+01,-1.346416e+01
4.800000e+01,7.200000e+01,0.0,3.760961e+00,-2.357763e+01,-1.411712e+01
5.000000e+01,7.200000e+01,0.0,3.723993e+00,-2.314201e+01,-1.435893e+01
5.200000e+01,7.200000e+01,0.0,3.667455e+00,-2.298378e+01,-1.412749e+01
5.400000e+01,7.200000e+01,0.0,3.618737e+00,-2.290788e+01,-1.376412e+01
5.600000e+01,7.200000e+01,0.0,3.723721e+00,-2.295236e+01,-1.417579e+01
5.800000e+01,7.200000e+01,0.0,3.977566e+00,-2.295195e+01,-1.453154e+01
6.000000e+01,7.200000e+01,0.0,4.418506e+00,-2.277276e+01,-1.501811e+01
6.200000e+01,7.200000e+01,0.0,4.929802e+00,-2.221831e+01,-1.527717e+01
6.400000e+01,7.200000e+01,0.0,5.457250e+00,-2.122076e+01,-1.534780e+01
6.600000e+01,7.200000e+01,0.0,5.991660e+00,-1.973939e+01,-1.517732e+01
6.800000e+01,7.200000e+01,0.0,6.534589e+00,-1.779485e+01,-1.474550e+01
7.000000e+01,7.200000e+01,0.0,7.081341e+00,-1.543221e+01,-1.396713e+01
7.200000e+01,7.200000e+01,0.0,7.620045e+00,-1.275493e+01,-1.275493e+01
7.400000e+01,7.200000e+01,0.0,8.153815e+00,-9.893089e+00,-1.102553e+01
7.600000e+01,7.200000e+01,0.0,8.676122e+00,-6.935547e+00,-8.754363e+00
7.800000e+01,7.200000e+01,0.0,9.189171e+00,-4.027412e+00,-5.879729e+00
8.000000e+01,7.200000e+01,0.0,9.651191e+00,-1.444856e+00,-2.737706e+00
8.200000e+01,7.200000e+01,0.0,9.915861e+00,-2.379547e-01,-7.464744e-01
8.400000e+01,7.200000e+01,0.0,9.981540e+00,-5.542016e-02,-1.704886e-01
8.600000e+01,7.200000e+01,0.0,9.995814e+00,-1.281855e-02,-3.854051e-02
8.800000e+01,7.200000e+01,0.0,9.998911e+00,-2.661684e-03,-1.011315e-02
9.000000e+01,7.200000e+01,0.0,9.999585e+00,-4.377431e-04,-3.974288e-03
9.200000e+01,7.200000e+01,0.0,9.999692e+00,-4.280862e-05,-3.030348e-03
9.400000e+01,7.200000e+01,0.0,9.999699e+00,-3.690414e-05,-2.992852e-03
9.600000e+01,7.200000e+01,0.0,9.999721e+00,-9.185965e-05,-2.768198e-03
9.800000e+01,7.200000e+01,0.0,9.999752e+00,-8.983321e-05,-2.444227e-03
1.000000e+02,7.200000e+01,0.0,9.999773e+00,7.560307e-37,-2.204831e-03
1.020000e+02,7.200000e+01,0.0,9.999752e+00,8.983321e-05,-2.444227e-03
1.040000e+02,7.200000e+01,0.0,9.999721e+00,9.185965e-05,-2.768198e-03
1.060000e+02,7.200000e+01,0.0,9.999699e+00,3.690414e-05,-2.992852e-03
1.080000e+02,7.200000e+01,0.0,9.999692e+00,4.280862e-05,-3.030348e-03
1.100000e+02,7.200000e+01,0.0,9.999585e+00,4.377431e-04,-3.974288e-03
1.120000e+02,7.200000e+01,0.0,9.998911e+00,2.661684e-03,-1.011315e-02
1.140000e+02,7.200000e+01,0.0,9.995814e+00,1.281855e-02,-3.854051e-02
1.160000e+02,7.200000e+01,0.0,9.981540e+00,5.542016e-02,-1.704886e-01
1.180000e+02,7.200000e+01,0.0,9.915861e+00,2.379547e-01,-7.464744e-01
1.200000e+02,7.200000e+01,0.0,9.651191e+00,1.444856e+00,-2.737706e+00
1.220000e+02,7.200000e+01,0.0,9.189171e+00,4.027412e+00,-5.879729e+00
1.240000e+02,7.200000e+01,0.0,8.676122e+00,6.935547e+00,-8.754363e+00
1.260000e+02,7.200000e+01,0.0,8.153815e+00,9.893089e+00,-1.102553e+01
1.280000e+02,7.200000e+01,0.0,7.620045e+00,1.275493e+01,-1.275493e+01
1.300000e+02,7.200000e+01,0.0,7.081341e+00,1.543221e+01,-1.396713e+01
1.320000e+02,7.200000e+01,0.0,6.534589e+00,1.779485e+01,-1.474550e+01
1.340000e+02,7.200000e+01,0.0,5.991660e+00,1.973939e+01,-1.517732e+01
1.360000e+02,7.200000e+01,0.0,5.457250e+00,2.122076e+01,-1.534780e+01
1.380000e+02,7.200000e+01,0.0,4.929802e+00,2.221831e+01,-1.527717e+01
1.400000e+02,7.200000e+01,0.0,4.418506e+00,2.277276e+01,-1.501811e+01
1.420000e+02,7.200000e+01,0.0,3.977566e+00,2.295195e+01,-1.453154e+01
1.440000e+02,7.200000e+01,0.0,3.723721e+00,2.295236e+01,-1.417579e+01
1.460000e+02,7.200000e+01,0.0,3.618737e+00,2.290788e+01,-1.376412e+01
1.480000e+02,7.200000e+01,0.0,3.667455e+00,2.298378e+01,-1.412749e+01
1.500000e+02,7.200000e+01,0.0,3.723993e+00,2.314201e+01,-1.435893e+01
1.520000e+02,7.200000e+01,0.0,3.760961e+00,2.357763e+01,-1.411712e+01
1.540000e+02,7.200000e+01,0.0,3.851215e+00,2.491457e+01,-1.346416e+01
1.560000e+02,7.200000e+01,0.0,3.853541e+00,2.525015e+01,-1.235563e+01
1.580000e+02,7.200000e+01,0.0,3.519615e+00,2.167804e+01,-9.259984e+00
1.600000e+02,7.200000e+01,0.0,1.589764e+00,4.263954e+00,-1.271468e+00
1.620000e+02,7.200000e+01,0.0,1.003794e+00,1.521030e-02,-1.218742e-03
1.640000e+02,7.200000e+01,0.0,1.000005e+00,1.505058e-05,-5.711324e-07
1.660000e+02,7.200000e+01,0.0,1.000000e+00,1.438020e-08,-7.433104e-10
1.680000e+02,7.200000e+01,0.0,1.000000e+00,1.925402e-11,-8.370720e-13
1.700000e+02,7.200000e+01,0.0,1.000000e+00,2.160158e-14,-8.503701e-16
1.720000e+02,7.200000e+01,0.0,1.000000e+00,1.635539e-17,0.000000e+00
1.740000e+02,7.200000e+01,0.0,1.000000e+00,0.000000e+00,0.000000e+00
1.760000e+02,7.200000e+01,0.0,1.000000e+00,0.000000e+00,0.000000e+00
1.780000e+02,7.200000e+01,0.0,1.000000e+00,0.000000e+00,0.000000e+00
1.800000e+02,7.200000e+01,0.0,1.000000e+00,0.000000e+00,0.000000e+00
1.820000e+02,7.200000e+01,0.0,1.000000e+00,0.000000e+00,0.000000e+00
1.840000e+02,7.200000e+01,0.0,1.000000e+00,0.000000e+00,0.000000e+00
1.860000e+02,7.200000e+01,0.0,1.000000e+00,0.000000e+00,0.000000e+00
1.880000e+02,7.200000e+01,0.0,1.000000e+00,0.000000e+00,0.000000e+00
1.900000e+02,7.200000e+01,0.0,1.000000e+00,0.000000e+00,0.000000e+00
1.920000e+02,7.200000e+01,0.0,1.000000e+00,0.000000e+00,0.000000e+00
1.940000e+02,7.200000e+01,0.0,1.000000e+00,0.000000e+00,0.000000e+00
1.960000e+02,7.200000e+01,0.0,1.000000e+00,0.000000e+00,0.000000e+00
1.980000e+02,7.200000e+01,0.0,1.000000e+00,0.000000e+00,0.000000e+00
2.000000e+02,7.200000e+01,0.0,1.000000e+00,0.000000e+00,0.000000e+00
0.000000e+00,7.400000e+01,0.0,1.000000e+00,0.000000e+00,0.000000e+00
2.000000e+00,7.400000e+01,0.0,1.000000e+00,0.000000e+00,0.000000e+00
4.000000e+00,7.400000e+01,0.0,1.000000e+00,0.000000e+00,0.000000e+00
6.000000e+00,7.400000e+01,0.0,1.000000e+00,0.000000e+00,0.000000e+00
8.000000e+00,7.400000e+01,0.0,1.000000e+00,0.000000e+00,0.000000e+00
1.000000e+01,7.400000e+01,0.0,1.000000e+00,0.000000e+00,0.000000e+00
1.200000e+01,7.400000e+01,0.0,1.000000e+00,0.000000e+00,0.000000e+00
1.400000e+01,7.400000e+01,0.0,1.000000e+00,0.000000e+00,0.000000e+00
1.600000e+01,7.400000e+01,0.0,1.000000e+00,0.000000e+00,0.000000e+00
1.800000e+01,7.400000e+01,0.0,1.000000e+00,0.000000e+00,0.000000e+00
2.000000e+01,7.400000e+01,0.0,1.000000e+00,0.000000e+00,0.000000e+00
2.200000e+01,7.400000e+01,0.0,1.000000e+00,0.000000e+00,0.000000e+00
2.400000e+01,7.400000e+01,0.0,1.000000e+00,0.000000e+00,0.000000e+00
2.600000e+01,7.400000e+01,0.0,1.000000e+00,0.000000e+00,0.000000e+00
2.800000e+01,7.400000e+01,0.0,1.000000e+00,-8.012515e-16,0.000000e+00
3.000000e+01,7.400000e+01,0.0,1.000000e+00,-6.683874e-13,-2.727522e-14
3.200000e+01,7.400000e+01,0.0,1.000000e+00,-5.950237e-10,-2.200142e-11
3.400000e+01,7.400000e+01,0.0,1.000000e+00,-4.880951e-07,-1.828126e-08
3.600000e+01,7.400000e+01,0.0,1.000101e+00,-3.205876e-04,-1.503852e-05
3.800000e+01,7.400000e+01,0.0,1.053070e+00,-3.056101e-01,-4.500518e-02
4.000000e+01,7.400000e+01,0.0,2.519757e+00,-1.215173e+01,-3.902707e+00
4.200000e+01,7.400000e+01,0.0,3.716847e+00,-2.416928e+01,-1.007766e+01
4.400000e+01,7.400000e+01,0.0,3.799572e+00,-2.506413e+01,-1.178603e+01
4.600000e+01,7.400000e+01,0.0,3.771162e+00,-2.466017e+01,-1.231871e+01
4.800000e+01,7.400000e+01,0.0,3.781313e+00,-2.445071e+01,-1.295517e+01
5.000000e+01,7.400000e+01,0.0,3.827129e+00,-2.447912e+01,-1.346071e+01
5.200000e+01,7.400000e+01,0.0,3.822115e+00,-2.442674e+01,-1.340194e+01
5.400000e+01,7.400000e+01,0.0,3.830310e+00,-2.423894e+01,-1.329363e+01
5.600000e+01,7.400000e+01,0.0,4.002242e+00,-2.401407e+01,-1.397688e+01
5.800000e+01,7.400000e+01,0.0,4.320516e+00,-2.382132e+01,-1.422633e+01
6.000000e+01,7.400000e+01,0.0,4.802691e+00,-2.335833e+01,-1.449808e+01
6.200000e+01,7.400000e+01,0.0,5.326952e+00,-2.245209e+01,-1.449699e+01
6.400000e+01,7.400000e+01,0.0,5.867937e+00,-2.114131e+01,-1.421712e+01
6.600000e+01,7.400000e+01,0.0,6.419621e+00,-1.934629e+01,-1.366479e+01
6.800000e+01,7.400000e+01,0.0,6.987126e+00,-1.704236e+01,-1.282305e+01
7.000000e+01,7.400000e+01,0.0,7.568553e+00,-1.424099e+01,-1.160743e+01
7.200000e+01,7.400000e+01,0.0,8.153815e+00,-1.102553e+01,-9.893089e+00
7.400000e+01,7.400000e+01,0.0,8.742862e+00,-7.527445e+00,-7.527445e+00
7.600000e+01,7.400000e+01,0.0,9.324496e+00,-3.900980e+00,-4.463682e+00
7.800000e+01,7.400000e+01,0.0,9.831490e+00,-7.290540e-01,-1.219986e+00
8.000000e+01,7.400000e+01,0.0,9.978073e+00,-7.808625e-02,-1.884154e-01
8.200000e+01,7.400000e+01,0.0,9.995690e+00,-1.380711e-02,-3.911806e-02
8.400000e+01,7.400000e+01,0.0,9.998959e+00,-3.146853e-03,-9.654804e-03
8.600000e+01,7.400000e+01,0.0,9.999759e+00,-7.178130e-04,-2.222915e-03
8.800000e+01,7.400000e+01,0.0,9.999939e+00,-1.433019e-04,-5.681238e-04
9.000000e+01,7.400000e+01,0.0,9.999974e+00,-2.173546e-05,-2.452943e-04
9.200000e+01,7.400000e+01,0.0,9.999980e+00,-2.404345e-06,-1.996681e-04
9.400000e+01,7.400000e+01,0.0,9.999980e+00,-2.385133e-06,-1.965880e-04
9.600000e+01,7.400000e+01,0.0,9.999982e+00,-5.994671e-06,-1.816487e-04
9.800000e+01,7.400000e+01,0.0,9.999984e+00,-6.147253e-06,-1.592940e-04
1.000000e+02,7.400000e+01,0.0,9.999985e+00,-1.502715e-44,-1.422612e-04
1.020000e+02,7.400000e+01,0.0,9.999984e+00,6.147253e-06,-1.592940e-04
1.040000e+02,7.400000e+01,0.0,9.999982e+00,5.994671e-06,-1.816487e-04
1.060000e+02,7.400000e+01,0.0,9.999980e+00,2.385133e-06,-1.965880e-04
1.080000e+02,7.400000e+01,0.0,9.999980e+00,2.404345e-06,-1.996681e-04
1.100000e+02,7.400000e+01,0.0,9.999974e+00,2.173546e-05,-2.452943e-04
1.120000e+02,7.400000e+01,0.0,9.999939e+00,1.433019e-04,-5.681238e-04
1.140000e+02,7.400000e+01,0.0,9.999759e+00,7.178130e-04,-2.222915e-03
1.160000e+02,7.400000e+01,0.0,9.998959e+00,3.146853e-03,-9.654804e-03
1.180000e+02,7.400000e+01,0.0,9.995690e+00,1.380711e-02,-3.911806e-02
1.200000e+02,7.400000e+01,0.0,9.978073e+00,7.808625e-02,-1.884154e-01
1.220000e+02,7.400000e+01,0.0,9.831490e+00,7.290540e-01,-1.219986e+00
1.240000e+02,7.400000e+01,0.0,9.324496e+00,3.900980e+00,-4.463682e+00
1.260000e+02,7.400000e+01,0.0,8.742862e+00,7.527445e+00,-7.527445e+00
1.280000e+02,7.400000e+01,0.0,8.153815e+00,1.102553e+01,-9.893089e+00
1.300000e+02,7.400000e+01,0.0,7.568553e+00,1.424099e+01,-1.160743e+01
1.320000e+02,7.400000e+01,0.0,6.987126e+00,1.704236e+01,-1.282305e+01
1.340000e+02,7.400000e+01,0.0,6.419621e+00,1.934629e+01,-1.366479e+01
1.360000e+02,7.400000e+01,0.0,5.867937e+00,2.114131e+01,-1.421712e+01
1.380000e+02,7.400000e+01,0.0,5.326952e+00,2.245209e+01,-1.449699e+01
1.400000e+02,7.400000e+01,0.0,4.802691e+00,2.335833e+01,-1.449808e+01
1.420000e+02,7.400000e+01,0.0,4.320516e+00,2.382132e+01,-1.422633e+01
1.440000e+02,7.400000e+01,0.0,4.002242e+00,2.401407e+01,-1.397688e+01
1.460000e+02,7.400000e+01,0.0,3.830310e+00,2.423894e+01,-1.329363e+01
1.480000e+02,7.400000e+01,0.0,3.822115e+00,2.442674e+01,-1.340194e+01
1.500000e+02,7.400000e+01,0.0,3.827129e+00,2.447912e+01,-1.346071e+01
1.520000e+02,7.400000e+01,0.0,3.781313e+00,2.445071e+01,-1.295517e+01
1.540000e+02,7.400000e+01,0.0,3.771162e+00,2.466017e+01,-1.231871e+01
1.560000e+02,7.400000e+01,0.0,3.799572e+00,2.506413e+01,-1.178603e+01
1.580000e+02,7.400000e+01,0.0,3.716847e+00,2.416928e+01,-1.007766e+01
1.600000e+02,7.400000e+01,0.0,2.519757e+00,1.215173e+01,-3.902707e+00
1.620000e+02,7.400000e+01,0.0,1.053070e+00,3.056101e-01,-4.500518e-02
1.640000e+02,7.400000e+01,0.0,1.000101e+00,3.205876e-04,-1.503852e-05
1.660000e+02,7.400000e+01,0.0,1.000000e+00,4.880951e-07,-1.828126e-08
1.680000e+02,7.400000e+01,0.0,1.000000e+00,5.950237e-10,-2.200142e-11
1.700000e+02,7.400000e+01,0.0,1.000000e+00,6.683874e-13,-2.727522e-14
1.720000e+02,7.400000e+01,0.0,1.000000e+00,8.012515e-16,0.000000e+00
1.740000e+02,7.400000e+01,0.0,1.000000e+00,0.000000e+00,0.000000e+00
1.760000e+02,7.400000e+01,0.0,1.000000e+00,0.000000e+00,0.000000e+00
1.780000e+02,7.400000e+01,0.0,1.000000e+00,0.000000e+00,0.000000e+00
1.800000e+02,7.400000e+01,0.0,1.000000e+00,0.000000e+00,0.000000e+00
1.820000e+02,7.400000e+01,0.0,1.000000e+00,0.000000e+00,0.000000e+00
1.840000e+02,7.400000e+01,0.0,1.000000e+00,0.000000e+00,0.000000e+00
1.860000e+02,7.400000e+01,0.0,1.000000e+00,0.000000e+00,0.000000e+00
1.880000e+02,7.400000e+01,0.0,1.000000e+00,0.000000e+00,0.000000e+00
1.900000e+02,7.400000e+01,0.0,1.000000e+00,0.000000e+00,0.000000e+00
1.920000e+02,7.400000e+01,0.0,1.000000e+00,0.000000e+00,0.000000e+00
1.940000e+02,7.400000e+01,0.0,1.000000e+00,0.000000e+00,0.000000e+00
1.960000e+02,7.400000e+01,0.0,1.000000e+00,0.000000e+00,0.000000e+00
1.980000e+02,7.400000e+01,0.0,1.000000e+00,0.000000e+00,0.000000e+00
2.000000e+02,7.400000e+01,0.0,1.000000e+00,0.000000e+00,0.000000e+00
0.000000e+00,7.600000e+01,0.0,1.000000e+00,0.000000e+00,0.000000e+00
2.000000e+00,7.600000e+01,0.0,1.000000e+00,0.000000e+00,0.000000e+00
4.000000e+00,7.600000e+01,0.0,1.000000e+00,0.000000e+00,0.000000e+00
6.000000e+00,7.600000e+01,0.0,1.000000e+00,0.000000e+00,0.000000e+00
8.000000e+00,7.600000e+01,0.0,1.000000e+00,0.000000e+00,0.000000e+00
1.000000e+01,7.600000e+01,0.0,1.000000e+00,0.000000e+00,0.000000e+00
1.200000e+01,7.600000e+01,0.0,1.000000e+00,0.000000e+00,0.000000e+00
1.400000e+01,7.600000e+01,0.0,1.000000e+00,0.000000e+00,0.000000e+00
1.600000e+01,7.600000e+01,0.0,1.000000e+00,0.000000e+00,0.000000e+00
1.800000e+01,7.600000e+01,0.0,1.000000e+00,0.000000e+00,0.000000e+00
2.000000e+01,7.600000e+01,0.0,1.000000e+00,0.000000e+00,0.000000e+00
2.200000e+01,7.600000e+01,0.0,1.000000e+00,0.000000e+00,0.000000e+00
2.400000e+01,7.600000e+01,0.0,1.000000e+00,0.000000e+00,0.000000e+00
2.600000e+01,7.600000e+01,0.0,1.000000e+00,-1.635539e-17,0.000000e+00
2.800000e+01,7.600000e+01,0.0,1.000000e+00,-1.661369e-14,-6.050888e-16
3.000000e+01,7.600000e+01,0.0,1.000000e+00,-1.337514e-11,-5.242080e-13
3.200000e+01,7.600000e+01,0.0,1.000000e+00,-9.264452e-09,-4.020741e-10
3.400000e+01,7.600000e+01,0.0,1.000002e+00,-7.138078e-06,-2.801534e-07
3.600000e+01,7.600000e+01,0.0,1.001904e+00,-7.043277e-03,-3.653653e-04
3.800000e+01,7.600000e+01,0.0,1.380777e+00,-2.563316e+00,-5.685210e-01
4.000000e+01,7.600000e+01,0.0,3.140448e+00,-1.808910e+01,-6.066362e+00
4.200000e+01,7.600000e+01,0.0,3.650398e+00,-2.374099e+01,-9.468195e+00
4.400000e+01,7.600000e+01,0.0,3.639033e+00,-2.389623e+01,-1.033155e+01
4.600000e+01,7.600000e+01,0.0,3.625481e+00,-2.397359e+01,-1.071218e+01
4.800000e+01,7.600000e+01,0.0,3.684085e+00,-2.458753e+01,-1.111501e+01
5.000000e+01,7.600000e+01,0.0,3.768775e+00,-2.502257e+01,-1.161216e+01
5.200000e+01,7.600000e+01,0.0,3.868567e+00,-2.516448e+01,-1.225649e+01
5.400000e+01,7.600000e+01,0.0,4.002243e+00,-2.517276e+01,-1.266304e+01
5.600000e+01,7.600000e+01,0.0,4.248372e+00,-2.474853e+01,-1.340526e+01
5.800000e+01,7.600000e+01,0.0,4.679376e+00,-2.447462e+01,-1.383773e+01
6.000000e+01,7.600000e+01,0.0,5.183591e+00,-2.367848e+01,-1.387215e+01
6.200000e+01,7.600000e+01,0.0,5.715702e+00,-2.241288e+01,-1.357640e+01
6.400000e+01,7.600000e+01,0.0,6.272739e+00,-2.075352e+01,-1.301232e+01
6.600000e+01,7.600000e+01,0.0,6.842004e+00,-1.859652e+01,-1.211525e+01
6.800000e+01,7.600000e+01,0.0,7.432145e+00,-1.589377e+01,-1.086760e+01
7.000000e+01,7.600000e+01,0.0,8.044864e+00,-1.261368e+01,-9.193131e+00
7.200000e+01,7.600000e+01,0.0,8.676122e+00,-8.754363e+00,-6.935547e+00
7.400000e+01,7.600000e+01,0.0,9.324496e+00,-4.463682e+00,-3.900980e+00
7.600000e+01,7.600000e+01,0.0,9.883704e+00,-6.685920e-01,-6.685920e-01
7.800000e+01,7.600000e+01,0.0,9.991063e+00,-4.347620e-02,-6.527467e-02
8.000000e+01,7.600000e+01,0.0,9.998747e+00,-4.700586e-03,-1.062699e-02
8.200000e+01,7.600000e+01,0.0,9.999751e+00,-7.931218e-04,-2.255666e-03
8.400000e+01,7.600000e+01,0.0,9.999942e+00,-1.777129e-04,-5.411899e-04
8.600000e+01,7.600000e+01,0.0,9.999987e+00,-3.951542e-05,-1.235427e-04
8.800000e+01,7.600000e+01,0.0,9.999997e+00,-7.508353e-06,-3.174478e-05
9.000000e+01,7.600000e+01,0.0,9.999998e+00,-1.070739e-06,-1.483625e-05
9.200000e+01,7.600000e+01,0.0,9.999999e+00,-1.280554e-07,-1.265503e-05
9.400000e+01,7.600000e+01,0.0,9.999999e+00,-1.389945e-07,-1.243343e-05
9.600000e+01,7.600000e+01,0.0,9.999999e+00,-3.726137e-07,-1.148954e-05
9.800000e+01,7.600000e+01,0.0,9.999999e+00,-4.002547e-07,-1.001572e-05
1.000000e+02,7.600000e+01,0.0,9.999999e+00,8.439068e-54,-8.854108e-06
1.020000e+02,7.600000e+01,0.0,9.999999e+00,4.002547e-07,-1.001572e-05
1.040000e+02,7.600000e+01,0.0,9.999999e+00,3.726137e-07,-1.148954e-05
1.060000e+02,7.600000e+01,0.0,9.999999e+00,1.389945e-07,-1.243343e-05
1.080000e+02,7.600000e+01,0.0,9.999999e+00,1.280554e-07,-1.265503e-05
1.100000e+02,7.600000e+01,0.0,9.999998e+00,1.070739e-06,-1.483625e-05
1.120000e+02,7.600000e+01,0.0,9.999997e+00,7.508353e-06,-3.174478e-05
1.140000e+02,7.600000e+01,0.0,9.999987e+00,3.951542e-05,-1.235427e-04
1.160000e+02,7.600000e+01,0.0,9.999942e+00,1.777129e-04,-5.411899e-04
1.180000e+02,7.600000e+01,0.0,9.999751e+00,7.931218e-04,-2.255666e-03
1.200000e+02,7.600000e+01,0.0,9.998747e+00,4.700586e-03,-1.062699e-02
1.220000e+02,7.600000e+01,0.0,9.991063e+00,4.347620e-02,-6.527467e-02
1.240000e+02,7.600000e+01,0.0,9.883704e+00,6.685920e-01,-6.685920e-01
1.260000e+02,7.600000e+01,0.0,9.324496e+00,4.463682e+00,-3.900980e+00
1.280000e+02,7.600000e+01,0.0,8.676122e+00,8.754363e+00,-6.935547e+00
1.300000e+02,7.600000e+01,0.0,8.044864e+00,1.261368e+01,-9.193131e+00
1.320000e+02,7.600000e+01,0.0,7.432145e+00,1.589377e+01,-1.086760e+01
1.340000e+02,7.600000e+01,0.0,6.842004e+00,1.859652e+01,-1.211525e+01
1.360000e+02,7.600000e+01,0.0,6.272739e+00,2.075352e+01,-1.301232e+01
1.380000e+02,7.600000e+01,0.0,5.715702e+00,2.241288e+01,-1.357640e+01
1.400000e+02,7.600000e+01,0.0,5.183591e+00,2.367848e+01,-1.387215e+01
1.420000e+02,7.600000e+01,0.0,4.679376e+00,2.447462e+01,-1.383773e+01
1.440000e+02,7.600000e+01,0.0,4.248372e+00,2.474853e+01,-1.340526e+01
1.460000e+02,7.600000e+01,0.0,4.002243e+00,2.517276e+01,-1.266304e+01
1.480000e+02,7.600000e+01,0.0,3.868567e+00,2.516448e+01,-1.225649e+01
1.500000e+02,7.600000e+01,0.0,3.768775e+00,2.502257e+01,-1.161216e+01
1.520000e+02,7.600000e+01,0.0,3.684085e+00,2.458753e+01,-1.111501e+01
1.540000e+02,7.600000e+01,0.0,3.625481e+00,2.397359e+01,-1.071218e+01
1.560000e+02,7.600000e+01,0.0,3.639033e+00,2.389623e+01,-1.033155e+01
1.580000e+02,7.600000e+01,0.0,3.650398e+00,2.374099e+01,-9.468195e+00
1.600000e+02,7.600000e+01,0.0,3.140448e+00,1.808910e+01,-6.066362e+00
1.620000e+02,7.600000e+01,0.0,1.380777e+00,2.563316e+00,-5.685210e-01
1.640000e+02,7.600000e+01,0.0,1.001904e+00,7.043277e-03,-3.653653e-04
1.660000e+02,7.600000e+01,0.0,1.000002e+00,7.138078e-06,-2.801534e-07
1.680000e+02,7.600000e+01,0.0,1.000000e+00,9.264452e-09,-4.020741e-10
1.700000e+02,7.600000e+01,0.0,1.000000e+00,1.337514e-11,-5.242080e-13
1.720000e+02,7.600000e+01,0.0,1.000000e+00,1.661369e-14,-6.050888e-16
1.740000e+02,7.600000e+01,0.0,1.000000e+00,1.635539e-17,0.000000e+00
1.760000e+02,7.600000e+01,0.0,1.000000e+00,0.000000e+00,0.000000e+00
1.780000e+02,7.600000e+01,0.0,1.000000e+00,0.000000e+00,0.000000e+00
1.800000e+02,7.600000e+01,0.0,1.000000e+00,0.000000e+00,0.000000e+00
1.820000e+02,7.600000e+01,0.0,1.000000e+00,0.000000e+00,0.000000e+00
1.840000e+02,7.600000e+01,0.0,1.000000e+00,0.000000e+00,0.000000e+00
1.860000e+02,7.600000e+01,0.0,1.000000e+00,0.000000e+00,0.000000e+00
1.880000e+02,7.600000e+01,0.0,1.000000e+00,0.000000e+00,0.000000e+00
1.900000e+02,7.600000e+01,0.0,1.000000e+00,0.000000e+00,0.000000e+00
1.920000e+02,7.600000e+01,0.0,1.000000e+00,0.000000e+00,0.000000e+00
1.940000e+02,7.600000e+01,0.0,1.000000e+00,0.000000e+00,0.000000e+00
1.960000e+02,7.600000e+01,0.0,1.000000e+00,0.000000e+00,0.000000e+00
1.980000e+02,7.600000e+01,0.0,1.000000e+00,0.000000e+00,0.000000e+00
2.000000e+02,7.600000e+01,0.0,1.000000e+00,0.000000e+00,0.000000e+00
0.000000e+00,7.800000e+01,0.0,1.000000e+00,0.000000e+00,0.000000e+00
2.000000e+00,7.800000e+01,0.0,1.000000e+00,0.000000e+00,0.000000e+00
4.000000e+00,7.800000e+01,0.0,1.000000e+00,0.000000e+00,0.000000e+00
6.000000e+00,7.800000e+01,0.0,1.000000e+00,0.000000e+00,0.000000e+00
8.000000e+00,7.800000e+01,0.0,1.000000e+00,0.000000e+00,0.000000e+00
1.000000e+01,7.800000e+01,0.0,1.000000e+00,0.000000e+00,0.000000e+00
1.200000e+01,7.800000e+01,0.0,1.000000e+00,0.000000e+00,0.000000e+00
1.400000e+01,7.800000e+01,0.0,1.000000e+00,0.000000e+00,0.000000e+00
1.600000e+01,7.800000e+01,0.0,1.000000e+00,0.000000e+00,0.000000e+00
1.800000e+01,7.800000e+01,0.0,1.000000e+00,0.000000e+00,0.000000e+00
2.000000e+01,7.800000e+01,0.0,1.000000e+00,0.000000e+00,0.000000e+00
2.200000e+01,7.800000e+01,0.0,1.000000e+00,0.000000e+00,0.000000e+00
2.400000e+01,7.800000e+01,0.0,1.000000e+00,0.000000e+00,0.000000e+00
2.600000e+01,7.800000e+01,0.0,1.000000e+00,-4.414959e-16,0.000000e+00
2.800000e+01,7.800000e+01,0.0,1.000000e+00,-3.039065e-13,-1.200205e-14
3.000000e+01,7.800000e+01,0.0,1.000000e+00,-2.088984e-10,-7.952328e-12
3.200000e+01,7.800000e+01,0.0,1.000000e+00,-1.589027e-07,-5.389951e-09
3.400000e+01,7.800000e+01,0.0,1.000033e+00,-1.047418e-04,-4.006125e-06
3.600000e+01,7.800000e+01,0.0,1.012905e+00,-5.974289e-02,-5.776042e-03
3.800000e+01,7.800000e+01,0.0,1.922291e+00,-6.822787e+00,-1.495003e+00
4.000000e+01,7.800000e+01,0.0,3.336672e+00,-2.035637e+01,-6.310083e+00
4.200000e+01,7.800000e+01,0.0,3.520630e+00,-2.265521e+01,-8.482728e+00
4.400000e+01,7.800000e+01,0.0,3.496376e+00,-2.289263e+01,-9.078239e+00
4.600000e+01,7.800000e+01,0.0,3.489398e+00,-2.344904e+01,-9.261980e+00
4.800000e+01,7.800000e+01,0.0,3.518155e+00,-2.427857e+01,-9.385315e+00
5.000000e+01,7.800000e+01,0.0,3.589829e+00,-2.486399e+01,-9.921942e+00
5.200000e+01,7.800000e+01,0.0,3.833016e+00,-2.524346e+01,-1.103076e+01
5.400000e+01,7.800000e+01,0.0,4.095660e+00,-2.540027e+01,-1.171573e+01
5.600000e+01,7.800000e+01,0.0,4.474294e+00,-2.530751e+01,-1.257848e+01
5.800000e+01,7.800000e+01,0.0,4.981275e+00,-2.473513e+01,-1.298887e+01
6.000000e+01,7.800000e+01,0.0,5.548034e+00,-2.366909e+01,-1.310059e+01
6.200000e+01,7.800000e+01,0.0,6.095503e+00,-2.206156e+01,-1.258043e+01
6.400000e+01,7.800000e+01,0.0,6.664467e+00,-2.002481e+01,-1.173065e+01
6.600000e+01,7.800000e+01,0.0,7.252094e+00,-1.748226e+01,-1.051932e+01
6.800000e+01,7.800000e+01,0.0,7.864573e+00,-1.432083e+01,-8.900167e+00
7.000000e+01,7.800000e+01,0.0,8.510280e+00,-1.044198e+01,-6.798269e+00
7.200000e+01,7.800000e+01,0.0,9.189171e+00,-5.879729e+00,-4.027412e+00
7.400000e+01,7.800000e+01,0.0,9.831490e+00,-1.219986e+00,-7.290540e-01
7.600000e+01,7.800000e+01,0.0,9.991063e+00,-6.527467e-02,-4.347620e-02
7.800000e+01,7.800000e+01,0.0,9.999336e+00,-4.058807e-03,-4.058807e-03
8.000000e+01,7.800000e+01,0.0,9.999921e+00,-3.489638e-04,-6.173858e-04
8.200000e+01,7.800000e+01,0.0,9.999986e+00,-4.850893e-05,-1.272725e-04
8.400000e+01,7.800000e+01,0.0,9.999997e+00,-9.934819e-06,-3.004430e-05
8.600000e+01,7.800000e+01,0.0,9.999999e+00,-2.109550e-06,-6.687964e-06
8.800000e+01,7.800000e+01,0.0,1.000000e+01,-3.791197e-07,-1.720766e-06
9.000000e+01,7.800000e+01,0.0,1.000000e+01,-5.125863e-08,-8.617744e-07
9.200000e+01,7.800000e+01,0.0,1.000000e+01,-6.367796e-09,-7.574863e-07
9.400000e+01,7.800000e+01,0.0,1.000000e+01,-7.349847e-09,-7.442409e-07
9.600000e+01,7.800000e+01,0.0,1.000000e+01,-2.155766e-08,-6.878704e-07
9.800000e+01,7.800000e+01,0.0,1.000000e+01,-2.440381e-08,-5.959008e-07
1.000000e+02,7.800000e+01,0.0,1.000000e+01,-1.501385e-64,-5.210833e-07
1.020000e+02,7.800000e+01,0.0,1.000000e+01,2.440381e-08,-5.959008e-07
1.040000e+02,7.800000e+01,0.0,1.000000e+01,2.155766e-08,-6.878704e-07
1.060000e+02,7.800000e+01,0.0,1.000000e+01,7.349847e-09,-7.442409e-07
1.080000e+02,7.800000e+01,0.0,1.000000e+01,6.367796e-09,-7.574863e-07
1.100000e+02,7.800000e+01,0.0,1.000000e+01,5.125863e-08,-8.617744e-07
1.120000e+02,7.800000e+01,0.0,1.000000e+01,3.791197e-07,-1.720766e-06
1.140000e+02,7.800000e+01,0.0,9.999999e+00,2.109550e-06,-6.687964e-06
1.160000e+02,7.800000e+01,0.0,9.999997e+00,9.934819e-06,-3.004430e-05
1.180000e+02,7.800000e+01,0.0,9.999986e+00,4.850893e-05,-1.272725e-04
1.200000e+02,7.800000e+01,0.0,9.999921e+00,3.489638e-04,-6.173858e-04
1.220000e+02,7.800000e+01,0.0,9.999336e+00,4.058807e-03,-4.058807e-03
1.240000e+02,7.800000e+01,0.0,9.991063e+00,6.527467e-02,-4.347620e-02
1.260000e+02,7.800000e+01,0.0,9.831490e+00,1.219986e+00,-7.290540e-01
1.280000e+02,7.800000e+01,0.0,9.189171e+00,5.879729e+00,-4.027412e+00
1.300000e+02,7.800000e+01,0.0,8.510280e+00,1.044198e+01,-6.798269e+00
1.320000e+02,7.800000e+01,0.0,7.864573e+00,1.432083e+01,-8.900167e+00
1.340000e+02,7.800000e+01,0.0,7.252094e+00,1.748226e+01,-1.051932e+01
1.360000e+02,7.800000e+01,0.0,6.664467e+00,2.002481e+01,-1.173065e+01
1.380000e+02,7.800000e+01,0.0,6.095503e+00,2.206156e+01,-1.258043e+01
1.400000e+02,7.800000e+01,0.0,5.548034e+00,2.366909e+01,-1.310059e+01
1.420000e+02,7.800000e+01,0.0,4.981275e+00,2.473513e+01,-1.298887e+01
1.440000e+02,7.800000e+01,0.0,4.474294e+00,2.530751e+01,-1.257848e+01
1.460000e+02,7.800000e+01,0.0,4.095660e+00,2.540027e+01,-1.171573e+01
1.480000e+02,7.800000e+01,0.0,3.833016e+00,2.524346e+01,-1.103076e+01
1.500000e+02,7.800000e+01,0.0,3.589829e+00,2.486399e+01,-9.921942e+00
1.520000e+02,7.800000e+01,0.0,3.518155e+00,2.427857e+01,-9.385315e+00
1.540000e+02,7.800000e+01,0.0,3.489398e+00,2.344904e+01,-9.261980e+00
1.560000e+02,7.800000e+01,0.0,3.496376e+00,2.289263e+01,-9.078239e+00
1.580000e+02,7.800000e+01,0.0,3.520630e+00,2.265521e+01,-8.482728e+00
1.600000e+02,7.800000e+01,0.0,3.336672e+00,2.035637e+01,-6.310083e+00
1.620000e+02,7.800000e+01,0.0,1.922291e+00,6.822787e+00,-1.495003e+00
1.640000e+02,7.800000e+01,0.0,1.012905e+00,5.974289e-02,-5.776042e-03
1.660000e+02,7.800000e+01,0.0,1.000033e+00,1.047418e-04,-4.006125e-06
1.680000e+02,7.800000e+01,0.0,1.000000e+00,1.589027e-07,-5.389951e-09
1.700000e+02,7.800000e+01,0.0,1.000000e+00,2.088984e-10,-7.952328e-12
1.720000e+02,7.800000e+01,0.0,1.000000e+00,3.039065e-13,-1.200205e-14
1.740000e+02,7.800000e+01,0.0,1.000000e+00,4.414959e-16,0.000000e+00
1.760000e+02,7.800000e+01,0.0,1.000000e+00,0.000000e+00,0.000000e+00
1.780000e+02,7.800000e+01,0.0,1.000000e+00,0.000000e+00,0.000000e+00
1.800000e+02,7.800000e+01,0.0,1.000000e+00,0.000000e+00,0.000000e+00
1.820000e+02,7.800000e+01,0.0,1.000000e+00,0.000000e+00,0.000000e+00
1.840000e+02,7.800000e+01,0.0,1.000000e+00,0.000000e+00,0.000000e+00
1.860000e+02,7.800000e+01,0.0,1.000000e+00,0.000000e+00,0.000000e+00
1.880000e+02,7.800000e+01,0.0,1.000000e+00,0.000000e+00,0.000000e+00
1.900000e+02,7.800000e+01,0.0,1.000000e+00,0.000000e+00,0.000000e+00
1.920000e+02,7.800000e+01,0.0,1.000000e+00,0.000000e+00,0.000000e+00
1.940000e+02,7.800000e+01,0.0,1.000000e+00,0.000000e+00,0.000000e+00
1.960000e+02,7.800000e+01,0.0,1.000000e+00,0.000000e+00,0.000000e+00
1.980000e+02,7.800000e+01,0.0,1.000000e+00,0.000000e+00,0.000000e+00
2.000000e+02,7.800000e+01,0.0,1.000000e+00,0.000000e+00,0.000000e+00
0.000000e+00,8.000000e+01,0.0,1.000000e+00,0.000000e+00,0.000000e+00
2.000000e+00,8.000000e+01,0.0,1.000000e+00,0.000000e+00,0.000000e+00
4.000000e+00,8.000000e+01,0.0,1.000000e+00,0.000000e+00,0.000000e+00
6.000000e+00,8.000000e+01,0.0,1.000000e+00,0.000000e+00,0.000000e+00
8.000000e+00,8.000000e+01,0.0,1.000000e+00,0.000000e+00,0.000000e+00
1.000000e+01,8.000000e+01,0.0,1.000000e+00,0.000000e+00,0.000000e+00
1.200000e+01,8.000000e+01,0.0,1.000000e+00,0.000000e+00,0.000000e+00
1.400000e+01,8.000000e+01,0.0,1.000000e+00,0.000000e+00,0.000000e+00
1.600000e+01,8.000000e+01,0.0,1.000000e+00,0.000000e+00,0.000000e+00
1.800000e+01,8.000000e+01,0.0,1.000000e+00,0.000000e+00,0.000000e+00
2.000000e+01,8.000000e+01,0.0,1.000000e+00,0.000000e+00,0.000000e+00
2.200000e+01,8.000000e+01,0.0,1.000000e+00,0.000000e+00,0.000000e+00
2.400000e+01,8.000000e+01,0.0,1.000000e+00,0.000000e+00,0.000000e+00
2.600000e+01,8.000000e+01,0.0,1.000000e+00,-3.875254e-15,-8.177694e-17
2.800000e+01,8.000000e+01,0.0,1.000000e+00,-2.605867e-12,-9.266150e-14
3.000000e+01,8.000000e+01,0.0,1.000000e+00,-1.750181e-09,-5.990592e-11
3.200000e+01,8.000000e+01,0.0,1.000000e+00,-1.020986e-06,-3.901776e-08
3.400000e+01,8.000000e+01,0.0,1.000148e+00,-4.748036e-04,-2.122850e-05
3.600000e+01,8.000000e+01,0.0,1.068765e+00,-3.926227e-01,-3.504140e-02
3.800000e+01,8.000000e+01,0.0,2.367723e+00,-1.059285e+01,-2.146463e+00
4.000000e+01,8.000000e+01,0.0,3.397543e+00,-2.083029e+01,-6.039006e+00
4.200000e+01,8.000000e+01,0.0,3.477388e+00,-2.216210e+01,-7.738735e+00
4.400000e+01,8.000000e+01,0.0,3.430949e+00,-2.257867e+01,-8.035984e+00
4.600000e+01,8.000000e+01,0.0,3.374145e+00,-2.322701e+01,-7.877888e+00
4.800000e+01,8.000000e+01,0.0,3.330090e+00,-2.386558e+01,-7.676799e+00
5.000000e+01,8.000000e+01,0.0,3.373274e+00,-2.435854e+01,-8.300134e+00
5.200000e+01,8.000000e+01,0.0,3.781758e+00,-2.506524e+01,-9.785299e+00
5.400000e+01,8.000000e+01,0.0,4.150915e+00,-2.547942e+01,-1.064441e+01
5.600000e+01,8.000000e+01,0.0,4.653019e+00,-2.541754e+01,-1.148727e+01
5.800000e+01,8.000000e+01,0.0,5.239289e+00,-2.474763e+01,-1.186307e+01
6.000000e+01,8.000000e+01,0.0,5.851111e+00,-2.337366e+01,-1.189968e+01
6.200000e+01,8.000000e+01,0.0,6.460239e+00,-2.146945e+01,-1.153356e+01
6.400000e+01,8.000000e+01,0.0,7.047941e+00,-1.904223e+01,-1.044876e+01
6.600000e+01,8.000000e+01,0.0,7.649800e+00,-1.603746e+01,-8.962221e+00
6.800000e+01,8.000000e+01,0.0,8.284302e+00,-1.239175e+01,-7.002501e+00
7.000000e+01,8.000000e+01,0.0,8.961535e+00,-7.955214e+00,-4.509406e+00
7.200000e+01,8.000000e+01,0.0,9.651191e+00,-2.737706e+00,-1.444856e+00
7.400000e+01,8.000000e+01,0.0,9.978073e+00,-1.884154e-01,-7.808625e-02
7.600000e+01,8.000000e+01,0.0,9.998747e+00,-1.062699e-02,-4.700586e-03
7.800000e+01,8.000000e+01,0.0,9.999921e+00,-6.173858e-04,-3.489638e-04
8.000000e+01,8.000000e+01,0.0,9.999993e+00,-4.104635e-05,-4.104635e-05
8.200000e+01,8.000000e+01,0.0,9.999999e+00,-3.786448e-06,-7.271609e-06
8.400000e+01,8.000000e+01,0.0,1.000000e+01,-5.797955e-07,-1.623362e-06
8.600000e+01,8.000000e+01,0.0,1.000000e+01,-1.094353e-07,-3.482149e-07
8.800000e+01,8.000000e+01,0.0,1.000000e+01,-1.829687e-08,-8.908323e-08
9.000000e+01,8.000000e+01,0.0,1.000000e+01,-2.341302e-09,-4.713906e-08
9.200000e+01,8.000000e+01,0.0,1.000000e+01,-2.924160e-10,-4.228542e-08
9.400000e+01,8.000000e+01,0.0,1.000000e+01,-3.537272e-10,-4.159047e-08
9.600000e+01,8.000000e+01,0.0,1.000000e+01,-1.151821e-09,-3.845619e-08
9.800000e+01,8.000000e+01,0.0,1.000000e+01,-1.373695e-09,-3.311502e-08
1.000000e+02,8.000000e+01,0.0,1.000000e+01,1.007544e-76,-2.861802e-08
1.020000e+02,8.000000e+01,0.0,1.000000e+01,1.373695e-09,-3.311502e-08
1.040000e+02,8.000000e+01,0.0,1.000000e+01,1.151821e-09,-3.845619e-08
1.060000e+02,8.000000e+01,0.0,1.000000e+01,3.537272e-10,-4.159047e-08
1.080000e+02,8.000000e+01,0.0,1.000000e+01,2.924160e-10,-4.228542e-08
1.100000e+02,8.000000e+01,0.0,1.000000e+01,2.341302e-09,-4.713906e-08
1.120000e+02,8.000000e+01,0.0,1.000000e+01,1.829687e-08,-8.908323e-08
1.140000e+02,8.000000e+01,0.0,1.000000e+01,1.094353e-07,-3.482149e-07
1.160000e+02,8.000000e+01,0.0,1.000000e+01,5.797955e-07,-1.623362e-06
1.180000e+02,8.000000e+01,0.0,9.999999e+00,3.786448e-06,-7.271609e-06
1.200000e+02,8.000000e+01,0.0,9.999993e+00,4.104635e-05,-4.104635e-05
1.220000e+02,8.000000e+01,0.0,9.999921e+00,6.173858e-04,-3.489638e-04
1.240000e+02,8.000000e+01,0.0,9.998747e+00,1.062699e-02,-4.700586e-03
1.260000e+02,8.000000e+01,0.0,9.978073e+00,1.884154e-01,-7.808625e-02
1.280000e+02,8.000000e+01,0.0,9.651191e+00,2.737706e+00,-1.444856e+00
1.300000e+02,8.000000e+01,0.0,8.961535e+00,7.955214e+00,-4.509406e+00
1.320000e+02,8.000000e+01,0.0,8.284302e+00,1.239175e+01,-7.002501e+00
1.340000e+02,8.000000e+01,0.0,7.649800e+00,1.603746e+01,-8.962221e+00
1.360000e+02,8.000000e+01,0.0,7.047941e+00,1.904223e+01,-1.044876e+01
1.380000e+02,8.000000e+01,0.0,6.460239e+00,2.146945e+01,-1.153356e+01
1.400000e+02,8.000000e+01,0.0,5.851111e+00,2.337366e+01,-1.189968e+01
1.420000e+02,8.000000e+01,0.0,5.239289e+00,2.474763e+01,-1.186307e+01
1.440000e+02,8.000000e+01,0.0,4.653019e+00,2.541754e+01,-1.148727e+01
1.460000e+02,8.000000e+01,0.0,4.150915e+00,2.547942e+01,-1.064441e+01
1.480000e+02,8.000000e+01,0.0,3.781758e+00,2.506524e+01,-9.785299e+00
1.500000e+02,8.000000e+01,0.0,3.373274e+00,2.435854e+01,-8.300134e+00
1.520000e+02,8.000000e+01,0.0,3.330090e+00,2.386558e+01,-7.676799e+00
1.540000e+02,8.000000e+01,0.0,3.374145e+00,2.322701e+01,-7.877888e+00
1.560000e+02,8.000000e+01,0.0,3.430949e+00,2.257867e+01,-8.035984e+00
1.580000e+02,8.000000e+01,0.0,3.477388e+00,2.216210e+01,-7.738735e+00
1.600000e+02,8.000000e+01,0.0,3.397543e+00,2.083029e+01,-6.039006e+00
1.620000e+02,8.000000e+01,0.0,2.367723e+00,1.059285e+01,-2.146463e+00
1.640000e+02,8.000000e+01,0.0,1.068765e+00,3.926227e-01,-3.504140e-02
1.660000e+02,8.000000e+01,0.0,1.000148e+00,4.748036e-04,-2.122850e-05
1.680000e+02,8.000000e+01,0.0,1.000000e+00,1.020986e-06,-3.901776e-08
1.700000e+02,8.000000e+01,0.0,1.000000e+00,1.750181e-09,-5.990592e-11
1.720000e+02,8.000000e+01,0.0,1.000000e+00,2.605867e-12,-9.266150e-14
1.740000e+02,8.000000e+01,0.0,1.000000e+00,3.875254e-15,-8.177694e-17
1.760000e+02,8.000000e+01,0.0,1.000000e+00,0.000000e+00,0.000000e+00
1.780000e+02,8.000000e+01,0.0,1.000000e+00,0.000000e+00,0.000000e+00
1.800000e+02,8.000000e+01,0.0,1.000000e+00,0.000000e+00,0.000000e+00
1.820000e+02,8.000000e+01,0.0,1.000000e+00,0.000000e+00,0.000000e+00
1.840000e+02,8.000000e+01,0.0,1.000000e+00,0.000000e+00,0.000000e+00
1.860000e+02,8.000000e+01,0.0,1.000000e+00,0.000000e+00,0.000000e+00
1.880000e+02,8.000000e+01,0.0,1.000000e+00,0.000000e+00,0.000000e+00
1.900000e+02,8.000000e+01,0.0,1.000000e+00,0.000000e+00,0.000000e+00
1.920000e+02,8.000000e+01,0.0,1.000000e+00,0.000000e+00,0.000000e+00
1.940000e+02,8.000000e+01,0.0,1.000000e+00,0.000000e+00,0.000000e+00
1.960000e+02,8.000000e+01,0.0,1.000000e+00,0.000000e+00,0.000000e+00
1.980000e+02,8.000000e+01,0.0,1.000000e+00,0.000000e+00,0.000000e+00
2.000000e+02,8.000000e+01,0.0,1.000000e+00,0.000000e+00,0.000000e+00
0.000000e+00,8.200000e+01,0.0,1.000000e+00,0.000000e+00,0.000000e+00
2.000000e+00,8.200000e+01,0.0,1.000000e+00,0.000000e+00,0.000000e+00
4.000000e+00,8.200000e+01,0.0,1.000000e+00,0.000000e+00,0.000000e+00
6.000000e+00,8.200000e+01,0.0,1.000000e+00,0.000000e+00,0.000000e+00
8.000000e+00,8.200000e+01,0.0,1.000000e+00,0.000000e+00,0.000000e+00
1.000000e+01,8.200000e+01,0.0,1.000000e+00,0.000000e+00,0.000000e+00
1.200000e+01,8.200000e+01,0.0,1.000000e+00,0.000000e+00,0.000000e+00
1.400000e+01,8.200000e+01,0.0,1.000000e+00,0.000000e+00,0.000000e+00
1.600000e+01,8.200000e+01,0.0,1.000000e+00,0.000000e+00,0.000000e+00
1.800000e+01,8.200000e+01,0.0,1.000000e+00,0.000000e+00,0.000000e+00
2.000000e+01,8.200000e+01,0.0,1.000000e+00,0.000000e+00,0.000000e+00
2.200000e+01,8.200000e+01,0.0,1.000000e+00,0.000000e+00,0.000000e+00
2.400000e+01,8.200000e+01,0.0,1.000000e+00,-4.905562e-17,0.000000e+00
2.600000e+01,8.200000e+01,0.0,1.000000e+00,-2.725680e-14,-1.013782e-15
2.800000e+01,8.200000e+01,0.0,1.000000e+00,-1.576431e-11,-5.723725e-13
3.000000e+01,8.200000e+01,0.0,1.000000e+00,-8.417141e-09,-3.167421e-10
3.200000e+01,8.200000e+01,0.0,1.000001e+00,-3.788321e-06,-1.556011e-07
3.400000e+01,8.200000e+01,0.0,1.000730e+00,-2.472331e-03,-7.497799e-05
3.600000e+01,8.200000e+01,0.0,1.210208e+00,-1.335884e+00,-1.205202e-01
3.800000e+01,8.200000e+01,0.0,2.692062e+00,-1.347606e+01,-2.633392e+00
4.000000e+01,8.200000e+01,0.0,3.460046e+00,-2.126317e+01,-5.986948e+00
4.200000e+01,8.200000e+01,0.0,3.494200e+00,-2.231395e+01,-7.146724e+00
4.400000e+01,8.200000e+01,0.0,3.430326e+00,-2.288879e+01,-7.302677e+00
4.600000e+01,8.200000e+01,0.0,3.330251e+00,-2.350350e+01,-7.073422e+00
4.800000e+01,8.200000e+01,0.0,3.206178e+00,-2.365384e+01,-6.772713e+00
5.000000e+01,8.200000e+01,0.0,3.201417e+00,-2.377657e+01,-7.048766e+00
5.200000e+01,8.200000e+01,0.0,3.731688e+00,-2.478115e+01,-8.513279e+00
5.400000e+01,8.200000e+01,0.0,4.201810e+00,-2.537142e+01,-9.561231e+00
5.600000e+01,8.200000e+01,0.0,4.798171e+00,-2.529424e+01,-1.011156e+01
5.800000e+01,8.200000e+01,0.0,5.446935e+00,-2.450767e+01,-1.047453e+01
6.000000e+01,8.200000e+01,0.0,6.106731e+00,-2.292628e+01,-1.051002e+01
6.200000e+01,8.200000e+01,0.0,6.760798e+00,-2.058702e+01,-1.013422e+01
6.400000e+01,8.200000e+01,0.0,7.398416e+00,-1.774633e+01,-9.090131e+00
6.600000e+01,8.200000e+01,0.0,8.033242e+00,-1.429613e+01,-7.445644e+00
6.800000e+01,8.200000e+01,0.0,8.683802e+00,-1.009067e+01,-5.262552e+00
7.000000e+01,8.200000e+01,0.0,9.359889e+00,-5.162729e+00,-2.554795e+00
7.200000e+01,8.200000e+01,0.0,9.915861e+00,-7.464744e-01,-2.379547e-01
7.400000e+01,8.200000e+01,0.0,9.995690e+00,-3.911806e-02,-1.380711e-02
7.600000e+01,8.200000e+01,0.0,9.999751e+00,-2.255666e-03,-7.931218e-04
7.800000e+01,8.200000e+01,0.0,9.999986e+00,-1.272725e-04,-4.850893e-05
8.000000e+01,8.200000e+01,0.0,9.999999e+00,-7.271609e-06,-3.786448e-06
8.200000e+01,8.200000e+01,0.0,1.000000e+01,-4.592235e-07,-4.592235e-07
8.400000e+01,8.200000e+01,0.0,1.000000e+01,-4.167774e-08,-8.638298e-08
8.600000e+01,8.200000e+01,0.0,1.000000e+01,-5.793632e-09,-1.728579e-08
8.800000e+01,8.200000e+01,0.0,1.000000e+01,-8.491534e-10,-4.347485e-09
9.000000e+01,8.200000e+01,0.0,1.000000e+01,-1.012273e-10,-2.398333e-09
9.200000e+01,8.200000e+01,0.0,1.000000e+01,-1.227612e-11,-2.183323e-09
9.400000e+01,8.200000e+01,0.0,1.000000e+01,-1.533838e-11,-2.150792e-09
9.600000e+01,8.200000e+01,0.0,1.000000e+01,-5.695061e-11,-1.990048e-09
9.800000e+01,8.200000e+01,0.0,1.000000e+01,-7.059961e-11,-1.703775e-09
1.000000e+02,8.200000e+01,0.0,1.000000e+01,-1.083480e-90,-1.453745e-09
1.020000e+02,8.200000e+01,0.0,1.000000e+01,7.059961e-11,-1.703775e-09
1.040000e+02,8.200000e+01,0.0,1.000000e+01,5.695061e-11,-1.990048e-09
1.060000e+02,8.200000e+01,0.0,1.000000e+01,1.533838e-11,-2.150792e-09
1.080000e+02,8.200000e+01,0.0,1.000000e+01,1.227612e-11,-2.183323e-09
1.100000e+02,8.200000e+01,0.0,1.000000e+01,1.012273e-10,-2.398333e-09
1.120000e+02,8.200000e+01,0.0,1.000000e+01,8.491534e-10,-4.347485e-09
1.140000e+02,8.200000e+01,0.0,1.000000e+01,5.793632e-09,-1.728579e-08
1.160000e+02,8.200000e+01,0.0,1.000000e+01,4.167774e-08,-8.638298e-08
1.180000e+02,8.200000e+01,0.0,1.000000e+01,4.592235e-07,-4.592235e-07
1.200000e+02,8.200000e+01,0.0,9.999999e+00,7.271609e-06,-3.786448e-06
1.220000e+02,8.200000e+01,0.0,9.999986e+00,1.272725e-04,-4.850893e-05
1.240000e+02,8.200000e+01,0.0,9.999751e+00,2.255666e-03,-7.931218e-04
1.260000e+02,8.200000e+01,0.0,9.995690e+00,3.911806e-02,-1.380711e-02
1.280000e+02,8.200000e+01,0.0,9.915861e+00,7.464744e-01,-2.379547e-01
1.300000e+02,8.200000e+01,0.0,9.359889e+00,5.162729e+00,-2.554795e+00
1.320000e+02,8.200000e+01,0.0,8.683802e+00,1.009067e+01,-5.262552e+00
1.340000e+02,8.200000e+01,0.0,8.033242e+00,1.429613e+01,-7.445644e+00
1.360000e+02,8.200000e+01,0.0,7.398416e+00,1.774633e+01,-9.090131e+00
1.380000e+02,8.200000e+01,0.0,6.760798e+00,2.058702e+01,-1.013422e+01
1.400000e+02,8.200000e+01,0.0,6.106731e+00,2.292628e+01,-1.051002e+01
1.420000e+02,8.200000e+01,0.0,5.446935e+00,2.450767e+01,-1.047453e+01
1.440000e+02,8.200000e+01,0.0,4.798171e+00,2.529424e+01,-1.011156e+01
1.460000e+02,8.200000e+01,0.0,4.201810e+00,2.537142e+01,-9.561231e+00
1.480000e+02,8.200000e+01,0.0,3.731688e+00,2.478115e+01,-8.513279e+00
1.500000e+02,8.200000e+01,0.0,3.201417e+00,2.377657e+01,-7.048766e+00
1.520000e+02,8.200000e+01,0.0,3.206178e+00,2.365384e+01,-6.772713e+00
1.540000e+02,8.200000e+01,0.0,3.330251e+00,2.350350e+01,-7.073422e+00
1.560000e+02,8.200000e+01,0.0,3.430326e+00,2.288879e+01,-7.302677e+00
1.580000e+02,8.200000e+01,0.0,3.494200e+00,2.231395e+01,-7.146724e+00
1.600000e+02,8.200000e+01,0.0,3.460046e+00,2.126317e+01,-5.986948e+00
1.620000e+02,8.200000e+01,0.0,2.692062e+00,1.347606e+01,-2.633392e+00
1.640000e+02,8.200000e+01,0.0,1.210208e+00,1.335884e+00,-1.205202e-01
1.660000e+02,8.200000e+01,0.0,1.000730e+00,2.472331e-03,-7.497799e-05
1.680000e+02,8.200000e+01,0.0,1.000001e+00,3.788321e-06,-1.556011e-07
1.700000e+02,8.200000e+01,0.0,1.000000e+00,8.417141e-09,-3.167421e-10
1.720000e+02,8.200000e+01,0.0,1.000000e+00,1.576431e-11,-5.723725e-13
1.740000e+02,8.200000e+01,0.0,1.000000e+00,2.725680e-14,-1.013782e-15
1.760000e+02,8.200000e+01,0.0,1.000000e+00,4.905562e-17,0.000000e+00
1.780000e+02,8.200000e+01,0.0,1.000000e+00,0.000000e+00,0.000000e+00
1.800000e+02,8.200000e+01,0.0,1.000000e+00,0.000000e+00,0.000000e+00
1.820000e+02,8.200000e+01,0.0,1.000000e+00,0.000000e+00,0.000000e+00
1.840000e+02,8.200000e+01,0.0,1.000000e+00,0.000000e+00,0.000000e+00
1.860000e+02,8.200000e+01,0.0,1.000000e+00,0.000000e+00,0.000000e+00
1.880000e+02,8.200000e+01,0.0,1.000000e+00,0.000000e+00,0.000000e+00
1.900000e+02,8.200000e+01,0.0,1.000000e+00,0.000000e+00,0.000000e+00
1.920000e+02,8.200000e+01,0.0,1.000000e+00,0.000000e+00,0.000000e+00
1.940000e+02,8.200000e+01,0.0,1.000000e+00,0.000000e+00,0.000000e+00
1.960000e+02,8.200000e+01,0.0,1.000000e+00,0.000000e+00,0.000000e+00
1.980000e+02,8.200000e+01,0.0,1.000000e+00,0.000000e+00,0.000000e+00
2.000000e+02,8.200000e+01,0.0,1.000000e+00,0.000000e+00,0.000000e+00
0.000000e+00,8.400000e+01,0.0,1.000000e+00,0.000000e+00,0.000000e+00
2.000000e+00,8.400000e+01,0.0,1.000000e+00,0.000000e+00,0.000000e+00
4.000000e+00,8.400000e+01,0.0,1.000000e+00,0.000000e+00,0.000000e+00
6.000000e+00,8.400000e+01,0.0,1.000000e+00,0.000000e+00,0.000000e+00
8.000000e+00,8.400000e+01,0.0,1.000000e+00,0.000000e+00,0.000000e+00
1.000000e+01,8.400000e+01,0.0,1.000000e+00,0.000000e+00,0.000000e+00
1.200000e+01,8.400000e+01,0.0,1.000000e+00,0.000000e+00,0.000000e+00
1.400000e+01,8.400000e+01,0.0,1.000000e+00,0.000000e+00,0.000000e+00
1.600000e+01,8.400000e+01,0.0,1.000000e+00,0.000000e+00,0.000000e+00
1.800000e+01,8.400000e+01,0.0,1.000000e+00,0.000000e+00,0.000000e+00
2.000000e+01,8.400000e+01,0.0,1.000000e+00,0.000000e+00,0.000000e+00
2.200000e+01,8.400000e+01,0.0,1.000000e+00,0.000000e+00,0.000000e+00
2.400000e+01,8.400000e+01,0.0,1.000000e+00,-1.798387e-16,0.000000e+00
2.600000e+01,8.400000e+01,0.0,1.000000e+00,-1.032709e-13,-3.564404e-15
2.800000e+01,8.400000e+01,0.0,1.000000e+00,-5.392245e-11,-1.854449e-12
3.000000e+01,8.400000e+01,0.0,1.000000e+00,-2.505375e-08,-9.156892e-10
3.200000e+01,8.400000e+01,0.0,1.000004e+00,-1.358912e-05,-4.063549e-07
3.400000e+01,8.400000e+01,0.0,1.002470e+00,-9.222224e-03,-3.777912e-04
3.600000e+01,8.400000e+01,0.0,1.383378e+00,-2.545785e+00,-3.313102e-01
3.800000e+01,8.400000e+01,0.0,3.027520e+00,-1.628840e+01,-3.593729e+00
4.000000e+01,8.400000e+01,0.0,3.573212e+00,-2.216181e+01,-5.813990e+00
4.200000e+01,8.400000e+01,0.0,3.578956e+00,-2.323519e+01,-6.472258e+00
4.400000e+01,8.400000e+01,0.0,3.493205e+00,-2.372851e+01,-6.800665e+00
4.600000e+01,8.400000e+01,0.0,3.321103e+00,-2.380423e+01,-6.706250e+00
4.800000e+01,8.400000e+01,0.0,3.180420e+00,-2.369806e+01,-6.494217e+00
5.000000e+01,8.400000e+01,0.0,3.168381e+00,-2.370712e+01,-6.303096e+00
5.200000e+01,8.400000e+01,0.0,3.744866e+00,-2.478543e+01,-7.369850e+00
5.400000e+01,8.400000e+01,0.0,4.292503e+00,-2.533493e+01,-8.452242e+00
5.600000e+01,8.400000e+01,0.0,4.939589e+00,-2.520780e+01,-8.745473e+00
5.800000e+01,8.400000e+01,0.0,5.614060e+00,-2.427182e+01,-8.959231e+00
6.000000e+01,8.400000e+01,0.0,6.309901e+00,-2.245420e+01,-8.948220e+00
6.200000e+01,8.400000e+01,0.0,7.010447e+00,-1.976746e+01,-8.564563e+00
6.400000e+01,8.400000e+01,0.0,7.704465e+00,-1.637684e+01,-7.689150e+00
6.600000e+01,8.400000e+01,0.0,8.376948e+00,-1.237709e+01,-5.981658e+00
6.800000e+01,8.400000e+01,0.0,9.050276e+00,-7.730634e+00,-3.686030e+00
7.000000e+01,8.400000e+01,0.0,9.703263e+00,-2.516028e+00,-1.065787e+00
7.200000e+01,8.400000e+01,0.0,9.981540e+00,-1.704886e-01,-5.542016e-02
7.400000e+01,8.400000e+01,0.0,9.998959e+00,-9.654804e-03,-3.146853e-03
7.600000e+01,8.400000e+01,0.0,9.999942e+00,-5.411899e-04,-1.777129e-04
7.800000e+01,8.400000e+01,0.0,9.999997e+00,-3.004430e-05,-9.934819e-06
8.000000e+01,8.400000e+01,0.0,1.000000e+01,-1.623362e-06,-5.797955e-07
8.200000e+01,8.400000e+01,0.0,1.000000e+01,-8.638298e-08,-4.167774e-08
8.400000e+01,8.400000e+01,0.0,1.000000e+01,-5.008430e-09,-5.008430e-09
8.600000e+01,8.400000e+01,0.0,1.000000e+01,-3.939893e-10,-8.328343e-10
8.800000e+01,8.400000e+01,0.0,1.000000e+01,-4.127159e-11,-1.987816e-10
9.000000e+01,8.400000e+01,0.0,1.000000e+01,-4.247880e-12,-1.126568e-10
9.200000e+01,8.400000e+01,0.0,1.000000e+01,-4.750307e-13,-1.036996e-10
9.400000e+01,8.400000e+01,0.0,1.000000e+01,-5.974355e-13,-1.023447e-10
9.600000e+01,8.400000e+01,0.0,1.000000e+01,-2.566356e-12,-9.479209e-11
9.800000e+01,8.400000e+01,0.0,1.000000e+01,-3.320564e-12,-8.070119e-11
1.000000e+02,8.400000e+01,0.0,1.000000e+01,-1.075963e-107,-6.790600e-11
1.020000e+02,8.400000e+01,0.0,1.000000e+01,3.320564e-12,-8.070119e-11
1.040000e+02,8.400000e+01,0.0,1.000000e+01,2.566356e-12,-9.479209e-11
1.060000e+02,8.400000e+01,0.0,1.000000e+01,5.974355e-13,-1.023447e-10
1.080000e+02,8.400000e+01,0.0,1.000000e+01,4.750307e-13,-1.036996e-10
1.100000e+02,8.400000e+01,0.0,1.000000e+01,4.247880e-12,-1.126568e-10
1.120000e+02,8.400000e+01,0.0,1.000000e+01,4.127159e-11,-1.987816e-10
1.140000e+02,8.400000e+01,0.0,1.000000e+01,3.939893e-10,-8.328343e-10
1.160000e+02,8.400000e+01,0.0,1.000000e+01,5.008430e-09,-5.008430e-09
1.180000e+02,8.400000e+01,0.0,1.000000e+01,8.638298e-08,-4.167774e-08
1.200000e+02,8.400000e+01,0.0,1.000000e+01,1.623362e-06,-5.797955e-07
1.220000e+02,8.400000e+01,0.0,9.999997e+00,3.004430e-05,-9.934819e-06
1.240000e+02,8.400000e+01,0.0,9.999942e+00,5.411899e-04,-1.777129e-04
1.260000e+02,8.400000e+01,0.0,9.998959e+00,9.654804e-03,-3.146853e-03
1.280000e+02,8.400000e+01,0.0,9.981540e+00,1.704886e-01,-5.542016e-02
1.300000e+02,8.400000e+01,0.0,9.703263e+00,2.516028e+00,-1.065787e+00
1.320000e+02,8.400000e+01,0.0,9.050276e+00,7.730634e+00,-3.686030e+00
1.340000e+02,8.400000e+01,0.0,8.376948e+00,1.237709e+01,-5.981658e+00
1.360000e+02,8.400000e+01,0.0,7.704465e+00,1.637684e+01,-7.689150e+00
1.380000e+02,8.400000e+01,0.0,7.010447e+00,1.976746e+01,-8.564563e+00
1.400000e+02,8.400000e+01,0.0,6.309901e+00,2.245420e+01,-8.948220e+00
1.420000e+02,8.400000e+01,0.0,5.614060e+00,2.427182e+01,-8.959231e+00
1.440000e+02,8.400000e+01,0.0,4.939589e+00,2.520780e+01,-8.745473e+00
1.460000e+02,8.400000e+01,0.0,4.292503e+00,2.533493e+01,-8.452242e+00
1.480000e+02,8.400000e+01,0.0,3.744866e+00,2.478543e+01,-7.369850e+00
1.500000e+02,8.400000e+01,0.0,3.168381e+00,2.370712e+01,-6.303096e+00
1.520000e+02,8.400000e+01,0.0,3.180420e+00,2.369806e+01,-6.494217e+00
1.540000e+02,8.400000e+01,0.0,3.321103e+00,2.380423e+01,-6.706250e+00
1.560000e+02,8.400000e+01,0.0,3.493205e+00,2.372851e+01,-6.800665e+00
1.580000e+02,8.400000e+01,0.0,3.578956e+00,2.323519e+01,-6.472258e+00
1.600000e+02,8.400000e+01,0.0,3.573212e+00,2.216181e+01,-5.813990e+00
1.620000e+02,8.400000e+01,0.0,3.027520e+00,1.628840e+01,-3.593729e+00
1.640000e+02,8.400000e+01,0.0,1.383378e+00,2.545785e+00,-3.313102e-01
1.660000e+02,8.400000e+01,0.0,1.002470e+00,9.222224e-03,-3.777912e-04
1.680000e+02,8.400000e+01,0.0,1.000004e+00,1.358912e-05,-4.063549e-07
1.700000e+02,8.400000e+01,0.0,1.000000e+00,2.505375e-08,-9.156892e-10
1.720000e+02,8.400000e+01,0.0,1.000000e+00,5.392245e-11,-1.854449e-12
1.740000e+02,8.400000e+01,0.0,1.000000e+00,1.032709e-13,-3.564404e-15
1.760000e+02,8.400000e+01,0.0,1.000000e+00,1.798387e-16,0.000000e+00
1.780000e+02,8.400000e+01,0.0,1.000000e+00,0.000000e+00,0.000000e+00
1.800000e+02,8.400000e+01,0.0,1.000000e+00,0.000000e+00,0.000000e+00
1.820000e+02,8.400000e+01,0.0,1.000000e+00,0.000000e+00,0.000000e+00
1.840000e+02,8.400000e+01,0.0,1.000000e+00,0.000000e+00,0.000000e+00
1.860000e+02,8.400000e+01,0.0,1.000000e+00,0.000000e+00,0.000000e+00
1.880000e+02,8.400000e+01,0.0,1.000000e+00,0.000000e+00,0.000000e+00
1.900000e+02,8.400000e+01,0.0,1.000000e+00,0.000000e+00,0.000000e+00
1.920000e+02,8.400000e+01,0.0,1.000000e+00,0.000000e+00,0.000000e+00
1.940000e+02,8.400000e+01,0.0,1.000000e+00,0.000000e+00,0.000000e+00
1.960000e+02,8.400000e+01,0.0,1.000000e+00,0.000000e+00,0.000000e+00
1.980000e+02,8.400000e+01,0.0,1.000000e+00,0.000000e+00,0.000000e+00
2.000000e+02,8.400000e+01,0.0,1.000000e+00,0.000000e+00,0.000000e+00
0.000000e+00,8.600000e+01,0.0,1.000000e+00,0.000000e+00,0.000000e+00
2.000000e+00,8.600000e+01,0.0,1.000000e+00,0.000000e+00,0.000000e+00
4.000000e+00,8.600000e+01,0.0,1.000000e+00,0.000000e+00,0.000000e+00
6.000000e+00,8.600000e+01,0.0,1.000000e+00,0.000000e+00,0.000000e+00
8.000000e+00,8.600000e+01,0.0,1.000000e+00,0.000000e+00,0.000000e+00
1.000000e+01,8.600000e+01,0.0,1.000000e+00,0.000000e+00,0.000000e+00
1.200000e+01,8.600000e+01,0.0,1.000000e+00,0.000000e+00,0.000000e+00
1.400000e+01,8.600000e+01,0.0,1.000000e+00,0.000000e+00,0.000000e+00
1.600000e+01,8.600000e+01,0.0,1.000000e+00,0.000000e+00,0.000000e+00
1.800000e+01,8.600000e+01,0.0,1.000000e+00,0.000000e+00,0.000000e+00
2.000000e+01,8.600000e+01,0.0,1.000000e+00,0.000000e+00,0.000000e+00
2.200000e+01,8.600000e+01,0.0,1.000000e+00,0.000000e+00,0.000000e+00
2.400000e+01,8.600000e+01,0.0,1.000000e+00,-9.483305e-16,1.635539e-17
2.600000e+01,8.600000e+01,0.0,1.000000e+00,-5.138900e-13,-2.096131e-14
2.800000e+01,8.600000e+01,0.0,1.000000e+00,-2.550920e-10,-1.043531e-11
3.000000e+01,8.600000e+01,0.0,1.000000e+00,-1.442564e-07,-5.189010e-09
3.200000e+01,8.600000e+01,0.0,1.000027e+00,-8.418528e-05,-3.122935e-06
3.400000e+01,8.600000e+01,0.0,1.010054e+00,-4.416763e-02,-3.453000e-03
3.600000e+01,8.600000e+01,0.0,1.800180e+00,-5.700969e+00,-1.041182e+00
3.800000e+01,8.600000e+01,0.0,3.387848e+00,-2.029303e+01,-4.551922e+00
4.000000e+01,8.600000e+01,0.0,3.643848e+00,-2.379783e+01,-5.382839e+00
4.200000e+01,8.600000e+01,0.0,3.609450e+00,-2.433439e+01,-5.908371e+00
4.400000e+01,8.600000e+01,0.0,3.511932e+00,-2.439278e+01,-6.537528e+00
4.600000e+01,8.600000e+01,0.0,3.325126e+00,-2.420158e+01,-6.508273e+00
4.800000e+01,8.600000e+01,0.0,3.220854e+00,-2.408285e+01,-6.335629e+00
5.000000e+01,8.600000e+01,0.0,3.236256e+00,-2.421154e+01,-5.824277e+00
5.200000e+01,8.600000e+01,0.0,3.838763e+00,-2.515373e+01,-6.548078e+00
5.400000e+01,8.600000e+01,0.0,4.441414e+00,-2.546686e+01,-7.388785e+00
5.600000e+01,8.600000e+01,0.0,5.101317e+00,-2.509170e+01,-7.564783e+00
5.800000e+01,8.600000e+01,0.0,5.779454e+00,-2.392707e+01,-7.584288e+00
6.000000e+01,8.600000e+01,0.0,6.483064e+00,-2.186296e+01,-7.391577e+00
6.200000e+01,8.600000e+01,0.0,7.215611e+00,-1.886278e+01,-6.975561e+00
6.400000e+01,8.600000e+01,0.0,7.959471e+00,-1.496403e+01,-6.160053e+00
6.600000e+01,8.600000e+01,0.0,8.679988e+00,-1.033972e+01,-4.647727e+00
6.800000e+01,8.600000e+01,0.0,9.371838e+00,-5.207722e+00,-2.369661e+00
7.000000e+01,8.600000e+01,0.0,9.919385e+00,-7.251320e-01,-2.179322e-01
7.200000e+01,8.600000e+01,0.0,9.995814e+00,-3.854051e-02,-1.281855e-02
7.400000e+01,8.600000e+01,0.0,9.999759e+00,-2.222915e-03,-7.178130e-04
7.600000e+01,8.600000e+01,0.0,9.999987e+00,-1.235427e-04,-3.951542e-05
7.800000e+01,8.600000e+01,0.0,9.999999e+00,-6.687964e-06,-2.109550e-06
8.000000e+01,8.600000e+01,0.0,1.000000e+01,-3.482149e-07,-1.094353e-07
8.200000e+01,8.600000e+01,0.0,1.000000e+01,-1.728579e-08,-5.793632e-09
8.400000e+01,8.600000e+01,0.0,1.000000e+01,-8.328343e-10,-3.939893e-10
8.600000e+01,8.600000e+01,0.0,1.000000e+01,-4.257379e-11,-4.257379e-11
8.800000e+01,8.600000e+01,0.0,1.000000e+01,-2.635571e-12,-8.612712e-12
9.000000e+01,8.600000e+01,0.0,1.000000e+01,-2.019351e-13,-4.876469e-12
9.200000e+01,8.600000e+01,0.0,1.000000e+01,-2.301701e-14,-4.509223e-12
9.400000e+01,8.600000e+01,0.0,1.000000e+01,-2.614975e-14,-4.453767e-12
9.600000e+01,8.600000e+01,0.0,1.000000e+01,-1.046221e-13,-4.129449e-12
9.800000e+01,8.600000e+01,0.0,1.000000e+01,-1.370623e-13,-3.499620e-12
1.000000e+02,8.600000e+01,0.0,1.000000e+01,1.359470e-124,-2.903309e-12
1.020000e+02,8.600000e+01,0.0,1.000000e+01,1.370623e-13,-3.499620e-12
1.040000e+02,8.600000e+01,0.0,1.000000e+01,1.046221e-13,-4.129449e-12
1.060000e+02,8.600000e+01,0.0,1.000000e+01,2.614975e-14,-4.453767e-12
1.080000e+02,8.600000e+01,0.0,1.000000e+01,2.301701e-14,-4.509223e-12
1.100000e+02,8.600000e+01,0.0,1.000000e+01,2.019351e-13,-4.876469e-12
1.120000e+02,8.600000e+01,0.0,1.000000e+01,2.635571e-12,-8.612712e-12
1.140000e+02,8.600000e+01,0.0,1.000000e+01,4.257379e-11,-4.257379e-11
1.160000e+02,8.600000e+01,0.0,1.000000e+01,8.328343e-10,-3.939893e-10
1.180000e+02,8.600000e+01,0.0,1.000000e+01,1.728579e-08,-5.793632e-09
1.200000e+02,8.600000e+01,0.0,1.000000e+01,3.482149e-07,-1.094353e-07
1.220000e+02,8.600000e+01,0.0,9.999999e+00,6.687964e-06,-2.109550e-06
1.240000e+02,8.600000e+01,0.0,9.999987e+00,1.235427e-04,-3.951542e-05
1.260000e+02,8.600000e+01,0.0,9.999759e+00,2.222915e-03,-7.178130e-04
1.280000e+02,8.600000e+01,0.0,9.995814e+00,3.854051e-02,-1.281855e-02
1.300000e+02,8.600000e+01,0.0,9.919385e+00,7.251320e-01,-2.179322e-01
1.320000e+02,8.600000e+01,0.0,9.371838e+00,5.207722e+00,-2.369661e+00
1.340000e+02,8.600000e+01,0.0,8.679988e+00,1.033972e+01,-4.647727e+00
1.360000e+02,8.600000e+01,0.0,7.959471e+00,1.496403e+01,-6.160053e+00
1.380000e+02,8.600000e+01,0.0,7.215611e+00,1.886278e+01,-6.975561e+00
1.400000e+02,8.600000e+01,0.0,6.483064e+00,2.186296e+01,-7.391577e+00
1.420000e+02,8.600000e+01,0.0,5.779454e+00,2.392707e+01,-7.584288e+00
1.440000e+02,8.600000e+01,0.0,5.101317e+00,2.509170e+01,-7.564783e+00
1.460000e+02,8.600000e+01,0.0,4.441414e+00,2.546686e+01,-7.388785e+00
1.480000e+02,8.600000e+01,0.0,3.838763e+00,2.515373e+01,-6.548078e+00
1.500000e+02,8.600000e+01,0.0,3.236256e+00,2.421154e+01,-5.824277e+00
1.520000e+02,8.600000e+01,0.0,3.220854e+00,2.408285e+01,-6.335629e+00
1.540000e+02,8.600000e+01,0.0,3.325126e+00,2.420158e+01,-6.508273e+00
1.560000e+02,8.600000e+01,0.0,3.511932e+00,2.439278e+01,-6.537528e+00
1.580000e+02,8.600000e+01,0.0,3.609450e+00,2.433439e+01,-5.908371e+00
1.600000e+02,8.600000e+01,0.0,3.643848e+00,2.379783e+01,-5.382839e+00
1.620000e+02,8.600000e+01,0.0,3.387848e+00,2.029303e+01,-4.551922e+00
1.640000e+02,8.600000e+01,0.0,1.800180e+00,5.700969e+00,-1.041182e+00
1.660000e+02,8.600000e+01,0.0,1.010054e+00,4.416763e-02,-3.453000e-03
1.680000e+02,8.600000e+01,0.0,1.000027e+00,8.418528e-05,-3.122935e-06
1.700000e+02,8.600000e+01,0.0,1.000000e+00,1.442564e-07,-5.189010e-09
1.720000e+02,8.600000e+01,0.0,1.000000e+00,2.550920e-10,-1.043531e-11
1.740000e+02,8.600000e+01,0.0,1.000000e+00,5.138900e-13,-2.096131e-14
1.760000e+02,8.600000e+01,0.0,1.000000e+00,9.483305e-16,1.635539e-17
1.780000e+02,8.600000e+01,0.0,1.000000e+00,0.000000e+00,0.000000e+00
1.800000e+02,8.600000e+01,0.0,1.000000e+00,0.000000e+00,0.000000e+00
1.820000e+02,8.600000e+01,0.0,1.000000e+00,0.000000e+00,0.000000e+00
1.840000e+02,8.600000e+01,0.0,1.000000e+00,0.000000e+00,0.000000e+00
1.860000e+02,8.600000e+01,0.0,1.000000e+00,0.000000e+00,0.000000e+00
1.880000e+02,8.600000e+01,0.0,1.000000e+00,0.000000e+00,0.000000e+00
1.900000e+02,8.600000e+01,0.0,1.000000e+00,0.000000e+00,0.000000e+00
1.920000e+02,8.600000e+01,0.0,1.000000e+00,0.000000e+00,0.000000e+00
1.940000e+02,8.600000e+01,0.0,1.000000e+00,0.000000e+00,0.000000e+00
1.960000e+02,8.600000e+01,0.0,1.000000e+00,0.000000e+00,0.000000e+00
1.980000e+02,8.600000e+01,0.0,1.000000e+00,0.000000e+00,0.000000e+00
2.000000e+02,8.600000e+01,0.0,1.000000e+00,0.000000e+00,0.000000e+00
0.000000e+00,8.800000e+01,0.0,1.000000e+00,0.000000e+00,0.000000e+00
2.000000e+00,8.800000e+01,0.0,1.000000e+00,0.000000e+00,0.000000e+00
4.000000e+00,8.800000e+01,0.0,1.000000e+00,0.000000e+00,0.000000e+00
6.000000e+00,8.800000e+01,0.0,1.000000e+00,0.000000e+00,0.000000e+00
8.000000e+00,8.800000e+01,0.0,1.000000e+00,0.000000e+00,0.000000e+00
1.000000e+01,8.800000e+01,0.0,1.000000e+00,0.000000e+00,0.000000e+00
1.200000e+01,8.800000e+01,0.0,1.000000e+00,0.000000e+00,0.000000e+00
1.400000e+01,8.800000e+01,0.0,1.000000e+00,0.000000e+00,0.000000e+00
1.600000e+01,8.800000e+01,0.0,1.000000e+00,0.000000e+00,0.000000e+00
1.800000e+01,8.800000e+01,0.0,1.000000e+00,0.000000e+00,0.000000e+00
2.000000e+01,8.800000e+01,0.0,1.000000e+00,0.000000e+00,0.000000e+00
2.200000e+01,8.800000e+01,0.0,1.000000e+00,0.000000e+00,0.000000e+00
2.400000e+01,8.800000e+01,0.0,1.000000e+00,-5.853401e-15,-2.452887e-16
2.600000e+01,8.800000e+01,0.0,1.000000e+00,-2.926657e-12,-1.252228e-13
2.800000e+01,8.800000e+01,0.0,1.000000e+00,-1.607662e-09,-6.262245e-11
3.000000e+01,8.800000e+01,0.0,1.000000e+00,-8.846466e-07,-3.556260e-08
3.200000e+01,8.800000e+01,0.0,1.000131e+00,-4.185282e-04,-1.964718e-05
3.400000e+01,8.800000e+01,0.0,1.053681e+00,-2.917808e-01,-3.175481e-02
3.600000e+01,8.800000e+01,0.0,2.398330e+00,-1.084225e+01,-2.134409e+00
3.800000e+01,8.800000e+01,0.0,3.543261e+00,-2.270058e+01,-4.380651e+00
4.000000e+01,8.800000e+01,0.0,3.647891e+00,-2.457552e+01,-4.747184e+00
4.200000e+01,8.800000e+01,0.0,3.613295e+00,-2.480822e+01,-5.606743e+00
4.400000e+01,8.800000e+01,0.0,3.518210e+00,-2.476610e+01,-6.318990e+00
4.600000e+01,8.800000e+01,0.0,3.367002e+00,-2.465579e+01,-6.297445e+00
4.800000e+01,8.800000e+01,0.0,3.311157e+00,-2.475122e+01,-6.099792e+00
5.000000e+01,8.800000e+01,0.0,3.399136e+00,-2.508779e+01,-5.540974e+00
5.200000e+01,8.800000e+01,0.0,3.978232e+00,-2.585450e+01,-5.762199e+00
5.400000e+01,8.800000e+01,0.0,4.602110e+00,-2.594811e+01,-6.442756e+00
5.600000e+01,8.800000e+01,0.0,5.273014e+00,-2.527085e+01,-6.505942e+00
5.800000e+01,8.800000e+01,0.0,5.955826e+00,-2.382233e+01,-6.420328e+00
6.000000e+01,8.800000e+01,0.0,6.660185e+00,-2.146921e+01,-6.066605e+00
6.200000e+01,8.800000e+01,0.0,7.394637e+00,-1.813652e+01,-5.469041e+00
6.400000e+01,8.800000e+01,0.0,8.166751e+00,-1.375489e+01,-4.622504e+00
6.600000e+01,8.800000e+01,0.0,8.944766e+00,-8.514313e+00,-3.262246e+00
6.800000e+01,8.800000e+01,0.0,9.676005e+00,-2.684907e+00,-1.075034e+00
7.000000e+01,8.800000e+01,0.0,9.980556e+00,-1.801450e-01,-4.880797e-02
7.200000e+01,8.800000e+01,0.0,9.998911e+00,-1.011315e-02,-2.661684e-03
7.400000e+01,8.800000e+01,0.0,9.999939e+00,-5.681238e-04,-1.433019e-04
7.600000e+01,8.800000e+01,0.0,9.999997e+00,-3.174478e-05,-7.508353e-06
7.800000e+01,8.800000e+01,0.0,1.000000e+01,-1.720766e-06,-3.791197e-07
8.000000e+01,8.800000e+01,0.0,1.000000e+01,-8.908322e-08,-1.829687e-08
8.200000e+01,8.800000e+01,0.0,1.000000e+01,-4.347486e-09,-8.491534e-10
8.400000e+01,8.800000e+01,0.0,1.000000e+01,-1.987827e-10,-4.127159e-11
8.600000e+01,8.800000e+01,0.0,1.000000e+01,-8.612712e-12,-2.635571e-12
8.800000e+01,8.800000e+01,0.0,1.000000e+01,-3.578329e-13,-3.578329e-13
9.000000e+01,8.800000e+01,0.0,1.000000e+01,-1.046164e-14,-1.872823e-13
9.200000e+01,8.800000e+01,0.0,1.000000e+01,-1.046745e-15,-1.757746e-13
9.400000e+01,8.800000e+01,0.0,1.000000e+01,-2.093490e-15,-1.736811e-13
9.600000e+01,8.800000e+01,0.0,1.000000e+01,-2.093490e-15,-1.579858e-13
9.800000e+01,8.800000e+01,0.0,1.000000e+01,-4.184468e-15,-1.381094e-13
1.000000e+02,8.800000e+01,0.0,1.000000e+01,-3.790810e-143,-1.077664e-13
1.020000e+02,8.800000e+01,0.0,1.000000e+01,4.184468e-15,-1.381094e-13
1.040000e+02,8.800000e+01,0.0,1.000000e+01,2.093490e-15,-1.579858e-13
1.060000e+02,8.800000e+01,0.0,1.000000e+01,2.093490e-15,-1.736811e-13
1.080000e+02,8.800000e+01,0.0,1.000000e+01,1.046745e-15,-1.757746e-13
1.100000e+02,8.800000e+01,0.0,1.000000e+01,1.046164e-14,-1.872823e-13
1.120000e+02,8.800000e+01,0.0,1.000000e+01,3.578329e-13,-3.578329e-13
1.140000e+02,8.800000e+01,0.0,1.000000e+01,8.612712e-12,-2.635571e-12
1.160000e+02,8.800000e+01,0.0,1.000000e+01,1.987827e-10,-4.127159e-11
1.180000e+02,8.800000e+01,0.0,1.000000e+01,4.347486e-09,-8.491534e-10
1.200000e+02,8.800000e+01,0.0,1.000000e+01,8.908322e-08,-1.829687e-08
1.220000e+02,8.800000e+01,0.0,1.000000e+01,1.720766e-06,-3.791197e-07
1.240000e+02,8.800000e+01,0.0,9.999997e+00,3.174478e-05,-7.508353e-06
1.260000e+02,8.800000e+01,0.0,9.999939e+00,5.681238e-04,-1.433019e-04
1.280000e+02,8.800000e+01,0.0,9.998911e+00,1.011315e-02,-2.661684e-03
1.300000e+02,8.800000e+01,0.0,9.980556e+00,1.801450e-01,-4.880797e-02
1.320000e+02,8.800000e+01,0.0,9.676005e+00,2.684907e+00,-1.075034e+00
1.340000e+02,8.800000e+01,0.0,8.944766e+00,8.514313e+00,-3.262246e+00
1.360000e+02,8.800000e+01,0.0,8.166751e+00,1.375489e+01,-4.622504e+00
1.380000e+02,8.800000e+01,0.0,7.394637e+00,1.813652e+01,-5.469041e+00
1.400000e+02,8.800000e+01,0.0,6.660185e+00,2.146921e+01,-6.066605e+00
1.420000e+02,8.800000e+01,0.0,5.955826e+00,2.382233e+01,-6.420328e+00
1.440000e+02,8.800000e+01,0.0,5.273014e+00,2.527085e+01,-6.505942e+00
1.460000e+02,8.800000e+01,0.0,4.602110e+00,2.594811e+01,-6.442756e+00
1.480000e+02,8.800000e+01,0.0,3.978232e+00,2.585450e+01,-5.762199e+00
1.500000e+02,8.800000e+01,0.0,3.399136e+00,2.508779e+01,-5.540974e+00
1.520000e+02,8.800000e+01,0.0,3.311157e+00,2.475122e+01,-6.099792e+00
1.540000e+02,8.800000e+01,0.0,3.367002e+00,2.465579e+01,-6.297445e+00
1.560000e+02,8.800000e+01,0.0,3.518210e+00,2.476610e+01,-6.318990e+00
1.580000e+02,8.800000e+01,0.0,3.613295e+00,2.480822e+01,-5.606743e+00
1.600000e+02,8.800000e+01,0.0,3.647891e+00,2.457552e+01,-4.747184e+00
1.620000e+02,8.800000e+01,0.0,3.543261e+00,2.270058e+01,-4.380651e+00
1.640000e+02,8.800000e+01,0.0,2.398330e+00,1.084225e+01,-2.134409e+00
1.660000e+02,8.800000e+01,0.0,1.053681e+00,2.917808e-01,-3.175481e-02
1.680000e+02,8.800000e+01,0.0,1.000131e+00,4.185282e-04,-1.964718e-05
1.700000e+02,8.800000e+01,0.0,1.000000e+00,8.846466e-07,-3.556260e-08
1.720000e+02,8.800000e+01,0.0,1.000000e+00,1.607662e-09,-6.262245e-11
1.740000e+02,8.800000e+01,0.0,1.000000e+00,2.926657e-12,-1.252228e-13
1.760000e+02,8.800000e+01,0.0,1.000000e+00,5.853401e-15,-2.452887e-16
1.780000e+02,8.800000e+01,0.0,1.000000e+00,0.000000e+00,0.000000e+00
1.800000e+02,8.800000e+01,0.0,1.000000e+00,0.000000e+00,0.000000e+00
1.820000e+02,8.800000e+01,0.0,1.000000e+00,0.000000e+00,0.000000e+00
1.840000e+02,8.800000e+01,0.0,1.000000e+00,0.000000e+00,0.000000e+00
1.860000e+02,8.800000e+01,0.0,1.000000e+00,0.000000e+00,0.000000e+00
1.880000e+02,8.800000e+01,0.0,1.000000e+00,0.000000e+00,0.000000e+00
1.900000e+02,8.800000e+01,0.0,1.000000e+00,0.000000e+00,0.000000e+00
1.920000e+02,8.800000e+01,0.0,1.000000e+00,0.000000e+00,0.000000e+00
1.940000e+02,8.800000e+01,0.0,1.000000e+00,0.000000e+00,0.000000e+00
1.960000e+02,8.800000e+01,0.0,1.000000e+00,0.000000e+00,0.000000e+00
1.980000e+02,8.800000e+01,0.0,1.000000e+00,0.000000e+00,0.000000e+00
2.000000e+02,8.800000e+01,0.0,1.000000e+00,0.000000e+00,0.000000e+00
0.000000e+00,9.000000e+01,0.0,1.000000e+00,0.000000e+00,0.000000e+00
2.000000e+00,9.000000e+01,0.0,1.000000e+00,0.000000e+00,0.000000e+00
4.000000e+00,9.000000e+01,0.0,1.000000e+00,0.000000e+00,0.000000e+00
6.000000e+00,9.000000e+01,0.0,1.000000e+00,0.000000e+00,0.000000e+00
8.000000e+00,9.000000e+01,0.0,1.000000e+00,0.000000e+00,0.000000e+00
1.000000e+01,9.000000e+01,0.0,1.000000e+00,0.000000e+00,0.000000e+00
1.200000e+01,9.000000e+01,0.0,1.000000e+00,0.000000e+00,0.000000e+00
1.400000e+01,9.000000e+01,0.0,1.000000e+00,0.000000e+00,0.000000e+00
1.600000e+01,9.000000e+01,0.0,1.000000e+00,0.000000e+00,0.000000e+00
1.800000e+01,9.000000e+01,0.0,1.000000e+00,0.000000e+00,0.000000e+00
2.000000e+01,9.000000e+01,0.0,1.000000e+00,0.000000e+00,0.000000e+00
2.200000e+01,9.000000e+01,0.0,1.000000e+00,-3.271078e-17,0.000000e+00
2.400000e+01,9.000000e+01,0.0,1.000000e+00,-2.858179e-14,-1.046496e-15
2.600000e+01,9.000000e+01,0.0,1.000000e+00,-1.804618e-11,-7.415259e-13
2.800000e+01,9.000000e+01,0.0,1.000000e+00,-1.047315e-08,-5.139007e-10
3.000000e+01,9.000000e+01,0.0,1.000002e+00,-5.824157e-06,-3.215080e-07
3.200000e+01,9.000000e+01,0.0,1.001359e+00,-4.749719e-03,-2.573755e-04
3.400000e+01,9.000000e+01,0.0,1.306886e+00,-2.051687e+00,-2.471712e-01
3.600000e+01,9.000000e+01,0.0,2.939933e+00,-1.670964e+01,-2.495084e+00
3.800000e+01,9.000000e+01,0.0,3.560949e+00,-2.424260e+01,-3.624061e+00
4.000000e+01,9.000000e+01,0.0,3.553821e+00,-2.474294e+01,-3.938241e+00
4.200000e+01,9.000000e+01,0.0,3.504587e+00,-2.453586e+01,-4.612777e+00
4.400000e+01,9.000000e+01,0.0,3.436245e+00,-2.439529e+01,-5.289191e+00
4.600000e+01,9.000000e+01,0.0,3.418766e+00,-2.486075e+01,-5.617487e+00
4.800000e+01,9.000000e+01,0.0,3.458891e+00,-2.541801e+01,-5.484487e+00
5.000000e+01,9.000000e+01,0.0,3.651807e+00,-2.588364e+01,-4.985783e+00
5.200000e+01,9.000000e+01,0.0,4.121410e+00,-2.648459e+01,-4.945672e+00
5.400000e+01,9.000000e+01,0.0,4.763119e+00,-2.636259e+01,-5.447597e+00
5.600000e+01,9.000000e+01,0.0,5.444888e+00,-2.541902e+01,-5.454019e+00
5.800000e+01,9.000000e+01,0.0,6.133499e+00,-2.369778e+01,-5.339521e+00
6.000000e+01,9.000000e+01,0.0,6.846851e+00,-2.105240e+01,-4.941701e+00
6.200000e+01,9.000000e+01,0.0,7.581030e+00,-1.742648e+01,-4.171509e+00
6.400000e+01,9.000000e+01,0.0,8.362440e+00,-1.263302e+01,-3.151391e+00
6.600000e+01,9.000000e+01,0.0,9.178806e+00,-6.766714e+00,-1.820289e+00
6.800000e+01,9.000000e+01,0.0,9.871794e+00,-1.181664e+00,-1.831698e-01
7.000000e+01,9.000000e+01,0.0,9.993125e+00,-6.526760e-02,-8.704459e-03
7.200000e+01,9.000000e+01,0.0,9.999585e+00,-3.974288e-03,-4.377431e-04
7.400000e+01,9.000000e+01,0.0,9.999974e+00,-2.452943e-04,-2.173546e-05
7.600000e+01,9.000000e+01,0.0,9.999998e+00,-1.483625e-05,-1.070739e-06
7.800000e+01,9.000000e+01,0.0,1.000000e+01,-8.617744e-07,-5.125863e-08
8.000000e+01,9.000000e+01,0.0,1.000000e+01,-4.713906e-08,-2.341302e-09
8.200000e+01,9.000000e+01,0.0,1.000000e+01,-2.398333e-09,-1.012273e-10
8.400000e+01,9.000000e+01,0.0,1.000000e+01,-1.126568e-10,-4.247880e-12
8.600000e+01,9.000000e+01,0.0,1.000000e+01,-4.876469e-12,-2.019351e-13
8.800000e+01,9.000000e+01,0.0,1.000000e+01,-1.872823e-13,-1.046164e-14
9.000000e+01,9.000000e+01,0.0,1.000000e+01,-5.231887e-15,-5.231887e-15
9.200000e+01,9.000000e+01,0.0,1.000000e+01,-1.722910e-47,-5.231887e-15
9.400000e+01,9.000000e+01,0.0,1.000000e+01,-5.819127e-47,-5.231887e-15
9.600000e+01,9.000000e+01,0.0,1.000000e+01,-1.043059e-46,-5.231887e-15
9.800000e+01,9.000000e+01,0.0,1.000000e+01,4.163199e-32,-4.185143e-15
1.000000e+02,9.000000e+01,0.0,1.000000e+01,1.448516e-163,-4.184972e-15
1.020000e+02,9.000000e+01,0.0,1.000000e+01,-4.163199e-32,-4.185143e-15
1.040000e+02,9.000000e+01,0.0,1.000000e+01,1.043059e-46,-5.231887e-15
1.060000e+02,9.000000e+01,0.0,1.000000e+01,5.819127e-47,-5.231887e-15
1.080000e+02,9.000000e+01,0.0,1.000000e+01,1.722910e-47,-5.231887e-15
1.100000e+02,9.000000e+01,0.0,1.000000e+01,5.231887e-15,-5.231887e-15
1.120000e+02,9.000000e+01,0.0,1.000000e+01,1.872823e-13,-1.046164e-14
1.140000e+02,9.000000e+01,0.0,1.000000e+01,4.876469e-12,-2.019351e-13
1.160000e+02,9.000000e+01,0.0,1.000000e+01,1.126568e-10,-4.247880e-12
1.180000e+02,9.000000e+01,0.0,1.000000e+01,2.398333e-09,-1.012273e-10
1.200000e+02,9.000000e+01,0.0,1.000000e+01,4.713906e-08,-2.341302e-09
1.220000e+02,9.000000e+01,0.0,1.000000e+01,8.617744e-07,-5.125863e-08
1.240000e+02,9.000000e+01,0.0,9.999998e+00,1.483625e-05,-1.070739e-06
1.260000e+02,9.000000e+01,0.0,9.999974e+00,2.452943e-04,-2.173546e-05
1.280000e+02,9.000000e+01,0.0,9.999585e+00,3.974288e-03,-4.377431e-04
1.300000e+02,9.000000e+01,0.0,9.993125e+00,6.526760e-02,-8.704459e-03
1.320000e+02,9.000000e+01,0.0,9.871794e+00,1.181664e+00,-1.831698e-01
1.340000e+02,9.000000e+01,0.0,9.178806e+00,6.766714e+00,-1.820289e+00
1.360000e+02,9.000000e+01,0.0,8.362440e+00,1.263302e+01,-3.151391e+00
1.380000e+02,9.000000e+01,0.0,7.581030e+00,1.742648e+01,-4.171509e+00
1.400000e+02,9.000000e+01,0.0,6.846851e+00,2.105240e+01,-4.941701e+00
1.420000e+02,9.000000e+01,0.0,6.133499e+00,2.369778e+01,-5.339521e+00
1.440000e+02,9.000000e+01,0.0,5.444888e+00,2.541902e+01,-5.454019e+00
1.460000e+02,9.000000e+01,0.0,4.763119e+00,2.636259e+01,-5.447597e+00
1.480000e+02,9.000000e+01,0.0,4.121410e+00,2.648459e+01,-4.945672e+00
1.500000e+02,9.000000e+01,0.0,3.651807e+00,2.588364e+01,-4.985783e+00
1.520000e+02,9.000000e+01,0.0,3.458891e+00,2.541801e+01,-5.484487e+00
1.540000e+02,9.000000e+01,0.0,3.418766e+00,2.486075e+01,-5.617487e+00
1.560000e+02,9.000000e+01,0.0,3.436245e+00,2.439529e+01,-5.289191e+00
1.580000e+02,9.000000e+01,0.0,3.504587e+00,2.453586e+01,-4.612777e+00
1.600000e+02,9.000000e+01,0.0,3.553821e+00,2.474294e+01,-3.938241e+00
1.620000e+02,9.000000e+01,0.0,3.560949e+00,2.424260e+01,-3.624061e+00
1.640000e+02,9.000000e+01,0.0,2.939933e+00,1.670964e+01,-2.495084e+00
1.660000e+02,9.000000e+01,0.0,1.306886e+00,2.051687e+00,-2.471712e-01
1.680000e+02,9.000000e+01,0.0,1.001359e+00,4.749719e-03,-2.573755e-04
1.700000e+02,9.000000e+01,0.0,1.000002e+00,5.824157e-06,-3.215080e-07
1.720000e+02,9.000000e+01,0.0,1.000000e+00,1.047315e-08,-5.139007e-10
1.740000e+02,9.000000e+01,0.0,1.000000e+00,1.804618e-11,-7.415259e-13
1.760000e+02,9.000000e+01,0.0,1.000000e+00,2.858179e-14,-1.046496e-15
1.780000e+02,9.000000e+01,0.0,1.000000e+00,3.271078e-17,0.000000e+00
1.800000e+02,9.000000e+01,0.0,1.000000e+00,0.000000e+00,0.000000e+00
1.820000e+02,9.000000e+01,0.0,1.000000e+00,0.000000e+00,0.000000e+00
1.840000e+02,9.000000e+01,0.0,1.000000e+00,0.000000e+00,0.000000e+00
1.860000e+02,9.000000e+01,0.0,1.000000e+00,0.000000e+00,0.000000e+00
1.880000e+02,9.000000e+01,0.0,1.000000e+00,0.000000e+00,0.000000e+00
1.900000e+02,9.000000e+01,0.0,1.000000e+00,0.000000e+00,0.000000e+00
1.920000e+02,9.000000e+01,0.0,1.000000e+00,0.000000e+00,0.000000e+00
1.940000e+02,9.000000e+01,0.0,1.000000e+00,0.000000e+00,0.000000e+00
1.960000e+02,9.000000e+01,0.0,1.000000e+00,0.000000e+00,0.000000e+00
1.980000e+02,9.000000e+01,0.0,1.000000e+00,0.000000e+00,0.000000e+00
2.000000e+02,9.000000e+01,0.0,1.000000e+00,0.000000e+00,0.000000e+00
0.000000e+00,9.200000e+01,0.0,1.000000e+00,0.000000e+00,0.000000e+00
2.000000e+00,9.200000e+01,0.0,1.000000e+00,0.000000e+00,0.000000e+00
4.000000e+00,9.200000e+01,0.0,1.000000e+00,0.000000e+00,0.000000e+00
6.000000e+00,9.200000e+01,0.0,1.000000e+00,0.000000e+00,0.000000e+00
8.000000e+00,9.200000e+01,0.0,1.000000e+00,0.000000e+00,0.000000e+00
1.000000e+01,9.200000e+01,0.0,1.000000e+00,0.000000e+00,0.000000e+00
1.200000e+01,9.200000e+01,0.0,1.000000e+00,0.000000e+00,0.000000e+00
1.400000e+01,9.200000e+01,0.0,1.000000e+00,0.000000e+00,0.000000e+00
1.600000e+01,9.200000e+01,0.0,1.000000e+00,0.000000e+00,0.000000e+00
1.800000e+01,9.200000e+01,0.0,1.000000e+00,0.000000e+00,0.000000e+00
2.000000e+01,9.200000e+01,0.0,1.000000e+00,0.000000e+00,0.000000e+00
2.200000e+01,9.200000e+01,0.0,1.000000e+00,-8.177402e-17,0.000000e+00
2.400000e+01,9.200000e+01,0.0,1.000000e+00,-8.170944e-14,-1.520768e-15
2.600000e+01,9.200000e+01,0.0,1.000000e+00,-5.506736e-11,-1.168358e-12
2.800000e+01,9.200000e+01,0.0,1.000000e+00,-3.670896e-08,-7.584694e-10
3.000000e+01,9.200000e+01,0.0,1.000009e+00,-2.957842e-05,-5.620143e-07
3.200000e+01,9.200000e+01,0.0,1.005365e+00,-2.216041e-02,-7.202536e-04
3.400000e+01,9.200000e+01,0.0,1.590203e+00,-4.409960e+00,-2.731037e-01
3.600000e+01,9.200000e+01,0.0,3.219248e+00,-2.061741e+01,-1.674696e+00
3.800000e+01,9.200000e+01,0.0,3.525560e+00,-2.487158e+01,-2.273621e+00
4.000000e+01,9.200000e+01,0.0,3.470219e+00,-2.476846e+01,-2.658731e+00
4.200000e+01,9.200000e+01,0.0,3.389598e+00,-2.423229e+01,-3.150275e+00
4.400000e+01,9.200000e+01,0.0,3.360281e+00,-2.419661e+01,-3.564792e+00
4.600000e+01,9.200000e+01,0.0,3.448783e+00,-2.508439e+01,-3.850979e+00
4.800000e+01,9.200000e+01,0.0,3.589532e+00,-2.598256e+01,-4.121655e+00
5.000000e+01,9.200000e+01,0.0,3.865498e+00,-2.662991e+01,-4.110510e+00
5.200000e+01,9.200000e+01,0.0,4.272567e+00,-2.703258e+01,-4.016616e+00
5.400000e+01,9.200000e+01,0.0,4.911247e+00,-2.671967e+01,-4.335447e+00
5.600000e+01,9.200000e+01,0.0,5.605949e+00,-2.558650e+01,-4.236919e+00
5.800000e+01,9.200000e+01,0.0,6.310628e+00,-2.358566e+01,-4.105281e+00
6.000000e+01,9.200000e+01,0.0,7.040776e+00,-2.063013e+01,-3.651358e+00
6.200000e+01,9.200000e+01,0.0,7.797231e+00,-1.669004e+01,-2.883238e+00
6.400000e+01,9.200000e+01,0.0,8.577947e+00,-1.163128e+01,-1.743637e+00
6.600000e+01,9.200000e+01,0.0,9.375372e+00,-5.574508e+00,-4.312958e-01
6.800000e+01,9.200000e+01,0.0,9.929296e+00,-6.755301e-01,-1.681946e-02
7.000000e+01,9.200000e+01,0.0,9.995466e+00,-4.439401e-02,-7.684111e-04
7.200000e+01,9.200000e+01,0.0,9.999692e+00,-3.030348e-03,-4.280862e-05
7.400000e+01,9.200000e+01,0.0,9.999980e+00,-1.996681e-04,-2.404345e-06
7.600000e+01,9.200000e+01,0.0,9.999999e+00,-1.265503e-05,-1.280554e-07
7.800000e+01,9.200000e+01,0.0,1.000000e+01,-7.574863e-07,-6.367796e-09
8.000000e+01,9.200000e+01,0.0,1.000000e+01,-4.228542e-08,-2.924160e-10
8.200000e+01,9.200000e+01,0.0,1.000000e+01,-2.183323e-09,-1.227612e-11
8.400000e+01,9.200000e+01,0.0,1.000000e+01,-1.036996e-10,-4.750307e-13
8.600000e+01,9.200000e+01,0.0,1.000000e+01,-4.509223e-12,-2.301701e-14
8.800000e+01,9.200000e+01,0.0,1.000000e+01,-1.757746e-13,-1.046745e-15
9.000000e+01,9.200000e+01,0.0,1.000000e+01,-5.231887e-15,0.000000e+00
9.200000e+01,9.200000e+01,0.0,1.000000e+01,1.235721e-67,0.000000e+00
9.400000e+01,9.200000e+01,0.0,1.000000e+01,1.698078e-66,0.000000e+00
9.600000e+01,9.200000e+01,0.0,1.000000e+01,2.603018e-66,0.000000e+00
9.800000e+01,9.200000e+01,0.0,1.000000e+01,-1.008282e-51,0.000000e+00
1.000000e+02,9.200000e+01,0.0,1.000000e+01,-3.540260e-186,0.000000e+00
1.020000e+02,9.200000e+01,0.0,1.000000e+01,1.008282e-51,0.000000e+00
1.040000e+02,9.200000e+01,0.0,1.000000e+01,-2.603018e-66,0.000000e+00
1.060000e+02,9.200000e+01,0.0,1.000000e+01,-1.698078e-66,0.000000e+00
1.080000e+02,9.200000e+01,0.0,1.000000e+01,-1.235721e-67,0.000000e+00
1.100000e+02,9.200000e+01,0.0,1.000000e+01,5.231887e-15,0.000000e+00
1.120000e+02,9.200000e+01,0.0,1.000000e+01,1.757746e-13,-1.046745e-15
1.140000e+02,9.200000e+01,0.0,1.000000e+01,4.509223e-12,-2.301701e-14
1.160000e+02,9.200000e+01,0.0,1.000000e+01,1.036996e-10,-4.750307e-13
1.180000e+02,9.200000e+01,0.0,1.000000e+01,2.183323e-09,-1.227612e-11
1.200000e+02,9.200000e+01,0.0,1.000000e+01,4.228542e-08,-2.924160e-10
1.220000e+02,9.200000e+01,0.0,1.000000e+01,7.574863e-07,-6.367796e-09
1.240000e+02,9.200000e+01,0.0,9.999999e+00,1.265503e-05,-1.280554e-07
1.260000e+02,9.200000e+01,0.0,9.999980e+00,1.996681e-04,-2.404345e-06
1.280000e+02,9.200000e+01,0.0,9.999692e+00,3.030348e-03,-4.280862e-05
1.300000e+02,9.200000e+01,0.0,9.995466e+00,4.439401e-02,-7.684111e-04
1.320000e+02,9.200000e+01,0.0,9.929296e+00,6.755301e-01,-1.681946e-02
1.340000e+02,9.200000e+01,0.0,9.375372e+00,5.574508e+00,-4.312958e-01
1.360000e+02,9.200000e+01,0.0,8.577947e+00,1.163128e+01,-1.743637e+00
1.380000e+02,9.200000e+01,0.0,7.797231e+00,1.669004e+01,-2.883238e+00
1.400000e+02,9.200000e+01,0.0,7.040776e+00,2.063013e+01,-3.651358e+00
1.420000e+02,9.200000e+01,0.0,6.310628e+00,2.358566e+01,-4.105281e+00
1.440000e+02,9.200000e+01,0.0,5.605949e+00,2.558650e+01,-4.236919e+00
1.460000e+02,9.200000e+01,0.0,4.911247e+00,2.671967e+01,-4.335447e+00
1.480000e+02,9.200000e+01,0.0,4.272567e+00,2.703258e+01,-4.016616e+00
1.500000e+02,9.200000e+01,0.0,3.865498e+00,2.662991e+01,-4.110510e+00
1.520000e+02,9.200000e+01,0.0,3.589532e+00,2.598256e+01,-4.121655e+00
1.540000e+02,9.200000e+01,0.0,3.448783e+00,2.508439e+01,-3.850979e+00
1.560000e+02,9.200000e+01,0.0,3.360281e+00,2.419661e+01,-3.564792e+00
1.580000e+02,9.200000e+01,0.0,3.389598e+00,2.423229e+01,-3.150275e+00
1.600000e+02,9.200000e+01,0.0,3.470219e+00,2.476846e+01,-2.658731e+00
1.620000e+02,9.200000e+01,0.0,3.525560e+00,2.487158e+01,-2.273621e+00
1.640000e+02,9.200000e+01,0.0,3.219248e+00,2.061741e+01,-1.674696e+00
1.660000e+02,9.200000e+01,0.0,1.590203e+00,4.409960e+00,-2.731037e-01
1.680000e+02,9.200000e+01,0.0,1.005365e+00,2.216041e-02,-7.202536e-04
1.700000e+02,9.200000e+01,0.0,1.000009e+00,2.957842e-05,-5.620143e-07
1.720000e+02,9.200000e+01,0.0,1.000000e+00,3.670896e-08,-7.584694e-10
1.740000e+02,9.200000e+01,0.0,1.000000e+00,5.506736e-11,-1.168358e-12
1.760000e+02,9.200000e+01,0.0,1.000000e+00,8.170944e-14,-1.520768e-15
1.780000e+02,9.200000e+01,0.0,1.000000e+00,8.177402e-17,0.000000e+00
1.800000e+02,9.200000e+01,0.0,1.000000e+00,0.000000e+00,0.000000e+00
1.820000e+02,9.200000e+01,0.0,1.000000e+00,0.000000e+00,0.000000e+00
1.840000e+02,9.200000e+01,0.0,1.000000e+00,0.000000e+00,0.000000e+00
1.860000e+02,9.200000e+01,0.0,1.000000e+00,0.000000e+00,0.000000e+00
1.880000e+02,9.200000e+01,0.0,1.000000e+00,0.000000e+00,0.000000e+00
1.900000e+02,9.200000e+01,0.0,1.000000e+00,0.000000e+00,0.000000e+00
1.920000e+02,9.200000e+01,0.0,1.000000e+00,0.000000e+00,0.000000e+00
1.940000e+02,9.200000e+01,0.0,1.000000e+00,0.000000e+00,0.000000e+00
1.960000e+02,9.200000e+01,0.0,1.000000e+00,0.000000e+00,0.000000e+00
1.980000e+02,9.200000e+01,0.0,1.000000e+00,0.000000e+00,0.000000e+00
2.000000e+02,9.200000e+01,0.0,1.000000e+00,0.000000e+00,0.000000e+00
0.000000e+00,9.400000e+01,0.0,1.000000e+00,0.000000e+00,0.000000e+00
2.000000e+00,9.400000e+01,0.0,1.000000e+00,0.000000e+00,0.000000e+00
4.000000e+00,9.400000e+01,0.0,1.000000e+00,0.000000e+00,0.000000e+00
6.000000e+00,9.400000e+01,0.0,1.000000e+00,0.000000e+00,0.000000e+00
8.000000e+00,9.400000e+01,0.0,1.000000e+00,0.000000e+00,0.000000e+00
1.000000e+01,9.400000e+01,0.0,1.000000e+00,0.000000e+00,0.000000e+00
1.200000e+01,9.400000e+01,0.0,1.000000e+00,0.000000e+00,0.000000e+00
1.400000e+01,9.400000e+01,0.0,1.000000e+00,0.000000e+00,0.000000e+00
1.600000e+01,9.400000e+01,0.0,1.000000e+00,0.000000e+00,0.000000e+00
1.800000e+01,9.400000e+01,0.0,1.000000e+00,0.000000e+00,0.000000e+00
2.000000e+01,9.400000e+01,0.0,1.000000e+00,0.000000e+00,0.000000e+00
2.200000e+01,9.400000e+01,0.0,1.000000e+00,-1.798700e-16,0.000000e+00
2.400000e+01,9.400000e+01,0.0,1.000000e+00,-1.361596e-13,-3.433665e-16
2.600000e+01,9.400000e+01,0.0,1.000000e+00,-8.753334e-11,-2.470746e-13
2.800000e+01,9.400000e+01,0.0,1.000000e+00,-6.074568e-08,-1.243588e-10
3.000000e+01,9.400000e+01,0.0,1.000015e+00,-4.768604e-05,-2.378377e-08
3.200000e+01,9.400000e+01,0.0,1.007658e+00,-3.330635e-02,-3.535517e-05
3.400000e+01,9.400000e+01,0.0,1.708411e+00,-5.448410e+00,-2.758726e-02
3.600000e+01,9.400000e+01,0.0,3.344337e+00,-2.202457e+01,-2.347986e-01
3.800000e+01,9.400000e+01,0.0,3.614710e+00,-2.618246e+01,-7.523508e-01
4.000000e+01,9.400000e+01,0.0,3.598455e+00,-2.630076e+01,-1.437416e+00
4.200000e+01,9.400000e+01,0.0,3.516094e+00,-2.551755e+01,-1.789786e+00
4.400000e+01,9.400000e+01,0.0,3.466467e+00,-2.529423e+01,-1.815790e+00
4.600000e+01,9.400000e+01,0.0,3.474652e+00,-2.561180e+01,-2.013028e+00
4.800000e+01,9.400000e+01,0.0,3.658468e+00,-2.650077e+01,-2.495308e+00
5.000000e+01,9.400000e+01,0.0,4.007899e+00,-2.713319e+01,-2.904590e+00
5.200000e+01,9.400000e+01,0.0,4.394353e+00,-2.743014e+01,-2.812506e+00
5.400000e+01,9.400000e+01,0.0,5.062162e+00,-2.696448e+01,-2.922760e+00
5.600000e+01,9.400000e+01,0.0,5.756943e+00,-2.577222e+01,-2.869610e+00
5.800000e+01,9.400000e+01,0.0,6.480024e+00,-2.348017e+01,-2.668631e+00
6.000000e+01,9.400000e+01,0.0,7.225795e+00,-2.027361e+01,-2.196882e+00
6.200000e+01,9.400000e+01,0.0,8.000874e+00,-1.600347e+01,-1.473978e+00
6.400000e+01,9.400000e+01,0.0,8.766287e+00,-1.087590e+01,-5.669967e-01
6.600000e+01,9.400000e+01,0.0,9.454373e+00,-5.147907e+00,-1.096012e-01
6.800000e+01,9.400000e+01,0.0,9.932846e+00,-6.564703e-01,-8.448817e-03
7.000000e+01,9.400000e+01,0.0,9.995612e+00,-4.362623e-02,-5.471118e-04
7.200000e+01,9.400000e+01,0.0,9.999699e+00,-2.992852e-03,-3.690414e-05
7.400000e+01,9.400000e+01,0.0,9.999980e+00,-1.965880e-04,-2.385133e-06
7.600000e+01,9.400000e+01,0.0,9.999999e+00,-1.243343e-05,-1.389945e-07
7.800000e+01,9.400000e+01,0.0,1.000000e+01,-7.442409e-07,-7.349847e-09
8.000000e+01,9.400000e+01,0.0,1.000000e+01,-4.159047e-08,-3.537272e-10
8.200000e+01,9.400000e+01,0.0,1.000000e+01,-2.150792e-09,-1.533838e-11
8.400000e+01,9.400000e+01,0.0,1.000000e+01,-1.023447e-10,-5.974355e-13
8.600000e+01,9.400000e+01,0.0,1.000000e+01,-4.453767e-12,-2.614975e-14
8.800000e+01,9.400000e+01,0.0,1.000000e+01,-1.736811e-13,-2.093490e-15
9.000000e+01,9.400000e+01,0.0,1.000000e+01,-5.231887e-15,0.000000e+00
9.200000e+01,9.400000e+01,0.0,1.000000e+01,0.000000e+00,0.000000e+00
9.400000e+01,9.400000e+01,0.0,1.000000e+01,0.000000e+00,0.000000e+00
9.600000e+01,9.400000e+01,0.0,1.000000e+01,0.000000e+00,0.000000e+00
9.800000e+01,9.400000e+01,0.0,1.000000e+01,0.000000e+00,0.000000e+00
1.000000e+02,9.400000e+01,0.0,1.000000e+01,0.000000e+00,0.000000e+00
1.020000e+02,9.400000e+01,0.0,1.000000e+01,0.000000e+00,0.000000e+00
1.040000e+02,9.400000e+01,0.0,1.000000e+01,0.000000e+00,0.000000e+00
1.060000e+02,9.400000e+01,0.0,1.000000e+01,0.000000e+00,0.000000e+00
1.080000e+02,9.400000e+01,0.0,1.000000e+01,0.000000e+00,0.000000e+00
1.100000e+02,9.400000e+01,0.0,1.000000e+01,5.231887e-15,0.000000e+00
1.120000e+02,9.400000e+01,0.0,1.000000e+01,1.736811e-13,-2.093490e-15
1.140000e+02,9.400000e+01,0.0,1.000000e+01,4.453767e-12,-2.614975e-14
1.160000e+02,9.400000e+01,0.0,1.000000e+01,1.023447e-10,-5.974355e-13
1.180000e+02,9.400000e+01,0.0,1.000000e+01,2.150792e-09,-1.533838e-11
1.200000e+02,9.400000e+01,0.0,1.000000e+01,4.159047e-08,-3.537272e-10
1.220000e+02,9.400000e+01,0.0,1.000000e+01,7.442409e-07,-7.349847e-09
1.240000e+02,9.400000e+01,0.0,9.999999e+00,1.243343e-05,-1.389945e-07
1.260000e+02,9.400000e+01,0.0,9.999980e+00,1.965880e-04,-2.385133e-06
1.280000e+02,9.400000e+01,0.0,9.999699e+00,2.992852e-03,-3.690414e-05
1.300000e+02,9.400000e+01,0.0,9.995612e+00,4.362623e-02,-5.471118e-04
1.320000e+02,9.400000e+01,0.0,9.932846e+00,6.564703e-01,-8.448817e-03
1.340000e+02,9.400000e+01,0.0,9.454373e+00,5.147907e+00,-1.096012e-01
1.360000e+02,9.400000e+01,0.0,8.766287e+00,1.087590e+01,-5.669967e-01
1.380000e+02,9.400000e+01,0.0,8.000874e+00,1.600347e+01,-1.473978e+00
1.400000e+02,9.400000e+01,0.0,7.225795e+00,2.027361e+01,-2.196882e+00
1.420000e+02,9.400000e+01,0.0,6.480024e+00,2.348017e+01,-2.668631e+00
1.440000e+02,9.400000e+01,0.0,5.756943e+00,2.577222e+01,-2.869610e+00
1.460000e+02,9.400000e+01,0.0,5.062162e+00,2.696448e+01,-2.922760e+00
1.480000e+02,9.400000e+01,0.0,4.394353e+00,2.743014e+01,-2.812506e+00
1.500000e+02,9.400000e+01,0.0,4.007899e+00,2.713319e+01,-2.904590e+00
1.520000e+02,9.400000e+01,0.0,3.658468e+00,2.650077e+01,-2.495308e+00
1.540000e+02,9.400000e+01,0.0,3.474652e+00,2.561180e+01,-2.013028e+00
1.560000e+02,9.400000e+01,0.0,3.466467e+00,2.529423e+01,-1.815790e+00
1.580000e+02,9.400000e+01,0.0,3.516094e+00,2.551755e+01,-1.789786e+00
1.600000e+02,9.400000e+01,0.0,3.598455e+00,2.630076e+01,-1.437416e+00
1.620000e+02,9.400000e+01,0.0,3.614710e+00,2.618246e+01,-7.523508e-01
1.640000e+02,9.400000e+01,0.0,3.344337e+00,2.202457e+01,-2.347986e-01
1.660000e+02,9.400000e+01,0.0,1.708411e+00,5.448410e+00,-2.758726e-02
1.680000e+02,9.400000e+01,0.0,1.007658e+00,3.330635e-02,-3.535517e-05
1.700000e+02,9.400000e+01,0.0,1.000015e+00,4.768604e-05,-2.378377e-08
1.720000e+02,9.400000e+01,0.0,1.000000e+00,6.074568e-08,-1.243588e-10
1.740000e+02,9.400000e+01,0.0,1.000000e+00,8.753334e-11,-2.470746e-13
1.760000e+02,9.400000e+01,0.0,1.000000e+00,1.361596e-13,-3.433665e-16
1.780000e+02,9.400000e+01,0.0,1.000000e+00,1.798700e-16,0.000000e+00
1.800000e+02,9.400000e+01,0.0,1.000000e+00,0.000000e+00,0.000000e+00
1.820000e+02,9.400000e+01,0.0,1.000000e+00,0.000000e+00,0.000000e+00
1.840000e+02,9.400000e+01,0.0,1.000000e+00,0.000000e+00,0.000000e+00
1.860000e+02,9.400000e+01,0.0,1.000000e+00,0.000000e+00,0.000000e+00
1.880000e+02,9.400000e+01,0.0,1.000000e+00,0.000000e+00,0.000000e+00
1.900000e+02,9.400000e+01,0.0,1.000000e+00,0.000000e+00,0.000000e+00
1.920000e+02,9.400000e+01,0.0,1.000000e+00,0.000000e+00,0.000000e+00
1.940000e+02,9.400000e+01,0.0,1.000000e+00,0.000000e+00,0.000000e+00
1.960000e+02,9.400000e+01,0.0,1.000000e+00,0.000000e+00,0.000000e+00
1.980000e+02,9.400000e+01,0.0,1.000000e+00,0.000000e+00,0.000000e+00
2.000000e+02,9.400000e+01,0.0,1.000000e+00,0.000000e+00,0.000000e+00
0.000000e+00,9.600000e+01,0.0,1.000000e+00,0.000000e+00,0.000000e+00
2.000000e+00,9.600000e+01,0.0,1.000000e+00,0.000000e+00,0.000000e+00
4.000000e+00,9.600000e+01,0.0,1.000000e+00,0.000000e+00,0.000000e+00
6.000000e+00,9.600000e+01,0.0,1.000000e+00,0.000000e+00,0.000000e+00
8.000000e+00,9.600000e+01,0.0,1.000000e+00,0.000000e+00,0.000000e+00
1.000000e+01,9.600000e+01,0.0,1.000000e+00,0.000000e+00,0.000000e+00
1.200000e+01,9.600000e+01,0.0,1.000000e+00,0.000000e+00,0.000000e+00
1.400000e+01,9.600000e+01,0.0,1.000000e+00,0.000000e+00,0.000000e+00
1.600000e+01,9.600000e+01,0.0,1.000000e+00,0.000000e+00,0.000000e+00
1.800000e+01,9.600000e+01,0.0,1.000000e+00,0.000000e+00,0.000000e+00
2.000000e+01,9.600000e+01,0.0,1.000000e+00,0.000000e+00,0.000000e+00
2.200000e+01,9.600000e+01,0.0,1.000000e+00,-1.798700e-16,0.000000e+00
2.400000e+01,9.600000e+01,0.0,1.000000e+00,-1.177613e-13,1.340883e-15
2.600000e+01,9.600000e+01,0.0,1.000000e+00,-6.977612e-11,1.218808e-12
2.800000e+01,9.600000e+01,0.0,1.000000e+00,-3.937156e-08,8.774916e-10
3.000000e+01,9.600000e+01,0.0,1.000009e+00,-2.684880e-05,6.469900e-07
3.200000e+01,9.600000e+01,0.0,1.004818e+00,-1.960464e-02,7.688800e-04
3.400000e+01,9.600000e+01,0.0,1.544074e+00,-4.065745e+00,2.821576e-01
3.600000e+01,9.600000e+01,0.0,3.240840e+00,-2.113224e+01,1.042174e+00
3.800000e+01,9.600000e+01,0.0,3.721570e+00,-2.720259e+01,-7.537284e-02
4.000000e+01,9.600000e+01,0.0,3.759709e+00,-2.762506e+01,-8.764045e-01
4.200000e+01,9.600000e+01,0.0,3.740114e+00,-2.736690e+01,-8.746513e-01
4.400000e+01,9.600000e+01,0.0,3.672445e+00,-2.713251e+01,-5.159370e-01
4.600000e+01,9.600000e+01,0.0,3.638373e+00,-2.714166e+01,-4.665362e-01
4.800000e+01,9.600000e+01,0.0,3.707802e+00,-2.731330e+01,-9.112276e-01
5.000000e+01,9.600000e+01,0.0,4.105504e+00,-2.783280e+01,-1.542534e+00
5.200000e+01,9.600000e+01,0.0,4.506293e+00,-2.804676e+01,-1.714834e+00
5.400000e+01,9.600000e+01,0.0,5.207477e+00,-2.730585e+01,-1.492460e+00
5.600000e+01,9.600000e+01,0.0,5.909631e+00,-2.595351e+01,-1.491038e+00
5.800000e+01,9.600000e+01,0.0,6.642723e+00,-2.347356e+01,-1.113506e+00
6.000000e+01,9.600000e+01,0.0,7.392151e+00,-2.002868e+01,-7.052099e-01
6.200000e+01,9.600000e+01,0.0,8.133339e+00,-1.566411e+01,-3.860381e-01
6.400000e+01,9.600000e+01,0.0,8.821990e+00,-1.056972e+01,-2.475186e-01
6.600000e+01,9.600000e+01,0.0,9.472775e+00,-4.988667e+00,-1.378703e-01
6.800000e+01,9.600000e+01,0.0,9.936314e+00,-6.220111e-01,-1.623863e-02
7.000000e+01,9.600000e+01,0.0,9.995910e+00,-4.061624e-02,-1.326284e-03
7.200000e+01,9.600000e+01,0.0,9.999721e+00,-2.768198e-03,-9.185965e-05
7.400000e+01,9.600000e+01,0.0,9.999982e+00,-1.816487e-04,-5.994671e-06
7.600000e+01,9.600000e+01,0.0,9.999999e+00,-1.148954e-05,-3.726137e-07
7.800000e+01,9.600000e+01,0.0,1.000000e+01,-6.878704e-07,-2.155766e-08
8.000000e+01,9.600000e+01,0.0,1.000000e+01,-3.845619e-08,-1.151821e-09
8.200000e+01,9.600000e+01,0.0,1.000000e+01,-1.990048e-09,-5.695061e-11
8.400000e+01,9.600000e+01,0.0,1.000000e+01,-9.479209e-11,-2.566356e-12
8.600000e+01,9.600000e+01,0.0,1.000000e+01,-4.129449e-12,-1.046221e-13
8.800000e+01,9.600000e+01,0.0,1.000000e+01,-1.579858e-13,-2.093490e-15
9.000000e+01,9.600000e+01,0.0,1.000000e+01,-5.231887e-15,0.000000e+00
9.200000e+01,9.600000e+01,0.0,1.000000e+01,0.000000e+00,0.000000e+00
9.400000e+01,9.600000e+01,0.0,1.000000e+01,0.000000e+00,0.000000e+00
9.600000e+01,9.600000e+01,0.0,1.000000e+01,0.000000e+00,0.000000e+00
9.800000e+01,9.600000e+01,0.0,1.000000e+01,0.000000e+00,0.000000e+00
1.000000e+02,9.600000e+01,0.0,1.000000e+01,0.000000e+00,0.000000e+00
1.020000e+02,9.600000e+01,0.0,1.000000e+01,0.000000e+00,0.000000e+00
1.040000e+02,9.600000e+01,0.0,1.000000e+01,0.000000e+00,0.000000e+00
1.060000e+02,9.600000e+01,0.0,1.000000e+01,0.000000e+00,0.000000e+00
1.080000e+02,9.600000e+01,0.0,1.000000e+01,0.000000e+00,0.000000e+00
1.100000e+02,9.600000e+01,0.0,1.000000e+01,5.231887e-15,0.000000e+00
1.120000e+02,9.600000e+01,0.0,1.000000e+01,1.579858e-13,-2.093490e-15
1.140000e+02,9.600000e+01,0.0,1.000000e+01,4.129449e-12,-1.046221e-13
1.160000e+02,9.600000e+01,0.0,1.000000e+01,9.479209e-11,-2.566356e-12
1.180000e+02,9.600000e+01,0.0,1.000000e+01,1.990048e-09,-5.695061e-11
1.200000e+02,9.600000e+01,0.0,1.000000e+01,3.845619e-08,-1.151821e-09
1.220000e+02,9.600000e+01,0.0,1.000000e+01,6.878704e-07,-2.155766e-08
1.240000e+02,9.600000e+01,0.0,9.999999e+00,1.148954e-05,-3.726137e-07
1.260000e+02,9.600000e+01,0.0,9.999982e+00,1.816487e-04,-5.994671e-06
1.280000e+02,9.600000e+01,0.0,9.999721e+00,2.768198e-03,-9.185965e-05
1.300000e+02,9.600000e+01,0.0,9.995910e+00,4.061624e-02,-1.326284e-03
1.320000e+02,9.600000e+01,0.0,9.936314e+00,6.220111e-01,-1.623863e-02
1.340000e+02,9.600000e+01,0.0,9.472775e+00,4.988667e+00,-1.378703e-01
1.360000e+02,9.600000e+01,0.0,8.821990e+00,1.056972e+01,-2.475186e-01
1.380000e+02,9.600000e+01,0.0,8.133339e+00,1.566411e+01,-3.860381e-01
1.400000e+02,9.600000e+01,0.0,7.392151e+00,2.002868e+01,-7.052099e-01
1.420000e+02,9.600000e+01,0.0,6.642723e+00,2.347356e+01,-1.113506e+00
1.440000e+02,9.600000e+01,0.0,5.909631e+00,2.595351e+01,-1.491038e+00
1.460000e+02,9.600000e+01,0.0,5.207477e+00,2.730585e+01,-1.492460e+00
1.480000e+02,9.600000e+01,0.0,4.506293e+00,2.804676e+01,-1.714834e+00
1.500000e+02,9.600000e+01,0.0,4.105504e+00,2.783280e+01,-1.542534e+00
1.520000e+02,9.600000e+01,0.0,3.707802e+00,2.731330e+01,-9.112276e-01
1.540000e+02,9.600000e+01,0.0,3.638373e+00,2.714166e+01,-4.665362e-01
1.560000e+02,9.600000e+01,0.0,3.672445e+00,2.713251e+01,-5.159370e-01
1.580000e+02,9.600000e+01,0.0,3.740114e+00,2.736690e+01,-8.746513e-01
1.600000e+02,9.600000e+01,0.0,3.759709e+00,2.762506e+01,-8.764045e-01
1.620000e+02,9.600000e+01,0.0,3.721570e+00,2.720259e+01,-7.537284e-02
1.640000e+02,9.600000e+01,0.0,3.240840e+00,2.113224e+01,1.042174e+00
1.660000e+02,9.600000e+01,0.0,1.544074e+00,4.065745e+00,2.821576e-01
1.680000e+02,9.600000e+01,0.0,1.004818e+00,1.960464e-02,7.688800e-04
1.700000e+02,9.600000e+01,0.0,1.000009e+00,2.684880e-05,6.469900e-07
1.720000e+02,9.600000e+01,0.0,1.000000e+00,3.937156e-08,8.774916e-10
1.740000e+02,9.600000e+01,0.0,1.000000e+00,6.977612e-11,1.218808e-12
1.760000e+02,9.600000e+01,0.0,1.000000e+00,1.177613e-13,1.340883e-15
1.780000e+02,9.600000e+01,0.0,1.000000e+00,1.798700e-16,0.000000e+00
1.800000e+02,9.600000e+01,0.0,1.000000e+00,0.000000e+00,0.000000e+00
1.820000e+02,9.600000e+01,0.0,1.000000e+00,0.000000e+00,0.000000e+00
1.840000e+02,9.600000e+01,0.0,1.000000e+00,0.000000e+00,0.000000e+00
1.860000e+02,9.600000e+01,0.0,1.000000e+00,0.000000e+00,0.000000e+00
1.880000e+02,9.600000e+01,0.0,1.000000e+00,0.000000e+00,0.000000e+00
1.900000e+02,9.600000e+01,0.0,1.000000e+00,0.000000e+00,0.000000e+00
1.920000e+02,9.600000e+01,0.0,1.000000e+00,0.000000e+00,0.000000e+00
1.940000e+02,9.600000e+01,0.0,1.000000e+00,0.000000e+00,0.000000e+00
1.960000e+02,9.600000e+01,0.0,1.000000e+00,0.000000e+00,0.000000e+00
1.980000e+02,9.600000e+01,0.0,1.000000e+00,0.000000e+00,0.000000e+00
2.000000e+02,9.600000e+01,0.0,1.000000e+00,0.000000e+00,0.000000e+00
0.000000e+00,9.800000e+01,0.0,1.000000e+00,0.000000e+00,0.000000e+00
2.000000e+00,9.800000e+01,0.0,1.000000e+00,0.000000e+00,0.000000e+00
4.000000e+00,9.800000e+01,0.0,1.000000e+00,0.000000e+00,0.000000e+00
6.000000e+00,9.800000e+01,0.0,1.000000e+00,0.000000e+00,0.000000e+00
8.000000e+00,9.800000e+01,0.0,1.000000e+00,0.000000e+00,0.000000e+00
1.000000e+01,9.800000e+01,0.0,1.000000e+00,0.000000e+00,0.000000e+00
1.200000e+01,9.800000e+01,0.0,1.000000e+00,0.000000e+00,0.000000e+00
1.400000e+01,9.800000e+01,0.0,1.000000e+00,0.000000e+00,0.000000e+00
1.600000e+01,9.800000e+01,0.0,1.000000e+00,0.000000e+00,0.000000e+00
1.800000e+01,9.800000e+01,0.0,1.000000e+00,0.000000e+00,0.000000e+00
2.000000e+01,9.800000e+01,0.0,1.000000e+00,0.000000e+00,0.000000e+00
2.200000e+01,9.800000e+01,0.0,1.000000e+00,-4.905562e-17,0.000000e+00
2.400000e+01,9.800000e+01,0.0,1.000000e+00,-2.686439e-14,1.046475e-15
2.600000e+01,9.800000e+01,0.0,1.000000e+00,-1.564862e-11,5.949418e-13
2.800000e+01,9.800000e+01,0.0,1.000000e+00,-8.791110e-09,3.073459e-10
3.000000e+01,9.800000e+01,0.0,1.000001e+00,-4.261748e-06,1.402493e-07
3.200000e+01,9.800000e+01,0.0,1.000915e+00,-3.024946e-03,1.115269e-04
3.400000e+01,9.800000e+01,0.0,1.264684e+00,-1.730909e+00,1.188769e-01
3.600000e+01,9.800000e+01,0.0,3.025841e+00,-1.689448e+01,7.757878e-01
3.800000e+01,9.800000e+01,0.0,3.917522e+00,-2.652165e+01,1.814467e-01
4.000000e+01,9.800000e+01,0.0,3.993870e+00,-2.794107e+01,-2.336062e-01
4.200000e+01,9.800000e+01,0.0,3.966065e+00,-2.838173e+01,-3.109496e-02
4.400000e+01,9.800000e+01,0.0,3.887381e+00,-2.846929e+01,2.622741e-01
4.600000e+01,9.800000e+01,0.0,3.767054e+00,-2.820361e+01,3.315055e-01
4.800000e+01,9.800000e+01,0.0,3.731950e+00,-2.785328e+01,-1.308004e-01
5.000000e+01,9.800000e+01,0.0,4.166933e+00,-2.832420e+01,-6.158701e-01
5.200000e+01,9.800000e+01,0.0,4.637183e+00,-2.852176e+01,-8.015751e-01
5.400000e+01,9.800000e+01,0.0,5.332933e+00,-2.791434e+01,-4.187952e-01
5.600000e+01,9.800000e+01,0.0,6.031502e+00,-2.616163e+01,-4.151662e-01
5.800000e+01,9.800000e+01,0.0,6.730220e+00,-2.359808e+01,-1.968936e-01
6.000000e+01,9.800000e+01,0.0,7.431442e+00,-2.004209e+01,-1.170537e-01
6.200000e+01,9.800000e+01,0.0,8.129077e+00,-1.563108e+01,-1.483909e-01
6.400000e+01,9.800000e+01,0.0,8.821282e+00,-1.049750e+01,-1.800086e-01
6.600000e+01,9.800000e+01,0.0,9.483289e+00,-4.829418e+00,-1.344912e-01
6.800000e+01,9.800000e+01,0.0,9.942754e+00,-5.553172e-01,-1.575446e-02
7.000000e+01,9.800000e+01,0.0,9.996304e+00,-3.641246e-02,-1.265778e-03
7.200000e+01,9.800000e+01,0.0,9.999752e+00,-2.444227e-03,-8.983321e-05
7.400000e+01,9.800000e+01,0.0,9.999984e+00,-1.592940e-04,-6.147253e-06
7.600000e+01,9.800000e+01,0.0,9.999999e+00,-1.001572e-05,-4.002547e-07
7.800000e+01,9.800000e+01,0.0,1.000000e+01,-5.959008e-07,-2.440381e-08
8.000000e+01,9.800000e+01,0.0,1.000000e+01,-3.311502e-08,-1.373695e-09
8.200000e+01,9.800000e+01,0.0,1.000000e+01,-1.703775e-09,-7.059961e-11
8.400000e+01,9.800000e+01,0.0,1.000000e+01,-8.070119e-11,-3.320564e-12
8.600000e+01,9.800000e+01,0.0,1.000000e+01,-3.499620e-12,-1.370623e-13
8.800000e+01,9.800000e+01,0.0,1.000000e+01,-1.381094e-13,-4.184468e-15
9.000000e+01,9.800000e+01,0.0,1.000000e+01,-4.185143e-15,0.000000e+00
9.200000e+01,9.800000e+01,0.0,1.000000e+01,0.000000e+00,0.000000e+00
9.400000e+01,9.800000e+01,0.0,1.000000e+01,0.000000e+00,0.000000e+00
9.600000e+01,9.800000e+01,0.0,1.000000e+01,0.000000e+00,0.000000e+00
9.800000e+01,9.800000e+01,0.0,1.000000e+01,0.000000e+00,0.000000e+00
1.000000e+02,9.800000e+01,0.0,1.000000e+01,0.000000e+00,0.000000e+00
1.020000e+02,9.800000e+01,0.0,1.000000e+01,0.000000e+00,0.000000e+00
1.040000e+02,9.800000e+01,0.0,1.000000e+01,0.000000e+00,0.000000e+00
1.060000e+02,9.800000e+01,0.0,1.000000e+01,0.000000e+00,0.000000e+00
1.080000e+02,9.800000e+01,0.0,1.000000e+01,0.000000e+00,0.000000e+00
1.100000e+02,9.800000e+01,0.0,1.000000e+01,4.185143e-15,0.000000e+00
1.120000e+02,9.800000e+01,0.0,1.000000e+01,1.381094e-13,-4.184468e-15
1.140000e+02,9.800000e+01,0.0,1.000000e+01,3.499620e-12,-1.370623e-13
1.160000e+02,9.800000e+01,0.0,1.000000e+01,8.070119e-11,-3.320564e-12
1.180000e+02,9.800000e+01,0.0,1.000000e+01,1.703775e-09,-7.059961e-11
1.200000e+02,9.800000e+01,0.0,1.000000e+01,3.311502e-08,-1.373695e-09
1.220000e+02,9.800000e+01,0.0,1.000000e+01,5.959008e-07,-2.440381e-08
1.240000e+02,9.800000e+01,0.0,9.999999e+00,1.001572e-05,-4.002547e-07
1.260000e+02,9.800000e+01,0.0,9.999984e+00,1.592940e-04,-6.147253e-06
1.280000e+02,9.800000e+01,0.0,9.999752e+00,2.444227e-03,-8.983321e-05
1.300000e+02,9.800000e+01,0.0,9.996304e+00,3.641246e-02,-1.265778e-03
1.320000e+02,9.800000e+01,0.0,9.942754e+00,5.553172e-01,-1.575446e-02
1.340000e+02,9.800000e+01,0.0,9.483289e+00,4.829418e+00,-1.344912e-01
1.360000e+02,9.800000e+01,0.0,8.821282e+00,1.049750e+01,-1.800086e-01
1.380000e+02,9.800000e+01,0.0,8.129077e+00,1.563108e+01,-1.483909e-01
1.400000e+02,9.800000e+01,0.0,7.431442e+00,2.004209e+01,-1.170537e-01
1.420000e+02,9.800000e+01,0.0,6.730220e+00,2.359808e+01,-1.968936e-01
1.440000e+02,9.800000e+01,0.0,6.031502e+00,2.616163e+01,-4.151662e-01
1.460000e+02,9.800000e+01,0.0,5.332933e+00,2.791434e+01,-4.187952e-01
1.480000e+02,9.800000e+01,0.0,4.637183e+00,2.852176e+01,-8.015751e-01
1.500000e+02,9.800000e+01,0.0,4.166933e+00,2.832420e+01,-6.158701e-01
1.520000e+02,9.800000e+01,0.0,3.731950e+00,2.785328e+01,-1.308004e-01
1.540000e+02,9.800000e+01,0.0,3.767054e+00,2.820361e+01,3.315055e-01
1.560000e+02,9.800000e+01,0.0,3.887381e+00,2.846929e+01,2.622741e-01
1.580000e+02,9.800000e+01,0.0,3.966065e+00,2.838173e+01,-3.109496e-02
1.600000e+02,9.800000e+01,0.0,3.993870e+00,2.794107e+01,-2.336062e-01
1.620000e+02,9.800000e+01,0.0,3.917522e+00,2.652165e+01,1.814467e-01
1.640000e+02,9.800000e+01,0.0,3.025841e+00,1.689448e+01,7.757878e-01
1.660000e+02,9.800000e+01,0.0,1.264684e+00,1.730909e+00,1.188769e-01
1.680000e+02,9.800000e+01,0.0,1.000915e+00,3.024946e-03,1.115269e-04
1.700000e+02,9.800000e+01,0.0,1.000001e+00,4.261748e-06,1.402493e-07
1.720000e+02,9.800000e+01,0.0,1.000000e+00,8.791110e-09,3.073459e-10
1.740000e+02,9.800000e+01,0.0,1.000000e+00,1.564862e-11,5.949418e-13
1.760000e+02,9.800000e+01,0.0,1.000000e+00,2.686439e-14,1.046475e-15
1.780000e+02,9.800000e+01,0.0,1.000000e+00,4.905562e-17,0.000000e+00
1.800000e+02,9.800000e+01,0.0,1.000000e+00,0.000000e+00,0.000000e+00
1.820000e+02,9.800000e+01,0.0,1.000000e+00,0.000000e+00,0.000000e+00
1.840000e+02,9.800000e+01,0.0,1.000000e+00,0.000000e+00,0.000000e+00
1.860000e+02,9.800000e+01,0.0,1.000000e+00,0.000000e+00,0.000000e+00
1.880000e+02,9.800000e+01,0.0,1.000000e+00,0.000000e+00,0.000000e+00
1.900000e+02,9.800000e+01,0.0,1.000000e+00,0.000000e+00,0.000000e+00
1.920000e+02,9.800000e+01,0.0,1.000000e+00,0.000000e+00,0.000000e+00
1.940000e+02,9.800000e+01,0.0,1.000000e+00,0.000000e+00,0.000000e+00
1.960000e+02,9.800000e+01,0.0,1.000000e+00,0.000000e+00,0.000000e+00
1.980000e+02,9.800000e+01,0.0,1.000000e+00,0.000000e+00,0.000000e+00
2.000000e+02,9.800000e+01,0.0,1.000000e+00,0.000000e+00,0.000000e+00
0.000000e+00,1.000000e+02,0.0,1.000000e+00,0.000000e+00,0.000000e+00
2.000000e+00,1.000000e+02,0.0,1.000000e+00,0.000000e+00,0.000000e+00
4.000000e+00,1.000000e+02,0.0,1.000000e+00,0.000000e+00,0.000000e+00
6.000000e+00,1.000000e+02,0.0,1.000000e+00,0.000000e+00,0.000000e+00
8.000000e+00,1.000000e+02,0.0,1.000000e+00,0.000000e+00,0.000000e+00
1.000000e+01,1.000000e+02,0.0,1.000000e+00,0.000000e+00,0.000000e+00
1.200000e+01,1.000000e+02,0.0,1.000000e+00,0.000000e+00,0.000000e+00
1.400000e+01,1.000000e+02,0.0,1.000000e+00,0.000000e+00,0.000000e+00
1.600000e+01,1.000000e+02,0.0,1.000000e+00,0.000000e+00,0.000000e+00
1.800000e+01,1.000000e+02,0.0,1.000000e+00,0.000000e+00,0.000000e+00
2.000000e+01,1.000000e+02,0.0,1.000000e+00,0.000000e+00,0.000000e+00
2.200000e+01,1.000000e+02,0.0,1.000000e+00,-4.905562e-17,0.000000e+00
2.400000e+01,1.000000e+02,0.0,1.000000e+00,-2.985635e-14,0.000000e+00
2.600000e+01,1.000000e+02,0.0,1.000000e+00,-1.749059e-11,0.000000e+00
2.800000e+01,1.000000e+02,0.0,1.000000e+00,-9.935381e-09,0.000000e+00
3.000000e+01,1.000000e+02,0.0,1.000002e+00,-4.869488e-06,0.000000e+00
3.200000e+01,1.000000e+02,0.0,1.001062e+00,-3.708630e-03,0.000000e+00
3.400000e+01,1.000000e+02,0.0,1.282892e+00,-1.974375e+00,-1.634485e-17
3.600000e+01,1.000000e+02,0.0,3.048561e+00,-1.796152e+01,1.631304e-17
3.800000e+01,1.000000e+02,0.0,3.917839e+00,-2.744510e+01,3.106344e-16
4.000000e+01,1.000000e+02,0.0,3.985043e+00,-2.844789e+01,1.799523e-15
4.200000e+01,1.000000e+02,0.0,3.972457e+00,-2.861897e+01,-7.126716e-16
4.400000e+01,1.000000e+02,0.0,3.919410e+00,-2.853856e+01,1.723778e-16
4.600000e+01,1.000000e+02,0.0,3.780028e+00,-2.787124e+01,4.425944e-16
4.800000e+01,1.000000e+02,0.0,3.720896e+00,-2.747657e+01,-4.068053e-15
5.000000e+01,1.000000e+02,0.0,4.193185e+00,-2.801963e+01,-4.945261e-15
5.200000e+01,1.000000e+02,0.0,4.695913e+00,-2.828221e+01,7.942445e-16
5.400000e+01,1.000000e+02,0.0,5.381130e+00,-2.773714e+01,5.226484e-16
5.600000e+01,1.000000e+02,0.0,6.075504e+00,-2.594813e+01,2.613257e-15
5.800000e+01,1.000000e+02,0.0,6.746340e+00,-2.338942e+01,-2.083919e-15
6.000000e+01,1.000000e+02,0.0,7.435830e+00,-1.988734e+01,3.136595e-15
6.200000e+01,1.000000e+02,0.0,8.121852e+00,-1.554778e+01,-7.325999e-15
6.400000e+01,1.000000e+02,0.0,8.815792e+00,-1.040328e+01,-5.232793e-15
6.600000e+01,1.000000e+02,0.0,9.493916e+00,-4.681266e+00,-1.046745e-15
6.800000e+01,1.000000e+02,0.0,9.948234e+00,-4.967894e-01,0.000000e+00
7.000000e+01,1.000000e+02,0.0,9.996579e+00,-3.328802e-02,0.000000e+00
7.200000e+01,1.000000e+02,0.0,9.999773e+00,-2.204831e-03,0.000000e+00
7.400000e+01,1.000000e+02,0.0,9.999985e+00,-1.422612e-04,0.000000e+00
7.600000e+01,1.000000e+02,0.0,9.999999e+00,-8.854108e-06,0.000000e+00
7.800000e+01,1.000000e+02,0.0,1.000000e+01,-5.210833e-07,0.000000e+00
8.000000e+01,1.000000e+02,0.0,1.000000e+01,-2.861802e-08,0.000000e+00
8.200000e+01,1.000000e+02,0.0,1.000000e+01,-1.453745e-09,0.000000e+00
8.400000e+01,1.000000e+02,0.0,1.000000e+01,-6.790600e-11,0.000000e+00
8.600000e+01,1.000000e+02,0.0,1.000000e+01,-2.903309e-12,0.000000e+00
8.800000e+01,1.000000e+02,0.0,1.000000e+01,-1.077664e-13,0.000000e+00
9.000000e+01,1.000000e+02,0.0,1.000000e+01,-4.184972e-15,0.000000e+00
9.200000e+01,1.000000e+02,0.0,1.000000e+01,0.000000e+00,0.000000e+00
9.400000e+01,1.000000e+02,0.0,1.000000e+01,0.000000e+00,0.000000e+00
9.600000e+01,1.000000e+02,0.0,1.000000e+01,0.000000e+00,0.000000e+00
9.800000e+01,1.000000e+02,0.0,1.000000e+01,0.000000e+00,0.000000e+00
1.000000e+02,1.000000e+02,0.0,1.000000e+01,0.000000e+00,0.000000e+00
1.020000e+02,1.000000e+02,0.0,1.000000e+01,0.000000e+00,0.000000e+00
1.040000e+02,1.000000e+02,0.0,1.000000e+01,0.000000e+00,0.000000e+00
1.060000e+02,1.000000e+02,0.0,1.000000e+01,0.000000e+00,0.000000e+00
1.080000e+02,1.000000e+02,0.0,1.000000e+01,0.000000e+00,0.000000e+00
1.100000e+02,1.000000e+02,0.0,1.000000e+01,4.184972e-15,0.000000e+00
1.120000e+02,1.000000e+02,0.0,1.000000e+01,1.077664e-13,0.000000e+00
1.140000e+02,1.000000e+02,0.0,1.000000e+01,2.903309e-12,0.000000e+00
1.160000e+02,1.000000e+02,0.0,1.000000e+01,6.790600e-11,0.000000e+00
1.180000e+02,1.000000e+02,0.0,1.000000e+01,1.453745e-09,0.000000e+00
1.200000e+02,1.000000e+02,0.0,1.000000e+01,2.861802e-08,0.000000e+00
1.220000e+02,1.000000e+02,0.0,1.000000e+01,5.210833e-07,0.000000e+00
1.240000e+02,1.000000e+02,0.0,9.999999e+00,8.854108e-06,0.000000e+00
1.260000e+02,1.000000e+02,0.0,9.999985e+00,1.422612e-04,0.000000e+00
1.280000e+02,1.000000e+02,0.0,9.999773e+00,2.204831e-03,0.000000e+00
1.300000e+02,1.000000e+02,0.0,9.996579e+00,3.328802e-02,0.000000e+00
1.320000e+02,1.000000e+02,0.0,9.948234e+00,4.967894e-01,0.000000e+00
1.340000e+02,1.000000e+02,0.0,9.493916e+00,4.681266e+00,-1.046745e-15
1.360000e+02,1.000000e+02,0.0,8.815792e+00,1.040328e+01,-5.232793e-15
1.380000e+02,1.000000e+02,0.0,8.121852e+00,1.554778e+01,-7.325999e-15
1.400000e+02,1.000000e+02,0.0,7.435830e+00,1.988734e+01,-1.045324e-15
1.420000e+02,1.000000e+02,0.0,6.746340e+00,2.338942e+01,3.135163e-15
1.440000e+02,1.000000e+02,0.0,6.075504e+00,2.594813e+01,-2.607377e-15
1.460000e+02,1.000000e+02,0.0,5.381130e+00,2.773714e+01,-1.038361e-15
1.480000e+02,1.000000e+02,0.0,4.695913e+00,2.828221e+01,4.963760e-15
1.500000e+02,1.000000e+02,0.0,4.193185e+00,2.801963e+01,2.098942e-15
1.520000e+02,1.000000e+02,0.0,3.720896e+00,2.747657e+01,-1.036199e-15
1.540000e+02,1.000000e+02,0.0,3.780028e+00,2.787124e+01,-7.522410e-18
1.560000e+02,1.000000e+02,0.0,3.919410e+00,2.853856e+01,-9.573762e-16
1.580000e+02,1.000000e+02,0.0,3.972457e+00,2.861897e+01,-1.856421e-15
1.600000e+02,1.000000e+02,0.0,3.985043e+00,2.844789e+01,-9.493069e-16
1.620000e+02,1.000000e+02,0.0,3.917839e+00,2.744510e+01,4.880211e-16
1.640000e+02,1.000000e+02,0.0,3.048561e+00,1.796152e+01,1.290930e-15
1.660000e+02,1.000000e+02,0.0,1.282892e+00,1.974375e+00,1.471774e-16
1.680000e+02,1.000000e+02,0.0,1.001062e+00,3.708630e-03,0.000000e+00
1.700000e+02,1.000000e+02,0.0,1.000002e+00,4.869488e-06,0.000000e+00
1.720000e+02,1.000000e+02,0.0,1.000000e+00,9.935381e-09,0.000000e+00
1.740000e+02,1.000000e+02,0.0,1.000000e+00,1.749059e-11,0.000000e+00
1.760000e+02,1.000000e+02,0.0,1.000000e+00,2.985635e-14,0.000000e+00
1.780000e+02,1.000000e+02,0.0,1.000000e+00,4.905562e-17,0.000000e+00
1.800000e+02,1.000000e+02,0.0,1.000000e+00,0.000000e+00,0.000000e+00
1.820000e+02,1.000000e+02,0.0,1.000000e+00,0.000000e+00,0.000000e+00
1.840000e+02,1.000000e+02,0.0,1.000000e+00,0.000000e+00,0.000000e+00
1.860000e+02,1.000000e+02,0.0,1.000000e+00,0.000000e+00,0.000000e+00
1.880000e+02,1.000000e+02,0.0,1.000000e+00,0.000000e+00,0.000000e+00
1.900000e+02,1.000000e+02,0.0,1.000000e+00,0.000000e+00,0.000000e+00
1.920000e+02,1.000000e+02,0.0,1.000000e+00,0.000000e+00,0.000000e+00
1.940000e+02,1.000000e+02,0.0,1.000000e+00,0.000000e+00,0.000000e+00
1.960000e+02,1.000000e+02,0.0,1.000000e+00,0.000000e+00,0.000000e+00
1.980000e+02,1.000000e+02,0.0,1.000000e+00,0.000000e+00,0.000000e+00
2.000000e+02,1.000000e+02,0.0,1.000000e+00,0.000000e+00,0.000000e+00
0.000000e+00,1.020000e+02,0.0,1.000000e+00,0.000000e+00,0.000000e+00
2.000000e+00,1.020000e+02,0.0,1.000000e+00,0.000000e+00,0.000000e+00
4.000000e+00,1.020000e+02,0.0,1.000000e+00,0.000000e+00,0.000000e+00
6.000000e+00,1.020000e+02,0.0,1.000000e+00,0.000000e+00,0.000000e+00
8.000000e+00,1.020000e+02,0.0,1.000000e+00,0.000000e+00,0.000000e+00
1.000000e+01,1.020000e+02,0.0,1.000000e+00,0.000000e+00,0.000000e+00
1.200000e+01,1.020000e+02,0.0,1.000000e+00,0.000000e+00,0.000000e+00
1.400000e+01,1.020000e+02,0.0,1.000000e+00,0.000000e+00,0.000000e+00
1.600000e+01,1.020000e+02,0.0,1.000000e+00,0.000000e+00,0.000000e+00
1.800000e+01,1.020000e+02,0.0,1.000000e+00,0.000000e+00,0.000000e+00
2.000000e+01,1.020000e+02,0.0,1.000000e+00,0.000000e+00,0.000000e+00
2.200000e+01,1.020000e+02,0.0,1.000000e+00,-4.905562e-17,0.000000e+00
2.400000e+01,1.020000e+02,0.0,1.000000e+00,-2.686439e-14,-1.046475e-15
2.600000e+01,1.020000e+02,0.0,1.000000e+00,-1.564862e-11,-5.949418e-13
2.800000e+01,1.020000e+02,0.0,1.000000e+00,-8.791110e-09,-3.073459e-10
3.000000e+01,1.020000e+02,0.0,1.000001e+00,-4.261748e-06,-1.402493e-07
3.200000e+01,1.020000e+02,0.0,1.000915e+00,-3.024946e-03,-1.115269e-04
3.400000e+01,1.020000e+02,0.0,1.264684e+00,-1.730909e+00,-1.188769e-01
3.600000e+01,1.020000e+02,0.0,3.025841e+00,-1.689448e+01,-7.757878e-01
3.800000e+01,1.020000e+02,0.0,3.917522e+00,-2.652165e+01,-1.814467e-01
4.000000e+01,1.020000e+02,0.0,3.993870e+00,-2.794107e+01,2.336062e-01
4.200000e+01,1.020000e+02,0.0,3.966065e+00,-2.838173e+01,3.109496e-02
4.400000e+01,1.020000e+02,0.0,3.887381e+00,-2.846929e+01,-2.622741e-01
4.600000e+01,1.020000e+02,0.0,3.767054e+00,-2.820361e+01,-3.315055e-01
4.800000e+01,1.020000e+02,0.0,3.731950e+00,-2.785328e+01,1.308004e-01
5.000000e+01,1.020000e+02,0.0,4.166933e+00,-2.832420e+01,6.158701e-01
5.200000e+01,1.020000e+02,0.0,4.637183e+00,-2.852176e+01,8.015751e-01
5.400000e+01,1.020000e+02,0.0,5.332933e+00,-2.791434e+01,4.187952e-01
5.600000e+01,1.020000e+02,0.0,6.031502e+00,-2.616163e+01,4.151662e-01
5.800000e+01,1.020000e+02,0.0,6.730220e+00,-2.359808e+01,1.968936e-01
6.000000e+01,1.020000e+02,0.0,7.431442e+00,-2.004209e+01,1.170537e-01
6.200000e+01,1.020000e+02,0.0,8.129077e+00,-1.563108e+01,1.483909e-01
6.400000e+01,1.020000e+02,0.0,8.821282e+00,-1.049750e+01,1.800086e-01
6.600000e+01,1.020000e+02,0.0,9.483289e+00,-4.829418e+00,1.344912e-01
6.800000e+01,1.020000e+02,0.0,9.942754e+00,-5.553172e-01,1.575446e-02
7.000000e+01,1.020000e+02,0.0,9.996304e+00,-3.641246e-02,1.265778e-03
7.200000e+01,1.020000e+02,0.0,9.999752e+00,-2.444227e-03,8.983321e-05
7.400000e+01,1.020000e+02,0.0,9.999984e+00,-1.592940e-04,6.147253e-06
7.600000e+01,1.020000e+02,0.0,9.999999e+00,-1.001572e-05,4.002547e-07
7.800000e+01,1.020000e+02,0.0,1.000000e+01,-5.959008e-07,2.440381e-08
8.000000e+01,1.020000e+02,0.0,1.000000e+01,-3.311502e-08,1.373695e-09
8.200000e+01,1.020000e+02,0.0,1.000000e+01,-1.703775e-09,7.059961e-11
8.400000e+01,1.020000e+02,0.0,1.000000e+01,-8.070119e-11,3.320564e-12
8.600000e+01,1.020000e+02,0.0,1.000000e+01,-3.499620e-12,1.370623e-13
8.800000e+01,1.020000e+02,0.0,1.000000e+01,-1.381094e-13,4.184468e-15
9.000000e+01,1.020000e+02,0.0,1.000000e+01,-4.185143e-15,0.000000e+00
9.200000e+01,1.020000e+02,0.0,1.000000e+01,0.000000e+00,0.000000e+00
9.400000e+01,1.020000e+02,0.0,1.000000e+01,0.000000e+00,0.000000e+00
9.600000e+01,1.020000e+02,0.0,1.000000e+01,0.000000e+00,0.000000e+00
9.800000e+01,1.020000e+02,0.0,1.000000e+01,0.000000e+00,0.000000e+00
1.000000e+02,1.020000e+02,0.0,1.000000e+01,0.000000e+00,0.000000e+00
1.020000e+02,1.020000e+02,0.0,1.000000e+01,0.000000e+00,0.000000e+00
1.040000e+02,1.020000e+02,0.0,1.000000e+01,0.000000e+00,0.000000e+00
1.060000e+02,1.020000e+02,0.0,1.000000e+01,0.000000e+00,0.000000e+00
1.080000e+02,1.020000e+02,0.0,1.000000e+01,0.000000e+00,0.000000e+00
1.100000e+02,1.020000e+02,0.0,1.000000e+01,4.185143e-15,0.000000e+00
1.120000e+02,1.020000e+02,0.0,1.000000e+01,1.381094e-13,4.184468e-15
1.140000e+02,1.020000e+02,0.0,1.000000e+01,3.499620e-12,1.370623e-13
1.160000e+02,1.020000e+02,0.0,1.000000e+01,8.070119e-11,3.320564e-12
1.180000e+02,1.020000e+02,0.0,1.000000e+01,1.703775e-09,7.059961e-11
1.200000e+02,1.020000e+02,0.0,1.000000e+01,3.311502e-08,1.373695e-09
1.220000e+02,1.020000e+02,0.0,1.000000e+01,5.959008e-07,2.440381e-08
1.240000e+02,1.020000e+02,0.0,9.999999e+00,1.001572e-05,4.002547e-07
1.260000e+02,1.020000e+02,0.0,9.999984e+00,1.592940e-04,6.147253e-06
1.280000e+02,1.020000e+02,0.0,9.999752e+00,2.444227e-03,8.983321e-05
1.300000e+02,1.020000e+02,0.0,9.996304e+00,3.641246e-02,1.265778e-03
1.320000e+02,1.020000e+02,0.0,9.942754e+00,5.553172e-01,1.575446e-02
1.340000e+02,1.020000e+02,0.0,9.483289e+00,4.829418e+00,1.344912e-01
1.360000e+02,1.020000e+02,0.0,8.821282e+00,1.049750e+01,1.800086e-01
1.380000e+02,1.020000e+02,0.0,8.129077e+00,1.563108e+01,1.483909e-01
1.400000e+02,1.020000e+02,0.0,7.431442e+00,2.004209e+01,1.170537e-01
1.420000e+02,1.020000e+02,0.0,6.730220e+00,2.359808e+01,1.968936e-01
1.440000e+02,1.020000e+02,0.0,6.031502e+00,2.616163e+01,4.151662e-01
1.460000e+02,1.020000e+02,0.0,5.332933e+00,2.791434e+01,4.187952e-01
1.480000e+02,1.020000e+02,0.0,4.637183e+00,2.852176e+01,8.015751e-01
1.500000e+02,1.020000e+02,0.0,4.166933e+00,2.832420e+01,6.158701e-01
1.520000e+02,1.020000e+02,0.0,3.731950e+00,2.785328e+01,1.308004e-01
1.540000e+02,1.020000e+02,0.0,3.767054e+00,2.820361e+01,-3.315055e-01
1.560000e+02,1.020000e+02,0.0,3.887381e+00,2.846929e+01,-2.622741e-01
1.580000e+02,1.020000e+02,0.0,3.966065e+00,2.838173e+01,3.109496e-02
1.600000e+02,1.020000e+02,0.0,3.993870e+00,2.794107e+01,2.336062e-01
1.620000e+02,1.020000e+02,0.0,3.917522e+00,2.652165e+01,-1.814467e-01
1.640000e+02,1.020000e+02,0.0,3.025841e+00,1.689448e+01,-7.757878e-01
1.660000e+02,1.020000e+02,0.0,1.264684e+00,1.730909e+00,-1.188769e-01
1.680000e+02,1.020000e+02,0.0,1.000915e+00,3.024946e-03,-1.115269e-04
1.700000e+02,1.020000e+02,0.0,1.000001e+00,4.261748e-06,-1.402493e-07
1.720000e+02,1.020000e+02,0.0,1.000000e+00,8.791110e-09,-3.073459e-10
1.740000e+02,1.020000e+02,0.0,1.000000e+00,1.564862e-11,-5.949418e-13
1.760000e+02,1.020000e+02,0.0,1.000000e+00,2.686439e-14,-1.046475e-15
1.780000e+02,1.020000e+02,0.0,1.000000e+00,4.905562e-17,0.000000e+00
1.800000e+02,1.020000e+02,0.0,1.000000e+00,0.000000e+00,0.000000e+00
1.820000e+02,1.020000e+02,0.0,1.000000e+00,0.000000e+00,0.000000e+00
1.840000e+02,1.020000e+02,0.0,1.000000e+00,0.000000e+00,0.000000e+00
1.860000e+02,1.020000e+02,0.0,1.000000e+00,0.000000e+00,0.000000e+00
1.880000e+02,1.020000e+02,0.0,1.000000e+00,0.000000e+00,0.000000e+00
1.900000e+02,1.020000e+02,0.0,1.000000e+00,0.000000e+00,0.000000e+00
1.920000e+02,1.020000e+02,0.0,1.000000e+00,0.000000e+00,0.000000e+00
1.940000e+02,1.020000e+02,0.0,1.000000e+00,0.000000e+00,0.000000e+00
1.960000e+02,1.020000e+02,0.0,1.000000e+00,0.000000e+00,0.000000e+00
1.980000e+02,1.020000e+02,0.0,1.000000e+00,0.000000e+00,0.000000e+00
2.000000e+02,1.020000e+02,0.0,1.000000e+00,0.000000e+00,0.000000e+00
0.000000e+00,1.040000e+02,0.0,1.000000e+00,0.000000e+00,0.000000e+00
2.000000e+00,1.040000e+02,0.0,1.000000e+00,0.000000e+00,0.000000e+00
4.000000e+00,1.040000e+02,0.0,1.000000e+00,0.000000e+00,0.000000e+00
6.000000e+00,1.040000e+02,0.0,1.000000e+00,0.000000e+00,0.000000e+00
8.000000e+00,1.040000e+02,0.0,1.000000e+00,0.000000e+00,0.000000e+00
1.000000e+01,1.040000e+02,0.0,1.000000e+00,0.000000e+00,0.000000e+00
1.200000e+01,1.040000e+02,0.0,1.000000e+00,0.000000e+00,0.000000e+00
1.400000e+01,1.040000e+02,0.0,1.000000e+00,0.000000e+00,0.000000e+00
1.600000e+01,1.040000e+02,0.0,1.000000e+00,0.000000e+00,0.000000e+00
1.800000e+01,1.040000e+02,0.0,1.000000e+00,0.000000e+00,0.000000e+00
2.000000e+01,1.040000e+02,0.0,1.000000e+00,0.000000e+00,0.000000e+00
2.200000e+01,1.040000e+02,0.0,1.000000e+00,-1.798700e-16,0.000000e+00
2.400000e+01,1.040000e+02,0.0,1.000000e+00,-1.177613e-13,-1.340883e-15
2.600000e+01,1.040000e+02,0.0,1.000000e+00,-6.977612e-11,-1.218808e-12
2.800000e+01,1.040000e+02,0.0,1.000000e+00,-3.937156e-08,-8.774916e-10
3.000000e+01,1.040000e+02,0.0,1.000009e+00,-2.684880e-05,-6.469900e-07
3.200000e+01,1.040000e+02,0.0,1.004818e+00,-1.960464e-02,-7.688800e-04
3.400000e+01,1.040000e+02,0.0,1.544074e+00,-4.065745e+00,-2.821576e-01
3.600000e+01,1.040000e+02,0.0,3.240840e+00,-2.113224e+01,-1.042174e+00
3.800000e+01,1.040000e+02,0.0,3.721570e+00,-2.720259e+01,7.537284e-02
4.000000e+01,1.040000e+02,0.0,3.759709e+00,-2.762506e+01,8.764045e-01
4.200000e+01,1.040000e+02,0.0,3.740114e+00,-2.736690e+01,8.746513e-01
4.400000e+01,1.040000e+02,0.0,3.672445e+00,-2.713251e+01,5.159370e-01
4.600000e+01,1.040000e+02,0.0,3.638373e+00,-2.714166e+01,4.665362e-01
4.800000e+01,1.040000e+02,0.0,3.707802e+00,-2.731330e+01,9.112276e-01
5.000000e+01,1.040000e+02,0.0,4.105504e+00,-2.783280e+01,1.542534e+00
5.200000e+01,1.040000e+02,0.0,4.506293e+00,-2.804676e+01,1.714834e+00
5.400000e+01,1.040000e+02,0.0,5.207477e+00,-2.730585e+01,1.492460e+00
5.600000e+01,1.040000e+02,0.0,5.909631e+00,-2.595351e+01,1.491038e+00
5.800000e+01,1.040000e+02,0.0,6.642723e+00,-2.347356e+01,1.113506e+00
6.000000e+01,1.040000e+02,0.0,7.392151e+00,-2.002868e+01,7.052099e-01
6.200000e+01,1.040000e+02,0.0,8.133339e+00,-1.566411e+01,3.860381e-01
6.400000e+01,1.040000e+02,0.0,8.821990e+00,-1.056972e+01,2.475186e-01
6.600000e+01,1.040000e+02,0.0,9.472775e+00,-4.988667e+00,1.378703e-01
6.800000e+01,1.040000e+02,0.0,9.936314e+00,-6.220111e-01,1.623863e-02
7.000000e+01,1.040000e+02,0.0,9.995910e+00,-4.061624e-02,1.326284e-03
7.200000e+01,1.040000e+02,0.0,9.999721e+00,-2.768198e-03,9.185965e-05
7.400000e+01,1.040000e+02,0.0,9.999982e+00,-1.816487e-04,5.994671e-06
7.600000e+01,1.040000e+02,0.0,9.999999e+00,-1.148954e-05,3.726137e-07
7.800000e+01,1.040000e+02,0.0,1.000000e+01,-6.878704e-07,2.155766e-08
8.000000e+01,1.040000e+02,0.0,1.000000e+01,-3.845619e-08,1.151821e-09
8.200000e+01,1.040000e+02,0.0,1.000000e+01,-1.990048e-09,5.695061e-11
8.400000e+01,1.040000e+02,0.0,1.000000e+01,-9.479209e-11,2.566356e-12
8.600000e+01,1.040000e+02,0.0,1.000000e+01,-4.129449e-12,1.046221e-13
8.800000e+01,1.040000e+02,0.0,1.000000e+01,-1.579858e-13,2.093490e-15
9.000000e+01,1.040000e+02,0.0,1.000000e+01,-5.231887e-15,0.000000e+00
9.200000e+01,1.040000e+02,0.0,1.000000e+01,0.000000e+00,0.000000e+00
9.400000e+01,1.040000e+02,0.0,1.000000e+01,0.000000e+00,0.000000e+00
9.600000e+01,1.040000e+02,0.0,1.000000e+01,0.000000e+00,0.000000e+00
9.800000e+01,1.040000e+02,0.0,1.000000e+01,0.000000e+00,0.000000e+00
1.000000e+02,1.040000e+02,0.0,1.000000e+01,0.000000e+00,0.000000e+00
1.020000e+02,1.040000e+02,0.0,1.000000e+01,0.000000e+00,0.000000e+00
1.040000e+02,1.040000e+02,0.0,1.000000e+01,0.000000e+00,0.000000e+00
1.060000e+02,1.040000e+02,0.0,1.000000e+01,0.000000e+00,0.000000e+00
1.080000e+02,1.040000e+02,0.0,1.000000e+01,0.000000e+00,0.000000e+00
1.100000e+02,1.040000e+02,0.0,1.000000e+01,5.231887e-15,0.000000e+00
1.120000e+02,1.040000e+02,0.0,1.000000e+01,1.579858e-13,2.093490e-15
1.140000e+02,1.040000e+02,0.0,1.000000e+01,4.129449e-12,1.046221e-13
1.160000e+02,1.040000e+02,0.0,1.000000e+01,9.479209e-11,2.566356e-12
1.180000e+02,1.040000e+02,0.0,1.000000e+01,1.990048e-09,5.695061e-11
1.200000e+02,1.040000e+02,0.0,1.000000e+01,3.845619e-08,1.151821e-09
1.220000e+02,1.040000e+02,0.0,1.000000e+01,6.878704e-07,2.155766e-08
1.240000e+02,1.040000e+02,0.0,9.999999e+00,1.148954e-05,3.726137e-07
1.260000e+02,1.040000e+02,0.0,9.999982e+00,1.816487e-04,5.994671e-06
1.280000e+02,1.040000e+02,0.0,9.999721e+00,2.768198e-03,9.185965e-05
1.300000e+02,1.040000e+02,0.0,9.995910e+00,4.061624e-02,1.326284e-03
1.320000e+02,1.040000e+02,0.0,9.936314e+00,6.220111e-01,1.623863e-02
1.340000e+02,1.040000e+02,0.0,9.472775e+00,4.988667e+00,1.378703e-01
1.360000e+02,1.040000e+02,0.0,8.821990e+00,1.056972e+01,2.475186e-01
1.380000e+02,1.040000e+02,0.0,8.133339e+00,1.566411e+01,3.860381e-01
1.400000e+02,1.040000e+02,0.0,7.392151e+00,2.002868e+01,7.052099e-01
1.420000e+02,1.040000e+02,0.0,6.642723e+00,2.347356e+01,1.113506e+00
1.440000e+02,1.040000e+02,0.0,5.909631e+00,2.595351e+01,1.491038e+00
1.460000e+02,1.040000e+02,0.0,5.207477e+00,2.730585e+01,1.492460e+00
1.480000e+02,1.040000e+02,0.0,4.506293e+00,2.804676e+01,1.714834e+00
1.500000e+02,1.040000e+02,0.0,4.105504e+00,2.783280e+01,1.542534e+00
1.520000e+02,1.040000e+02,0.0,3.707802e+00,2.731330e+01,9.112276e-01
1.540000e+02,1.040000e+02,0.0,3.638373e+00,2.714166e+01,4.665362e-01
1.560000e+02,1.040000e+02,0.0,3.672445e+00,2.713251e+01,5.159370e-01
1.580000e+02,1.040000e+02,0.0,3.740114e+00,2.736690e+01,8.746513e-01
1.600000e+02,1.040000e+02,0.0,3.759709e+00,2.762506e+01,8.764045e-01
1.620000e+02,1.040000e+02,0.0,3.721570e+00,2.720259e+01,7.537284e-02
1.640000e+02,1.040000e+02,0.0,3.240840e+00,2.113224e+01,-1.042174e+00
1.660000e+02,1.040000e+02,0.0,1.544074e+00,4.065745e+00,-2.821576e-01
1.680000e+02,1.040000e+02,0.0,1.004818e+00,1.960464e-02,-7.688800e-04
1.700000e+02,1.040000e+02,0.0,1.000009e+00,2.684880e-05,-6.469900e-07
1.720000e+02,1.040000e+02,0.0,1.000000e+00,3.937156e-08,-8.774916e-10
1.740000e+02,1.040000e+02,0.0,1.000000e+00,6.977612e-11,-1.218808e-12
1.760000e+02,1.040000e+02,0.0,1.000000e+00,1.177613e-13,-1.340883e-15
1.780000e+02,1.040000e+02,0.0,1.000000e+00,1.798700e-16,0.000000e+00
1.800000e+02,1.040000e+02,0.0,1.000000e+00,0.000000e+00,0.000000e+00
1.820000e+02,1.040000e+02,0.0,1.000000e+00,0.000000e+00,0.000000e+00
1.840000e+02,1.040000e+02,0.0,1.000000e+00,0.000000e+00,0.000000e+00
1.860000e+02,1.040000e+02,0.0,1.000000e+00,0.000000e+00,0.000000e+00
1.880000e+02,1.040000e+02,0.0,1.000000e+00,0.000000e+00,0.000000e+00
1.900000e+02,1.040000e+02,0.0,1.000000e+00,0.000000e+00,0.000000e+00
1.920000e+02,1.040000e+02,0.0,1.000000e+00,0.000000e+00,0.000000e+00
1.940000e+02,1.040000e+02,0.0,1.000000e+00,0.000000e+00,0.000000e+00
1.960000e+02,1.040000e+02,0.0,1.000000e+00,0.000000e+00,0.000000e+00
1.980000e+02,1.040000e+02,0.0,1.000000e+00,0.000000e+00,0.000000e+00
2.000000e+02,1.040000e+02,0.0,1.000000e+00,0.000000e+00,0.000000e+00
0.000000e+00,1.060000e+02,0.0,1.000000e+00,0.000000e+00,0.000000e+00
2.000000e+00,1.060000e+02,0.0,1.000000e+00,0.000000e+00,0.000000e+00
4.000000e+00,1.060000e+02,0.0,1.000000e+00,0.000000e+00,0.000000e+00
6.000000e+00,1.060000e+02,0.0,1.000000e+00,0.000000e+00,0.000000e+00
8.000000e+00,1.060000e+02,0.0,1.000000e+00,0.000000e+00,0.000000e+00
1.000000e+01,1.060000e+02,0.0,1.000000e+00,0.000000e+00,0.000000e+00
1.200000e+01,1.060000e+02,0.0,1.000000e+00,0.000000e+00,0.000000e+00
1.400000e+01,1.060000e+02,0.0,1.000000e+00,0.000000e+00,0.000000e+00
1.600000e+01,1.060000e+02,0.0,1.000000e+00,0.000000e+00,0.000000e+00
1.800000e+01,1.060000e+02,0.0,1.000000e+00,0.000000e+00,0.000000e+00
2.000000e+01,1.060000e+02,0.0,1.000000e+00,0.000000e+00,0.000000e+00
2.200000e+01,1.060000e+02,0.0,1.000000e+00,-1.798700e-16,0.000000e+00
2.400000e+01,1.060000e+02,0.0,1.000000e+00,-1.361596e-13,3.433665e-16
2.600000e+01,1.060000e+02,0.0,1.000000e+00,-8.753334e-11,2.470746e-13
2.800000e+01,1.060000e+02,0.0,1.000000e+00,-6.074568e-08,1.243588e-10
3.000000e+01,1.060000e+02,0.0,1.000015e+00,-4.768604e-05,2.378377e-08
3.200000e+01,1.060000e+02,0.0,1.007658e+00,-3.330635e-02,3.535517e-05
3.400000e+01,1.060000e+02,0.0,1.708411e+00,-5.448410e+00,2.758726e-02
3.600000e+01,1.060000e+02,0.0,3.344337e+00,-2.202457e+01,2.347986e-01
3.800000e+01,1.060000e+02,0.0,3.614710e+00,-2.618246e+01,7.523508e-01
4.000000e+01,1.060000e+02,0.0,3.598455e+00,-2.630076e+01,1.437416e+00
4.200000e+01,1.060000e+02,0.0,3.516094e+00,-2.551755e+01,1.789786e+00
4.400000e+01,1.060000e+02,0.0,3.466467e+00,-2.529423e+01,1.815790e+00
4.600000e+01,1.060000e+02,0.0,3.474652e+00,-2.561180e+01,2.013028e+00
4.800000e+01,1.060000e+02,0.0,3.658468e+00,-2.650077e+01,2.495308e+00
5.000000e+01,1.060000e+02,0.0,4.007899e+00,-2.713319e+01,2.904590e+00
5.200000e+01,1.060000e+02,0.0,4.394353e+00,-2.743014e+01,2.812506e+00
5.400000e+01,1.060000e+02,0.0,5.062162e+00,-2.696448e+01,2.922760e+00
5.600000e+01,1.060000e+02,0.0,5.756943e+00,-2.577222e+01,2.869610e+00
5.800000e+01,1.060000e+02,0.0,6.480024e+00,-2.348017e+01,2.668631e+00
6.000000e+01,1.060000e+02,0.0,7.225795e+00,-2.027361e+01,2.196882e+00
6.200000e+01,1.060000e+02,0.0,8.000874e+00,-1.600347e+01,1.473978e+00
6.400000e+01,1.060000e+02,0.0,8.766287e+00,-1.087590e+01,5.669967e-01
6.600000e+01,1.060000e+02,0.0,9.454373e+00,-5.147907e+00,1.096012e-01
6.800000e+01,1.060000e+02,0.0,9.932846e+00,-6.564703e-01,8.448817e-03
7.000000e+01,1.060000e+02,0.0,9.995612e+00,-4.362623e-02,5.471118e-04
7.200000e+01,1.060000e+02,0.0,9.999699e+00,-2.992852e-03,3.690414e-05
7.400000e+01,1.060000e+02,0.0,9.999980e+00,-1.965880e-04,2.385133e-06
7.600000e+01,1.060000e+02,0.0,9.999999e+00,-1.243343e-05,1.389945e-07
7.800000e+01,1.060000e+02,0.0,1.000000e+01,-7.442409e-07,7.349847e-09
8.000000e+01,1.060000e+02,0.0,1.000000e+01,-4.159047e-08,3.537272e-10
8.200000e+01,1.060000e+02,0.0,1.000000e+01,-2.150792e-09,1.533838e-11
8.400000e+01,1.060000e+02,0.0,1.000000e+01,-1.023447e-10,5.974355e-13
8.600000e+01,1.060000e+02,0.0,1.000000e+01,-4.453767e-12,2.614975e-14
8.800000e+01,1.060000e+02,0.0,1.000000e+01,-1.736811e-13,2.093490e-15
9.000000e+01,1.060000e+02,0.0,1.000000e+01,-5.231887e-15,0.000000e+00
9.200000e+01,1.060000e+02,0.0,1.000000e+01,0.000000e+00,0.000000e+00
9.400000e+01,1.060000e+02,0.0,1.000000e+01,0.000000e+00,0.000000e+00
9.600000e+01,1.060000e+02,0.0,1.000000e+01,0.000000e+00,0.000000e+00
9.800000e+01,1.060000e+02,0.0,1.000000e+01,0.000000e+00,0.000000e+00
1.000000e+02,1.060000e+02,0.0,1.000000e+01,0.000000e+00,0.000000e+00
1.020000e+02,1.060000e+02,0.0,1.000000e+01,0.000000e+00,0.000000e+00
1.040000e+02,1.060000e+02,0.0,1.000000e+01,0.000000e+00,0.000000e+00
1.060000e+02,1.060000e+02,0.0,1.000000e+01,0.000000e+00,0.000000e+00
1.080000e+02,1.060000e+02,0.0,1.000000e+01,0.000000e+00,0.000000e+00
1.100000e+02,1.060000e+02,0.0,1.000000e+01,5.231887e-15,0.000000e+00
1.120000e+02,1.060000e+02,0.0,1.000000e+01,1.736811e-13,2.093490e-15
1.140000e+02,1.060000e+02,0.0,1.000000e+01,4.453767e-12,2.614975e-14
1.160000e+02,1.060000e+02,0.0,1.000000e+01,1.023447e-10,5.974355e-13
1.180000e+02,1.060000e+02,0.0,1.000000e+01,2.150792e-09,1.533838e-11
1.200000e+02,1.060000e+02,0.0,1.000000e+01,4.159047e-08,3.537272e-10
1.220000e+02,1.060000e+02,0.0,1.000000e+01,7.442409e-07,7.349847e-09
1.240000e+02,1.060000e+02,0.0,9.999999e+00,1.243343e-05,1.389945e-07
1.260000e+02,1.060000e+02,0.0,9.999980e+00,1.965880e-04,2.385133e-06
1.280000e+02,1.060000e+02,0.0,9.999699e+00,2.992852e-03,3.690414e-05
1.300000e+02,1.060000e+02,0.0,9.995612e+00,4.362623e-02,5.471118e-04
1.320000e+02,1.060000e+02,0.0,9.932846e+00,6.564703e-01,8.448817e-03
1.340000e+02,1.060000e+02,0.0,9.454373e+00,5.147907e+00,1.096012e-01
1.360000e+02,1.060000e+02,0.0,8.766287e+00,1.087590e+01,5.669967e-01
1.380000e+02,1.060000e+02,0.0,8.000874e+00,1.600347e+01,1.473978e+00
1.400000e+02,1.060000e+02,0.0,7.225795e+00,2.027361e+01,2.196882e+00
1.420000e+02,1.060000e+02,0.0,6.480024e+00,2.348017e+01,2.668631e+00
1.440000e+02,1.060000e+02,0.0,5.756943e+00,2.577222e+01,2.869610e+00
1.460000e+02,1.060000e+02,0.0,5.062162e+00,2.696448e+01,2.922760e+00
1.480000e+02,1.060000e+02,0.0,4.394353e+00,2.743014e+01,2.812506e+00
1.500000e+02,1.060000e+02,0.0,4.007899e+00,2.713319e+01,2.904590e+00
1.520000e+02,1.060000e+02,0.0,3.658468e+00,2.650077e+01,2.495308e+00
1.540000e+02,1.060000e+02,0.0,3.474652e+00,2.561180e+01,2.013028e+00
1.560000e+02,1.060000e+02,0.0,3.466467e+00,2.529423e+01,1.815790e+00
1.580000e+02,1.060000e+02,0.0,3.516094e+00,2.551755e+01,1.789786e+00
1.600000e+02,1.060000e+02,0.0,3.598455e+00,2.630076e+01,1.437416e+00
1.620000e+02,1.060000e+02,0.0,3.614710e+00,2.618246e+01,7.523508e-01
1.640000e+02,1.060000e+02,0.0,3.344337e+00,2.202457e+01,2.347986e-01
1.660000e+02,1.060000e+02,0.0,1.708411e+00,5.448410e+00,2.758726e-02
1.680000e+02,1.060000e+02,0.0,1.007658e+00,3.330635e-02,3.535517e-05
1.700000e+02,1.060000e+02,0.0,1.000015e+00,4.768604e-05,2.378377e-08
1.720000e+02,1.060000e+02,0.0,1.000000e+00,6.074568e-08,1.243588e-10
1.740000e+02,1.060000e+02,0.0,1.000000e+00,8.753334e-11,2.470746e-13
1.760000e+02,1.060000e+02,0.0,1.000000e+00,1.361596e-13,3.433665e-16
1.780000e+02,1.060000e+02,0.0,1.000000e+00,1.798700e-16,0.000000e+00
1.800000e+02,1.060000e+02,0.0,1.000000e+00,0.000000e+00,0.000000e+00
1.820000e+02,1.060000e+02,0.0,1.000000e+00,0.000000e+00,0.000000e+00
1.840000e+02,1.060000e+02,0.0,1.000000e+00,0.000000e+00,0.000000e+00
1.860000e+02,1.060000e+02,0.0,1.000000e+00,0.000000e+00,0.000000e+00
1.880000e+02,1.060000e+02,0.0,1.000000e+00,0.000000e+00,0.000000e+00
1.900000e+02,1.060000e+02,0.0,1.000000e+00,0.000000e+00,0.000000e+00
1.920000e+02,1.060000e+02,0.0,1.000000e+00,0.000000e+00,0.000000e+00
1.940000e+02,1.060000e+02,0.0,1.000000e+00,0.000000e+00,0.000000e+00
1.960000e+02,1.060000e+02,0.0,1.000000e+00,0.000000e+00,0.000000e+00
1.980000e+02,1.060000e+02,0.0,1.000000e+00,0.000000e+00,0.000000e+00
2.000000e+02,1.060000e+02,0.0,1.000000e+00,0.000000e+00,0.000000e+00
0.000000e+00,1.080000e+02,0.0,1.000000e+00,0.000000e+00,0.000000e+00
2.000000e+00,1.080000e+02,0.0,1.000000e+00,0.000000e+00,0.000000e+00
4.000000e+00,1.080000e+02,0.0,1.000000e+00,0.000000e+00,0.000000e+00
6.000000e+00,1.080000e+02,0.0,1.000000e+00,0.000000e+00,0.000000e+00
8.000000e+00,1.080000e+02,0.0,1.000000e+00,0.000000e+00,0.000000e+00
1.000000e+01,1.080000e+02,0.0,1.000000e+00,0.000000e+00,0.000000e+00
1.200000e+01,1.080000e+02,0.0,1.000000e+00,0.000000e+00,0.000000e+00
1.400000e+01,1.080000e+02,0.0,1.000000e+00,0.000000e+00,0.000000e+00
1.600000e+01,1.080000e+02,0.0,1.000000e+00,0.000000e+00,0.000000e+00
1.800000e+01,1.080000e+02,0.0,1.000000e+00,0.000000e+00,0.000000e+00
2.000000e+01,1.080000e+02,0.0,1.000000e+00,0.000000e+00,0.000000e+00
2.200000e+01,1.080000e+02,0.0,1.000000e+00,-8.177402e-17,0.000000e+00
2.400000e+01,1.080000e+02,0.0,1.000000e+00,-8.170944e-14,1.520768e-15
2.600000e+01,1.080000e+02,0.0,1.000000e+00,-5.506736e-11,1.168358e-12
2.800000e+01,1.080000e+02,0.0,1.000000e+00,-3.670896e-08,7.584694e-10
3.000000e+01,1.080000e+02,0.0,1.000009e+00,-2.957842e-05,5.620143e-07
3.200000e+01,1.080000e+02,0.0,1.005365e+00,-2.216041e-02,7.202536e-04
3.400000e+01,1.080000e+02,0.0,1.590203e+00,-4.409960e+00,2.731037e-01
3.600000e+01,1.080000e+02,0.0,3.219248e+00,-2.061741e+01,1.674696e+00
3.800000e+01,1.080000e+02,0.0,3.525560e+00,-2.487158e+01,2.273621e+00
4.000000e+01,1.080000e+02,0.0,3.470219e+00,-2.476846e+01,2.658731e+00
4.200000e+01,1.080000e+02,0.0,3.389598e+00,-2.423229e+01,3.150275e+00
4.400000e+01,1.080000e+02,0.0,3.360281e+00,-2.419661e+01,3.564792e+00
4.600000e+01,1.080000e+02,0.0,3.448783e+00,-2.508439e+01,3.850979e+00
4.800000e+01,1.080000e+02,0.0,3.589532e+00,-2.598256e+01,4.121655e+00
5.000000e+01,1.080000e+02,0.0,3.865498e+00,-2.662991e+01,4.110510e+00
5.200000e+01,1.080000e+02,0.0,4.272567e+00,-2.703258e+01,4.016616e+00
5.400000e+01,1.080000e+02,0.0,4.911247e+00,-2.671967e+01,4.335447e+00
5.600000e+01,1.080000e+02,0.0,5.605949e+00,-2.558650e+01,4.236919e+00
5.800000e+01,1.080000e+02,0.0,6.310628e+00,-2.358566e+01,4.105281e+00
6.000000e+01,1.080000e+02,0.0,7.040776e+00,-2.063013e+01,3.651358e+00
6.200000e+01,1.080000e+02,0.0,7.797231e+00,-1.669004e+01,2.883238e+00
6.400000e+01,1.080000e+02,0.0,8.577947e+00,-1.163128e+01,1.743637e+00
6.600000e+01,1.080000e+02,0.0,9.375372e+00,-5.574508e+00,4.312958e-01
6.800000e+01,1.080000e+02,0.0,9.929296e+00,-6.755301e-01,1.681946e-02
7.000000e+01,1.080000e+02,0.0,9.995466e+00,-4.439401e-02,7.684111e-04
7.200000e+01,1.080000e+02,0.0,9.999692e+00,-3.030348e-03,4.280862e-05
7.400000e+01,1.080000e+02,0.0,9.999980e+00,-1.996681e-04,2.404345e-06
7.600000e+01,1.080000e+02,0.0,9.999999e+00,-1.265503e-05,1.280554e-07
7.800000e+01,1.080000e+02,0.0,1.000000e+01,-7.574863e-07,6.367796e-09
8.000000e+01,1.080000e+02,0.0,1.000000e+01,-4.228542e-08,2.924160e-10
8.200000e+01,1.080000e+02,0.0,1.000000e+01,-2.183323e-09,1.227612e-11
8.400000e+01,1.080000e+02,0.0,1.000000e+01,-1.036996e-10,4.750307e-13
8.600000e+01,1.080000e+02,0.0,1.000000e+01,-4.509223e-12,2.301701e-14
8.800000e+01,1.080000e+02,0.0,1.000000e+01,-1.757746e-13,1.046745e-15
9.000000e+01,1.080000e+02,0.0,1.000000e+01,-5.231887e-15,0.000000e+00
9.200000e+01,1.080000e+02,0.0,1.000000e+01,1.235721e-67,0.000000e+00
9.400000e+01,1.080000e+02,0.0,1.000000e+01,1.698078e-66,0.000000e+00
9.600000e+01,1.080000e+02,0.0,1.000000e+01,2.603018e-66,0.000000e+00
9.800000e+01,1.080000e+02,0.0,1.000000e+01,-1.008282e-51,0.000000e+00
1.000000e+02,1.080000e+02,0.0,1.000000e+01,-3.456521e-183,0.000000e+00
1.020000e+02,1.080000e+02,0.0,1.000000e+01,1.008282e-51,0.000000e+00
1.040000e+02,1.080000e+02,0.0,1.000000e+01,-2.603018e-66,0.000000e+00
1.060000e+02,1.080000e+02,0.0,1.000000e+01,-1.698078e-66,0.000000e+00
1.080000e+02,1.080000e+02,0.0,1.000000e+01,-1.235721e-67,0.000000e+00
1.100000e+02,1.080000e+02,0.0,1.000000e+01,5.231887e-15,0.000000e+00
1.120000e+02,1.080000e+02,0.0,1.000000e+01,1.757746e-13,1.046745e-15
1.140000e+02,1.080000e+02,0.0,1.000000e+01,4.509223e-12,2.301701e-14
1.160000e+02,1.080000e+02,0.0,1.000000e+01,1.036996e-10,4.750307e-13
1.180000e+02,1.080000e+02,0.0,1.000000e+01,2.183323e-09,1.227612e-11
1.200000e+02,1.080000e+02,0.0,1.000000e+01,4.228542e-08,2.924160e-10
1.220000e+02,1.080000e+02,0.0,1.000000e+01,7.574863e-07,6.367796e-09
1.240000e+02,1.080000e+02,0.0,9.999999e+00,1.265503e-05,1.280554e-07
1.260000e+02,1.080000e+02,0.0,9.999980e+00,1.996681e-04,2.404345e-06
1.280000e+02,1.080000e+02,0.0,9.999692e+00,3.030348e-03,4.280862e-05
1.300000e+02,1.080000e+02,0.0,9.995466e+00,4.439401e-02,7.684111e-04
1.320000e+02,1.080000e+02,0.0,9.929296e+00,6.755301e-01,1.681946e-02
1.340000e+02,1.080000e+02,0.0,9.375372e+00,5.574508e+00,4.312958e-01
1.360000e+02,1.080000e+02,0.0,8.577947e+00,1.163128e+01,1.743637e+00
1.380000e+02,1.080000e+02,0.0,7.797231e+00,1.669004e+01,2.883238e+00
1.400000e+02,1.080000e+02,0.0,7.040776e+00,2.063013e+01,3.651358e+00
1.420000e+02,1.080000e+02,0.0,6.310628e+00,2.358566e+01,4.105281e+00
1.440000e+02,1.080000e+02,0.0,5.605949e+00,2.558650e+01,4.236919e+00
1.460000e+02,1.080000e+02,0.0,4.911247e+00,2.671967e+01,4.335447e+00
1.480000e+02,1.080000e+02,0.0,4.272567e+00,2.703258e+01,4.016616e+00
1.500000e+02,1.080000e+02,0.0,3.865498e+00,2.662991e+01,4.110510e+00
1.520000e+02,1.080000e+02,0.0,3.589532e+00,2.598256e+01,4.121655e+00
1.540000e+02,1.080000e+02,0.0,3.448783e+00,2.508439e+01,3.850979e+00
1.560000e+02,1.080000e+02,0.0,3.360281e+00,2.419661e+01,3.564792e+00
1.580000e+02,1.080000e+02,0.0,3.389598e+00,2.423229e+01,3.150275e+00
1.600000e+02,1.080000e+02,0.0,3.470219e+00,2.476846e+01,2.658731e+00
1.620000e+02,1.080000e+02,0.0,3.525560e+00,2.487158e+01,2.273621e+00
1.640000e+02,1.080000e+02,0.0,3.219248e+00,2.061741e+01,1.674696e+00
1.660000e+02,1.080000e+02,0.0,1.590203e+00,4.409960e+00,2.731037e-01
1.680000e+02,1.080000e+02,0.0,1.005365e+00,2.216041e-02,7.202536e-04
1.700000e+02,1.080000e+02,0.0,1.000009e+00,2.957842e-05,5.620143e-07
1.720000e+02,1.080000e+02,0.0,1.000000e+00,3.670896e-08,7.584694e-10
1.740000e+02,1.080000e+02,0.0,1.000000e+00,5.506736e-11,1.168358e-12
1.760000e+02,1.080000e+02,0.0,1.000000e+00,8.170944e-14,1.520768e-15
1.780000e+02,1.080000e+02,0.0,1.000000e+00,8.177402e-17,0.000000e+00
1.800000e+02,1.080000e+02,0.0,1.000000e+00,0.000000e+00,0.000000e+00
1.820000e+02,1.080000e+02,0.0,1.000000e+00,0.000000e+00,0.000000e+00
1.840000e+02,1.080000e+02,0.0,1.000000e+00,0.000000e+00,0.000000e+00
1.860000e+02,1.080000e+02,0.0,1.000000e+00,0.000000e+00,0.000000e+00
1.880000e+02,1.080000e+02,0.0,1.000000e+00,0.000000e+00,0.000000e+00
1.900000e+02,1.080000e+02,0.0,1.000000e+00,0.000000e+00,0.000000e+00
1.920000e+02,1.080000e+02,0.0,1.000000e+00,0.000000e+00,0.000000e+00
1.940000e+02,1.080000e+02,0.0,1.000000e+00,0.000000e+00,0.000000e+00
1.960000e+02,1.080000e+02,0.0,1.000000e+00,0.000000e+00,0.000000e+00
1.980000e+02,1.080000e+02,0.0,1.000000e+00,0.000000e+00,0.000000e+00
2.000000e+02,1.080000e+02,0.0,1.000000e+00,0.000000e+00,0.000000e+00
0.000000e+00,1.100000e+02,0.0,1.000000e+00,0.000000e+00,0.000000e+00
2.000000e+00,1.100000e+02,0.0,1.000000e+00,0.000000e+00,0.000000e+00
4.000000e+00,1.100000e+02,0.0,1.000000e+00,0.000000e+00,0.000000e+00
6.000000e+00,1.100000e+02,0.0,1.000000e+00,0.000000e+00,0.000000e+00
8.000000e+00,1.100000e+02,0.0,1.000000e+00,0.000000e+00,0.000000e+00
1.000000e+01,1.100000e+02,0.0,1.000000e+00,0.000000e+00,0.000000e+00
1.200000e+01,1.100000e+02,0.0,1.000000e+00,0.000000e+00,0.000000e+00
1.400000e+01,1.100000e+02,0.0,1.000000e+00,0.000000e+00,0.000000e+00
1.600000e+01,1.100000e+02,0.0,1.000000e+00,0.000000e+00,0.000000e+00
1.800000e+01,1.100000e+02,0.0,1.000000e+00,0.000000e+00,0.000000e+00
2.000000e+01,1.100000e+02,0.0,1.000000e+00,0.000000e+00,0.000000e+00
2.200000e+01,1.100000e+02,0.0,1.000000e+00,-3.271078e-17,0.000000e+00
2.400000e+01,1.100000e+02,0.0,1.000000e+00,-2.858179e-14,1.046496e-15
2.600000e+01,1.100000e+02,0.0,1.000000e+00,-1.804618e-11,7.415259e-13
2.800000e+01,1.100000e+02,0.0,1.000000e+00,-1.047315e-08,5.139007e-10
3.000000e+01,1.100000e+02,0.0,1.000002e+00,-5.824157e-06,3.215080e-07
3.200000e+01,1.100000e+02,0.0,1.001359e+00,-4.749719e-03,2.573755e-04
3.400000e+01,1.100000e+02,0.0,1.306886e+00,-2.051687e+00,2.471712e-01
3.600000e+01,1.100000e+02,0.0,2.939933e+00,-1.670964e+01,2.495084e+00
3.800000e+01,1.100000e+02,0.0,3.560949e+00,-2.424260e+01,3.624061e+00
4.000000e+01,1.100000e+02,0.0,3.553821e+00,-2.474294e+01,3.938241e+00
4.200000e+01,1.100000e+02,0.0,3.504587e+00,-2.453586e+01,4.612777e+00
4.400000e+01,1.100000e+02,0.0,3.436245e+00,-2.439529e+01,5.289191e+00
4.600000e+01,1.100000e+02,0.0,3.418766e+00,-2.486075e+01,5.617487e+00
4.800000e+01,1.100000e+02,0.0,3.458891e+00,-2.541801e+01,5.484487e+00
5.000000e+01,1.100000e+02,0.0,3.651807e+00,-2.588364e+01,4.985783e+00
5.200000e+01,1.100000e+02,0.0,4.121410e+00,-2.648459e+01,4.945672e+00
5.400000e+01,1.100000e+02,0.0,4.763119e+00,-2.636259e+01,5.447597e+00
5.600000e+01,1.100000e+02,0.0,5.444888e+00,-2.541902e+01,5.454019e+00
5.800000e+01,1.100000e+02,0.0,6.133499e+00,-2.369778e+01,5.339521e+00
6.000000e+01,1.100000e+02,0.0,6.846851e+00,-2.105240e+01,4.941701e+00
6.200000e+01,1.100000e+02,0.0,7.581030e+00,-1.742648e+01,4.171509e+00
6.400000e+01,1.100000e+02,0.0,8.362440e+00,-1.263302e+01,3.151391e+00
6.600000e+01,1.100000e+02,0.0,9.178806e+00,-6.766714e+00,1.820289e+00
6.800000e+01,1.100000e+02,0.0,9.871794e+00,-1.181664e+00,1.831698e-01
7.000000e+01,1.100000e+02,0.0,9.993125e+00,-6.526760e-02,8.704459e-03
7.200000e+01,1.100000e+02,0.0,9.999585e+00,-3.974288e-03,4.377431e-04
7.400000e+01,1.100000e+02,0.0,9.999974e+00,-2.452943e-04,2.173546e-05
7.600000e+01,1.100000e+02,0.0,9.999998e+00,-1.483625e-05,1.070739e-06
7.800000e+01,1.100000e+02,0.0,1.000000e+01,-8.617744e-07,5.125863e-08
8.000000e+01,1.100000e+02,0.0,1.000000e+01,-4.713906e-08,2.341302e-09
8.200000e+01,1.100000e+02,0.0,1.000000e+01,-2.398333e-09,1.012273e-10
8.400000e+01,1.100000e+02,0.0,1.000000e+01,-1.126568e-10,4.247880e-12
8.600000e+01,1.100000e+02,0.0,1.000000e+01,-4.876469e-12,2.019351e-13
8.800000e+01,1.100000e+02,0.0,1.000000e+01,-1.872823e-13,1.046164e-14
9.000000e+01,1.100000e+02,0.0,1.000000e+01,-5.231887e-15,5.231887e-15
9.200000e+01,1.100000e+02,0.0,1.000000e+01,-1.722910e-47,5.231887e-15
9.400000e+01,1.100000e+02,0.0,1.000000e+01,-5.819127e-47,5.231887e-15
9.600000e+01,1.100000e+02,0.0,1.000000e+01,-1.043059e-46,5.231887e-15
9.800000e+01,1.100000e+02,0.0,1.000000e+01,4.163199e-32,4.185143e-15
1.000000e+02,1.100000e+02,0.0,1.000000e+01,2.437727e-160,4.184972e-15
1.020000e+02,1.100000e+02,0.0,1.000000e+01,-4.163199e-32,4.185143e-15
1.040000e+02,1.100000e+02,0.0,1.000000e+01,1.043059e-46,5.231887e-15
1.060000e+02,1.100000e+02,0.0,1.000000e+01,5.819127e-47,5.231887e-15
1.080000e+02,1.100000e+02,0.0,1.000000e+01,1.722910e-47,5.231887e-15
1.100000e+02,1.100000e+02,0.0,1.000000e+01,5.231887e-15,5.231887e-15
1.120000e+02,1.100000e+02,0.0,1.000000e+01,1.872823e-13,1.046164e-14
1.140000e+02,1.100000e+02,0.0,1.000000e+01,4.876469e-12,2.019351e-13
1.160000e+02,1.100000e+02,0.0,1.000000e+01,1.126568e-10,4.247880e-12
1.180000e+02,1.100000e+02,0.0,1.000000e+01,2.398333e-09,1.012273e-10
1.200000e+02,1.100000e+02,0.0,1.000000e+01,4.713906e-08,2.341302e-09
1.220000e+02,1.100000e+02,0.0,1.000000e+01,8.617744e-07,5.125863e-08
1.240000e+02,1.100000e+02,0.0,9.999998e+00,1.483625e-05,1.070739e-06
1.260000e+02,1.100000e+02,0.0,9.999974e+00,2.452943e-04,2.173546e-05
1.280000e+02,1.100000e+02,0.0,9.999585e+00,3.974288e-03,4.377431e-04
1.300000e+02,1.100000e+02,0.0,9.993125e+00,6.526760e-02,8.704459e-03
1.320000e+02,1.100000e+02,0.0,9.871794e+00,1.181664e+00,1.831698e-01
1.340000e+02,1.100000e+02,0.0,9.178806e+00,6.766714e+00,1.820289e+00
1.360000e+02,1.100000e+02,0.0,8.362440e+00,1.263302e+01,3.151391e+00
1.380000e+02,1.100000e+02,0.0,7.581030e+00,1.742648e+01,4.171509e+00
1.400000e+02,1.100000e+02,0.0,6.846851e+00,2.105240e+01,4.941701e+00
1.420000e+02,1.100000e+02,0.0,6.133499e+00,2.369778e+01,5.339521e+00
1.440000e+02,1.100000e+02,0.0,5.444888e+00,2.541902e+01,5.454019e+00
1.460000e+02,1.100000e+02,0.0,4.763119e+00,2.636259e+01,5.447597e+00
1.480000e+02,1.100000e+02,0.0,4.121410e+00,2.648459e+01,4.945672e+00
1.500000e+02,1.100000e+02,0.0,3.651807e+00,2.588364e+01,4.985783e+00
1.520000e+02,1.100000e+02,0.0,3.458891e+00,2.541801e+01,5.484487e+00
1.540000e+02,1.100000e+02,0.0,3.418766e+00,2.486075e+01,5.617487e+00
1.560000e+02,1.100000e+02,0.0,3.436245e+00,2.439529e+01,5.289191e+00
1.580000e+02,1.100000e+02,0.0,3.504587e+00,2.453586e+01,4.612777e+00
1.600000e+02,1.100000e+02,0.0,3.553821e+00,2.474294e+01,3.938241e+00
1.620000e+02,1.100000e+02,0.0,3.560949e+00,2.424260e+01,3.624061e+00
1.640000e+02,1.100000e+02,0.0,2.939933e+00,1.670964e+01,2.495084e+00
1.660000e+02,1.100000e+02,0.0,1.306886e+00,2.051687e+00,2.471712e-01
1.680000e+02,1.100000e+02,0.0,1.001359e+00,4.749719e-03,2.573755e-04
1.700000e+02,1.100000e+02,0.0,1.000002e+00,5.824157e-06,3.215080e-07
1.720000e+02,1.100000e+02,0.0,1.000000e+00,1.047315e-08,5.139007e-10
1.740000e+02,1.100000e+02,0.0,1.000000e+00,1.804618e-11,7.415259e-13
1.760000e+02,1.100000e+02,0.0,1.000000e+00,2.858179e-14,1.046496e-15
1.780000e+02,1.100000e+02,0.0,1.000000e+00,3.271078e-17,0.000000e+00
1.800000e+02,1.100000e+02,0.0,1.000000e+00,0.000000e+00,0.000000e+00
1.820000e+02,1.100000e+02,0.0,1.000000e+00,0.000000e+00,0.000000e+00
1.840000e+02,1.100000e+02,0.0,1.000000e+00,0.000000e+00,0.000000e+00
1.860000e+02,1.100000e+02,0.0,1.000000e+00,0.000000e+00,0.000000e+00
1.880000e+02,1.100000e+02,0.0,1.000000e+00,0.000000e+00,0.000000e+00
1.900000e+02,1.100000e+02,0.0,1.000000e+00,0.000000e+00,0.000000e+00
1.920000e+02,1.100000e+02,0.0,1.000000e+00,0.000000e+00,0.000000e+00
1.940000e+02,1.100000e+02,0.0,1.000000e+00,0.000000e+00,0.000000e+00
1.960000e+02,1.100000e+02,0.0,1.000000e+00,0.000000e+00,0.000000e+00
1.980000e+02,1.100000e+02,0.0,1.000000e+00,0.000000e+00,0.000000e+00
2.000000e+02,1.100000e+02,0.0,1.000000e+00,0.000000e+00,0.000000e+00
0.000000e+00,1.120000e+02,0.0,1.000000e+00,0.000000e+00,0.000000e+00
2.000000e+00,1.120000e+02,0.0,1.000000e+00,0.000000e+00,0.000000e+00
4.000000e+00,1.120000e+02,0.0,1.000000e+00,0.000000e+00,0.000000e+00
6.000000e+00,1.120000e+02,0.0,1.000000e+00,0.000000e+00,0.000000e+00
8.000000e+00,1.120000e+02,0.0,1.000000e+00,0.000000e+00,0.000000e+00
1.000000e+01,1.120000e+02,0.0,1.000000e+00,0.000000e+00,0.000000e+00
1.200000e+01,1.120000e+02,0.0,1.000000e+00,0.000000e+00,0.000000e+00
1.400000e+01,1.120000e+02,0.0,1.000000e+00,0.000000e+00,0.000000e+00
1.600000e+01,1.120000e+02,0.0,1.000000e+00,0.000000e+00,0.000000e+00
1.800000e+01,1.120000e+02,0.0,1.000000e+00,0.000000e+00,0.000000e+00
2.000000e+01,1.120000e+02,0.0,1.000000e+00,0.000000e+00,0.000000e+00
2.200000e+01,1.120000e+02,0.0,1.000000e+00,0.000000e+00,0.000000e+00
2.400000e+01,1.120000e+02,0.0,1.000000e+00,-5.853401e-15,2.452887e-16
2.600000e+01,1.120000e+02,0.0,1.000000e+00,-2.926657e-12,1.252228e-13
2.800000e+01,1.120000e+02,0.0,1.000000e+00,-1.607662e-09,6.262245e-11
3.000000e+01,1.120000e+02,0.0,1.000000e+00,-8.846466e-07,3.556260e-08
3.200000e+01,1.120000e+02,0.0,1.000131e+00,-4.185282e-04,1.964718e-05
3.400000e+01,1.120000e+02,0.0,1.053681e+00,-2.917808e-01,3.175481e-02
3.600000e+01,1.120000e+02,0.0,2.398330e+00,-1.084225e+01,2.134409e+00
3.800000e+01,1.120000e+02,0.0,3.543261e+00,-2.270058e+01,4.380651e+00
4.000000e+01,1.120000e+02,0.0,3.647891e+00,-2.457552e+01,4.747184e+00
4.200000e+01,1.120000e+02,0.0,3.613295e+00,-2.480822e+01,5.606743e+00
4.400000e+01,1.120000e+02,0.0,3.518210e+00,-2.476610e+01,6.318990e+00
4.600000e+01,1.120000e+02,0.0,3.367002e+00,-2.465579e+01,6.297445e+00
4.800000e+01,1.120000e+02,0.0,3.311157e+00,-2.475122e+01,6.099792e+00
5.000000e+01,1.120000e+02,0.0,3.399136e+00,-2.508779e+01,5.540974e+00
5.200000e+01,1.120000e+02,0.0,3.978232e+00,-2.585450e+01,5.762199e+00
5.400000e+01,1.120000e+02,0.0,4.602110e+00,-2.594811e+01,6.442756e+00
5.600000e+01,1.120000e+02,0.0,5.273014e+00,-2.527085e+01,6.505942e+00
5.800000e+01,1.120000e+02,0.0,5.955826e+00,-2.382233e+01,6.420328e+00
6.000000e+01,1.120000e+02,0.0,6.660185e+00,-2.146921e+01,6.066605e+00
6.200000e+01,1.120000e+02,0.0,7.394637e+00,-1.813652e+01,5.469041e+00
6.400000e+01,1.120000e+02,0.0,8.166751e+00,-1.375489e+01,4.622504e+00
6.600000e+01,1.120000e+02,0.0,8.944766e+00,-8.514313e+00,3.262246e+00
6.800000e+01,1.120000e+02,0.0,9.676005e+00,-2.684907e+00,1.075034e+00
7.000000e+01,1.120000e+02,0.0,9.980556e+00,-1.801450e-01,4.880797e-02
7.200000e+01,1.120000e+02,0.0,9.998911e+00,-1.011315e-02,2.661684e-03
7.400000e+01,1.120000e+02,0.0,9.999939e+00,-5.681238e-04,1.433019e-04
7.600000e+01,1.120000e+02,0.0,9.999997e+00,-3.174478e-05,7.508353e-06
7.800000e+01,1.120000e+02,0.0,1.000000e+01,-1.720766e-06,3.791197e-07
8.000000e+01,1.120000e+02,0.0,1.000000e+01,-8.908322e-08,1.829687e-08
8.200000e+01,1.120000e+02,0.0,1.000000e+01,-4.347486e-09,8.491534e-10
8.400000e+01,1.120000e+02,0.0,1.000000e+01,-1.987827e-10,4.127159e-11
8.600000e+01,1.120000e+02,0.0,1.000000e+01,-8.612712e-12,2.635571e-12
8.800000e+01,1.120000e+02,0.0,1.000000e+01,-3.578329e-13,3.578329e-13
9.000000e+01,1.120000e+02,0.0,1.000000e+01,-1.046164e-14,1.872823e-13
9.200000e+01,1.120000e+02,0.0,1.000000e+01,-1.046745e-15,1.757746e-13
9.400000e+01,1.120000e+02,0.0,1.000000e+01,-2.093490e-15,1.736811e-13
9.600000e+01,1.120000e+02,0.0,1.000000e+01,-2.093490e-15,1.579858e-13
9.800000e+01,1.120000e+02,0.0,1.000000e+01,-4.184468e-15,1.381094e-13
1.000000e+02,1.120000e+02,0.0,1.000000e+01,-9.158454e-140,1.077664e-13
1.020000e+02,1.120000e+02,0.0,1.000000e+01,4.184468e-15,1.381094e-13
1.040000e+02,1.120000e+02,0.0,1.000000e+01,2.093490e-15,1.579858e-13
1.060000e+02,1.120000e+02,0.0,1.000000e+01,2.093490e-15,1.736811e-13
1.080000e+02,1.120000e+02,0.0,1.000000e+01,1.046745e-15,1.757746e-13
1.100000e+02,1.120000e+02,0.0,1.000000e+01,1.046164e-14,1.872823e-13
1.120000e+02,1.120000e+02,0.0,1.000000e+01,3.578329e-13,3.578329e-13
1.140000e+02,1.120000e+02,0.0,1.000000e+01,8.612712e-12,2.635571e-12
1.160000e+02,1.120000e+02,0.0,1.000000e+01,1.987827e-10,4.127159e-11
1.180000e+02,1.120000e+02,0.0,1.000000e+01,4.347486e-09,8.491534e-10
1.200000e+02,1.120000e+02,0.0,1.000000e+01,8.908322e-08,1.829687e-08
1.220000e+02,1.120000e+02,0.0,1.000000e+01,1.720766e-06,3.791197e-07
1.240000e+02,1.120000e+02,0.0,9.999997e+00,3.174478e-05,7.508353e-06
1.260000e+02,1.120000e+02,0.0,9.999939e+00,5.681238e-04,1.433019e-04
1.280000e+02,1.120000e+02,0.0,9.998911e+00,1.011315e-02,2.661684e-03
1.300000e+02,1.120000e+02,0.0,9.980556e+00,1.801450e-01,4.880797e-02
1.320000e+02,1.120000e+02,0.0,9.676005e+00,2.684907e+00,1.075034e+00
1.340000e+02,1.120000e+02,0.0,8.944766e+00,8.514313e+00,3.262246e+00
1.360000e+02,1.120000e+02,0.0,8.166751e+00,1.375489e+01,4.622504e+00
1.380000e+02,1.120000e+02,0.0,7.394637e+00,1.813652e+01,5.469041e+00
1.400000e+02,1.120000e+02,0.0,6.660185e+00,2.146921e+01,6.066605e+00
1.420000e+02,1.120000e+02,0.0,5.955826e+00,2.382233e+01,6.420328e+00
1.440000e+02,1.120000e+02,0.0,5.273014e+00,2.527085e+01,6.505942e+00
1.460000e+02,1.120000e+02,0.0,4.602110e+00,2.594811e+01,6.442756e+00
1.480000e+02,1.120000e+02,0.0,3.978232e+00,2.585450e+01,5.762199e+00
1.500000e+02,1.120000e+02,0.0,3.399136e+00,2.508779e+01,5.540974e+00
1.520000e+02,1.120000e+02,0.0,3.311157e+00,2.475122e+01,6.099792e+00
1.540000e+02,1.120000e+02,0.0,3.367002e+00,2.465579e+01,6.297445e+00
1.560000e+02,1.120000e+02,0.0,3.518210e+00,2.476610e+01,6.318990e+00
1.580000e+02,1.120000e+02,0.0,3.613295e+00,2.480822e+01,5.606743e+00
1.600000e+02,1.120000e+02,0.0,3.647891e+00,2.457552e+01,4.747184e+00
1.620000e+02,1.120000e+02,0.0,3.543261e+00,2.270058e+01,4.380651e+00
1.640000e+02,1.120000e+02,0.0,2.398330e+00,1.084225e+01,2.134409e+00
1.660000e+02,1.120000e+02,0.0,1.053681e+00,2.917808e-01,3.175481e-02
1.680000e+02,1.120000e+02,0.0,1.000131e+00,4.185282e-04,1.964718e-05
1.700000e+02,1.120000e+02,0.0,1.000000e+00,8.846466e-07,3.556260e-08
1.720000e+02,1.120000e+02,0.0,1.000000e+00,1.607662e-09,6.262245e-11
1.740000e+02,1.120000e+02,0.0,1.000000e+00,2.926657e-12,1.252228e-13
1.760000e+02,1.120000e+02,0.0,1.000000e+00,5.853401e-15,2.452887e-16
1.780000e+02,1.120000e+02,0.0,1.000000e+00,0.000000e+00,0.000000e+00
1.800000e+02,1.120000e+02,0.0,1.000000e+00,0.000000e+00,0.000000e+00
1.820000e+02,1.120000e+02,0.0,1.000000e+00,0.000000e+00,0.000000e+00
1.840000e+02,1.120000e+02,0.0,1.000000e+00,0.000000e+00,0.000000e+00
1.860000e+02,1.120000e+02,0.0,1.000000e+00,0.000000e+00,0.000000e+00
1.880000e+02,1.120000e+02,0.0,1.000000e+00,0.000000e+00,0.000000e+00
1.900000e+02,1.120000e+02,0.0,1.000000e+00,0.000000e+00,0.000000e+00
1.920000e+02,1.120000e+02,0.0,1.000000e+00,0.000000e+00,0.000000e+00
1.940000e+02,1.120000e+02,0.0,1.000000e+00,0.000000e+00,0.000000e+00
1.960000e+02,1.120000e+02,0.0,1.000000e+00,0.000000e+00,0.000000e+00
1.980000e+02,1.120000e+02,0.0,1.000000e+00,0.000000e+00,0.000000e+00
2.000000e+02,1.120000e+02,0.0,1.000000e+00,0.000000e+00,0.000000e+00
0.000000e+00,1.140000e+02,0.0,1.000000e+00,0.000000e+00,0.000000e+00
2.000000e+00,1.140000e+02,0.0,1.000000e+00,0.000000e+00,0.000000e+00
4.000000e+00,1.140000e+02,0.0,1.000000e+00,0.000000e+00,0.000000e+00
6.000000e+00,1.140000e+02,0.0,1.000000e+00,0.000000e+00,0.000000e+00
8.000000e+00,1.140000e+02,0.0,1.000000e+00,0.000000e+00,0.000000e+00
1.000000e+01,1.140000e+02,0.0,1.000000e+00,0.000000e+00,0.000000e+00
1.200000e+01,1.140000e+02,0.0,1.000000e+00,0.000000e+00,0.000000e+00
1.400000e+01,1.140000e+02,0.0,1.000000e+00,0.000000e+00,0.000000e+00
1.600000e+01,1.140000e+02,0.0,1.000000e+00,0.000000e+00,0.000000e+00
1.800000e+01,1.140000e+02,0.0,1.000000e+00,0.000000e+00,0.000000e+00
2.000000e+01,1.140000e+02,0.0,1.000000e+00,0.000000e+00,0.000000e+00
2.200000e+01,1.140000e+02,0.0,1.000000e+00,0.000000e+00,0.000000e+00
2.400000e+01,1.140000e+02,0.0,1.000000e+00,-9.483305e-16,-1.635539e-17
2.600000e+01,1.140000e+02,0.0,1.000000e+00,-5.138900e-13,2.096131e-14
2.800000e+01,1.140000e+02,0.0,1.000000e+00,-2.550920e-10,1.043531e-11
3.000000e+01,1.140000e+02,0.0,1.000000e+00,-1.442564e-07,5.189010e-09
3.200000e+01,1.140000e+02,0.0,1.000027e+00,-8.418528e-05,3.122935e-06
3.400000e+01,1.140000e+02,0.0,1.010054e+00,-4.416763e-02,3.453000e-03
3.600000e+01,1.140000e+02,0.0,1.800180e+00,-5.700969e+00,1.041182e+00
3.800000e+01,1.140000e+02,0.0,3.387848e+00,-2.029303e+01,4.551922e+00
4.000000e+01,1.140000e+02,0.0,3.643848e+00,-2.379783e+01,5.382839e+00
4.200000e+01,1.140000e+02,0.0,3.609450e+00,-2.433439e+01,5.908371e+00
4.400000e+01,1.140000e+02,0.0,3.511932e+00,-2.439278e+01,6.537528e+00
4.600000e+01,1.140000e+02,0.0,3.325126e+00,-2.420158e+01,6.508273e+00
4.800000e+01,1.140000e+02,0.0,3.220854e+00,-2.408285e+01,6.335629e+00
5.000000e+01,1.140000e+02,0.0,3.236256e+00,-2.421154e+01,5.824277e+00
5.200000e+01,1.140000e+02,0.0,3.838763e+00,-2.515373e+01,6.548078e+00
5.400000e+01,1.140000e+02,0.0,4.441414e+00,-2.546686e+01,7.388785e+00
5.600000e+01,1.140000e+02,0.0,5.101317e+00,-2.509170e+01,7.564783e+00
5.800000e+01,1.140000e+02,0.0,5.779454e+00,-2.392707e+01,7.584288e+00
6.000000e+01,1.140000e+02,0.0,6.483064e+00,-2.186296e+01,7.391577e+00
6.200000e+01,1.140000e+02,0.0,7.215611e+00,-1.886278e+01,6.975561e+00
6.400000e+01,1.140000e+02,0.0,7.959471e+00,-1.496403e+01,6.160053e+00
6.600000e+01,1.140000e+02,0.0,8.679988e+00,-1.033972e+01,4.647727e+00
6.800000e+01,1.140000e+02,0.0,9.371838e+00,-5.207722e+00,2.369661e+00
7.000000e+01,1.140000e+02,0.0,9.919385e+00,-7.251320e-01,2.179322e-01
7.200000e+01,1.140000e+02,0.0,9.995814e+00,-3.854051e-02,1.281855e-02
7.400000e+01,1.140000e+02,0.0,9.999759e+00,-2.222915e-03,7.178130e-04
7.600000e+01,1.140000e+02,0.0,9.999987e+00,-1.235427e-04,3.951542e-05
7.800000e+01,1.140000e+02,0.0,9.999999e+00,-6.687964e-06,2.109550e-06
8.000000e+01,1.140000e+02,0.0,1.000000e+01,-3.482149e-07,1.094353e-07
8.200000e+01,1.140000e+02,0.0,1.000000e+01,-1.728579e-08,5.793632e-09
8.400000e+01,1.140000e+02,0.0,1.000000e+01,-8.328343e-10,3.939893e-10
8.600000e+01,1.140000e+02,0.0,1.000000e+01,-4.257379e-11,4.257379e-11
8.800000e+01,1.140000e+02,0.0,1.000000e+01,-2.635571e-12,8.612712e-12
9.000000e+01,1.140000e+02,0.0,1.000000e+01,-2.019351e-13,4.876469e-12
9.200000e+01,1.140000e+02,0.0,1.000000e+01,-2.301701e-14,4.509223e-12
9.400000e+01,1.140000e+02,0.0,1.000000e+01,-2.614975e-14,4.453767e-12
9.600000e+01,1.140000e+02,0.0,1.000000e+01,-1.046221e-13,4.129449e-12
9.800000e+01,1.140000e+02,0.0,1.000000e+01,-1.370623e-13,3.499620e-12
1.000000e+02,1.140000e+02,0.0,1.000000e+01,4.305517e-121,2.903309e-12
1.020000e+02,1.140000e+02,0.0,1.000000e+01,1.370623e-13,3.499620e-12
1.040000e+02,1.140000e+02,0.0,1.000000e+01,1.046221e-13,4.129449e-12
1.060000e+02,1.140000e+02,0.0,1.000000e+01,2.614975e-14,4.453767e-12
1.080000e+02,1.140000e+02,0.0,1.000000e+01,2.301701e-14,4.509223e-12
1.100000e+02,1.140000e+02,0.0,1.000000e+01,2.019351e-13,4.876469e-12
1.120000e+02,1.140000e+02,0.0,1.000000e+01,2.635571e-12,8.612712e-12
1.140000e+02,1.140000e+02,0.0,1.000000e+01,4.257379e-11,4.257379e-11
1.160000e+02,1.140000e+02,0.0,1.000000e+01,8.328343e-10,3.939893e-10
1.180000e+02,1.140000e+02,0.0,1.000000e+01,1.728579e-08,5.793632e-09
1.200000e+02,1.140000e+02,0.0,1.000000e+01,3.482149e-07,1.094353e-07
1.220000e+02,1.140000e+02,0.0,9.999999e+00,6.687964e-06,2.109550e-06
1.240000e+02,1.140000e+02,0.0,9.999987e+00,1.235427e-04,3.951542e-05
1.260000e+02,1.140000e+02,0.0,9.999759e+00,2.222915e-03,7.178130e-04
1.280000e+02,1.140000e+02,0.0,9.995814e+00,3.854051e-02,1.281855e-02
1.300000e+02,1.140000e+02,0.0,9.919385e+00,7.251320e-01,2.179322e-01
1.320000e+02,1.140000e+02,0.0,9.371838e+00,5.207722e+00,2.369661e+00
1.340000e+02,1.140000e+02,0.0,8.679988e+00,1.033972e+01,4.647727e+00
1.360000e+02,1.140000e+02,0.0,7.959471e+00,1.496403e+01,6.160053e+00
1.380000e+02,1.140000e+02,0.0,7.215611e+00,1.886278e+01,6.975561e+00
1.400000e+02,1.140000e+02,0.0,6.483064e+00,2.186296e+01,7.391577e+00
1.420000e+02,1.140000e+02,0.0,5.779454e+00,2.392707e+01,7.584288e+00
1.440000e+02,1.140000e+02,0.0,5.101317e+00,2.509170e+01,7.564783e+00
1.460000e+02,1.140000e+02,0.0,4.441414e+00,2.546686e+01,7.388785e+00
1.480000e+02,1.140000e+02,0.0,3.838763e+00,2.515373e+01,6.548078e+00
1.500000e+02,1.140000e+02,0.0,3.236256e+00,2.421154e+01,5.824277e+00
1.520000e+02,1.140000e+02,0.0,3.220854e+00,2.408285e+01,6.335629e+00
1.540000e+02,1.140000e+02,0.0,3.325126e+00,2.420158e+01,6.508273e+00
1.560000e+02,1.140000e+02,0.0,3.511932e+00,2.439278e+01,6.537528e+00
1.580000e+02,1.140000e+02,0.0,3.609450e+00,2.433439e+01,5.908371e+00
1.600000e+02,1.140000e+02,0.0,3.643848e+00,2.379783e+01,5.382839e+00
1.620000e+02,1.140000e+02,0.0,3.387848e+00,2.029303e+01,4.551922e+00
1.640000e+02,1.140000e+02,0.0,1.800180e+00,5.700969e+00,1.041182e+00
1.660000e+02,1.140000e+02,0.0,1.010054e+00,4.416763e-02,3.453000e-03
1.680000e+02,1.140000e+02,0.0,1.000027e+00,8.418528e-05,3.122935e-06
1.700000e+02,1.140000e+02,0.0,1.000000e+00,1.442564e-07,5.189010e-09
1.720000e+02,1.140000e+02,0.0,1.000000e+00,2.550920e-10,1.043531e-11
1.740000e+02,1.140000e+02,0.0,1.000000e+00,5.138900e-13,2.096131e-14
1.760000e+02,1.140000e+02,0.0,1.000000e+00,9.483305e-16,-1.635539e-17
1.780000e+02,1.140000e+02,0.0,1.000000e+00,0.000000e+00,0.000000e+00
1.800000e+02,1.140000e+02,0.0,1.000000e+00,0.000000e+00,0.000000e+00
1.820000e+02,1.140000e+02,0.0,1.000000e+00,0.000000e+00,0.000000e+00
1.840000e+02,1.140000e+02,0.0,1.000000e+00,0.000000e+00,0.000000e+00
1.860000e+02,1.140000e+02,0.0,1.000000e+00,0.000000e+00,0.000000e+00
1.880000e+02,1.140000e+02,0.0,1.000000e+00,0.000000e+00,0.000000e+00
1.900000e+02,1.140000e+02,0.0,1.000000e+00,0.000000e+00,0.000000e+00
1.920000e+02,1.140000e+02,0.0,1.000000e+00,0.000000e+00,0.000000e+00
1.940000e+02,1.140000e+02,0.0,1.000000e+00,0.000000e+00,0.000000e+00
1.960000e+02,1.140000e+02,0.0,1.000000e+00,0.000000e+00,0.000000e+00
1.980000e+02,1.140000e+02,0.0,1.000000e+00,0.000000e+00,0.000000e+00
2.000000e+02,1.140000e+02,0.0,1.000000e+00,0.000000e+00,0.000000e+00
0.000000e+00,1.160000e+02,0.0,1.000000e+00,0.000000e+00,0.000000e+00
2.000000e+00,1.160000e+02,0.0,1.000000e+00,0.000000e+00,0.000000e+00
4.000000e+00,1.160000e+02,0.0,1.000000e+00,0.000000e+00,0.000000e+00
6.000000e+00,1.160000e+02,0.0,1.000000e+00,0.000000e+00,0.000000e+00
8.000000e+00,1.160000e+02,0.0,1.000000e+00,0.000000e+00,0.000000e+00
1.000000e+01,1.160000e+02,0.0,1.000000e+00,0.000000e+00,0.000000e+00
1.200000e+01,1.160000e+02,0.0,1.000000e+00,0.000000e+00,0.000000e+00
1.400000e+01,1.160000e+02,0.0,1.000000e+00,0.000000e+00,0.000000e+00
1.600000e+01,1.160000e+02,0.0,1.000000e+00,0.000000e+00,0.000000e+00
1.800000e+01,1.160000e+02,0.0,1.000000e+00,0.000000e+00,0.000000e+00
2.000000e+01,1.160000e+02,0.0,1.000000e+00,0.000000e+00,0.000000e+00
2.200000e+01,1.160000e+02,0.0,1.000000e+00,0.000000e+00,0.000000e+00
2.400000e+01,1.160000e+02,0.0,1.000000e+00,-1.798387e-16,0.000000e+00
2.600000e+01,1.160000e+02,0.0,1.000000e+00,-1.032709e-13,3.564404e-15
2.800000e+01,1.160000e+02,0.0,1.000000e+00,-5.392245e-11,1.854449e-12
3.000000e+01,1.160000e+02,0.0,1.000000e+00,-2.505375e-08,9.156892e-10
3.200000e+01,1.160000e+02,0.0,1.000004e+00,-1.358912e-05,4.063549e-07
3.400000e+01,1.160000e+02,0.0,1.002470e+00,-9.222224e-03,3.777912e-04
3.600000e+01,1.160000e+02,0.0,1.383378e+00,-2.545785e+00,3.313102e-01
3.800000e+01,1.160000e+02,0.0,3.027520e+00,-1.628840e+01,3.593729e+00
4.000000e+01,1.160000e+02,0.0,3.573212e+00,-2.216181e+01,5.813990e+00
4.200000e+01,1.160000e+02,0.0,3.578956e+00,-2.323519e+01,6.472258e+00
4.400000e+01,1.160000e+02,0.0,3.493205e+00,-2.372851e+01,6.800665e+00
4.600000e+01,1.160000e+02,0.0,3.321103e+00,-2.380423e+01,6.706250e+00
4.800000e+01,1.160000e+02,0.0,3.180420e+00,-2.369806e+01,6.494217e+00
5.000000e+01,1.160000e+02,0.0,3.168381e+00,-2.370712e+01,6.303096e+00
5.200000e+01,1.160000e+02,0.0,3.744866e+00,-2.478543e+01,7.369850e+00
5.400000e+01,1.160000e+02,0.0,4.292503e+00,-2.533493e+01,8.452242e+00
5.600000e+01,1.160000e+02,0.0,4.939589e+00,-2.520780e+01,8.745473e+00
5.800000e+01,1.160000e+02,0.0,5.614060e+00,-2.427182e+01,8.959231e+00
6.000000e+01,1.160000e+02,0.0,6.309901e+00,-2.245420e+01,8.948220e+00
6.200000e+01,1.160000e+02,0.0,7.010447e+00,-1.976746e+01,8.564563e+00
6.400000e+01,1.160000e+02,0.0,7.704465e+00,-1.637684e+01,7.689150e+00
6.600000e+01,1.160000e+02,0.0,8.376948e+00,-1.237709e+01,5.981658e+00
6.800000e+01,1.160000e+02,0.0,9.050276e+00,-7.730634e+00,3.686030e+00
7.000000e+01,1.160000e+02,0.0,9.703263e+00,-2.516028e+00,1.065787e+00
7.200000e+01,1.160000e+02,0.0,9.981540e+00,-1.704886e-01,5.542016e-02
7.400000e+01,1.160000e+02,0.0,9.998959e+00,-9.654804e-03,3.146853e-03
7.600000e+01,1.160000e+02,0.0,9.999942e+00,-5.411899e-04,1.777129e-04
7.800000e+01,1.160000e+02,0.0,9.999997e+00,-3.004430e-05,9.934819e-06
8.000000e+01,1.160000e+02,0.0,1.000000e+01,-1.623362e-06,5.797955e-07
8.200000e+01,1.160000e+02,0.0,1.000000e+01,-8.638298e-08,4.167774e-08
8.400000e+01,1.160000e+02,0.0,1.000000e+01,-5.008430e-09,5.008430e-09
8.600000e+01,1.160000e+02,0.0,1.000000e+01,-3.939893e-10,8.328343e-10
8.800000e+01,1.160000e+02,0.0,1.000000e+01,-4.127159e-11,1.987816e-10
9.000000e+01,1.160000e+02,0.0,1.000000e+01,-4.247880e-12,1.126568e-10
9.200000e+01,1.160000e+02,0.0,1.000000e+01,-4.750307e-13,1.036996e-10
9.400000e+01,1.160000e+02,0.0,1.000000e+01,-5.974355e-13,1.023447e-10
9.600000e+01,1.160000e+02,0.0,1.000000e+01,-2.566356e-12,9.479209e-11
9.800000e+01,1.160000e+02,0.0,1.000000e+01,-3.320564e-12,8.070119e-11
1.000000e+02,1.160000e+02,0.0,1.000000e+01,-8.371789e-103,6.790600e-11
1.020000e+02,1.160000e+02,0.0,1.000000e+01,3.320564e-12,8.070119e-11
1.040000e+02,1.160000e+02,0.0,1.000000e+01,2.566356e-12,9.479209e-11
1.060000e+02,1.160000e+02,0.0,1.000000e+01,5.974355e-13,1.023447e-10
1.080000e+02,1.160000e+02,0.0,1.000000e+01,4.750307e-13,1.036996e-10
1.100000e+02,1.160000e+02,0.0,1.000000e+01,4.247880e-12,1.126568e-10
1.120000e+02,1.160000e+02,0.0,1.000000e+01,4.127159e-11,1.987816e-10
1.140000e+02,1.160000e+02,0.0,1.000000e+01,3.939893e-10,8.328343e-10
1.160000e+02,1.160000e+02,0.0,1.000000e+01,5.008430e-09,5.008430e-09
1.180000e+02,1.160000e+02,0.0,1.000000e+01,8.638298e-08,4.167774e-08
1.200000e+02,1.160000e+02,0.0,1.000000e+01,1.623362e-06,5.797955e-07
1.220000e+02,1.160000e+02,0.0,9.999997e+00,3.004430e-05,9.934819e-06
1.240000e+02,1.160000e+02,0.0,9.999942e+00,5.411899e-04,1.777129e-04
1.260000e+02,1.160000e+02,0.0,9.998959e+00,9.654804e-03,3.146853e-03
1.280000e+02,1.160000e+02,0.0,9.981540e+00,1.704886e-01,5.542016e-02
1.300000e+02,1.160000e+02,0.0,9.703263e+00,2.516028e+00,1.065787e+00
1.320000e+02,1.160000e+02,0.0,9.050276e+00,7.730634e+00,3.686030e+00
1.340000e+02,1.160000e+02,0.0,8.376948e+00,1.237709e+01,5.981658e+00
1.360000e+02,1.160000e+02,0.0,7.704465e+00,1.637684e+01,7.689150e+00
1.380000e+02,1.160000e+02,0.0,7.010447e+00,1.976746e+01,8.564563e+00
1.400000e+02,1.160000e+02,0.0,6.309901e+00,2.245420e+01,8.948220e+00
1.420000e+02,1.160000e+02,0.0,5.614060e+00,2.427182e+01,8.959231e+00
1.440000e+02,1.160000e+02,0.0,4.939589e+00,2.520780e+01,8.745473e+00
1.460000e+02,1.160000e+02,0.0,4.292503e+00,2.533493e+01,8.452242e+00
1.480000e+02,1.160000e+02,0.0,3.744866e+00,2.478543e+01,7.369850e+00
1.500000e+02,1.160000e+02,0.0,3.168381e+00,2.370712e+01,6.303096e+00
1.520000e+02,1.160000e+02,0.0,3.180420e+00,2.369806e+01,6.494217e+00
1.540000e+02,1.160000e+02,0.0,3.321103e+00,2.380423e+01,6.706250e+00
1.560000e+02,1.160000e+02,0.0,3.493205e+00,2.372851e+01,6.800665e+00
1.580000e+02,1.160000e+02,0.0,3.578956e+00,2.323519e+01,6.472258e+00
1.600000e+02,1.160000e+02,0.0,3.573212e+00,2.216181e+01,5.813990e+00
1.620000e+02,1.160000e+02,0.0,3.027520e+00,1.628840e+01,3.593729e+00
1.640000e+02,1.160000e+02,0.0,1.383378e+00,2.545785e+00,3.313102e-01
1.660000e+02,1.160000e+02,0.0,1.002470e+00,9.222224e-03,3.777912e-04
1.680000e+02,1.160000e+02,0.0,1.000004e+00,1.358912e-05,4.063549e-07
1.700000e+02,1.160000e+02,0.0,1.000000e+00,2.505375e-08,9.156892e-10
1.720000e+02,1.160000e+02,0.0,1.000000e+00,5.392245e-11,1.854449e-12
1.740000e+02,1.160000e+02,0.0,1.000000e+00,1.032709e-13,3.564404e-15
1.760000e+02,1.160000e+02,0.0,1.000000e+00,1.798387e-16,0.000000e+00
1.780000e+02,1.160000e+02,0.0,1.000000e+00,0.000000e+00,0.000000e+00
1.800000e+02,1.160000e+02,0.0,1.000000e+00,0.000000e+00,0.000000e+00
1.820000e+02,1.160000e+02,0.0,1.000000e+00,0.000000e+00,0.000000e+00
1.840000e+02,1.160000e+02,0.0,1.000000e+00,0.000000e+00,0.000000e+00
1.860000e+02,1.160000e+02,0.0,1.000000e+00,0.000000e+00,0.000000e+00
1.880000e+02,1.160000e+02,0.0,1.000000e+00,0.000000e+00,0.000000e+00
1.900000e+02,1.160000e+02,0.0,1.000000e+00,0.000000e+00,0.000000e+00
1.920000e+02,1.160000e+02,0.0,1.000000e+00,0.000000e+00,0.000000e+00
1.940000e+02,1.160000e+02,0.0,1.000000e+00,0.000000e+00,0.000000e+00
1.960000e+02,1.160000e+02,0.0,1.000000e+00,0.000000e+00,0.000000e+00
1.980000e+02,1.160000e+02,0.0,1.000000e+00,0.000000e+00,0.000000e+00
2.000000e+02,1.160000e+02,0.0,1.000000e+00,0.000000e+00,0.000000e+00
0.000000e+00,1.180000e+02,0.0,1.000000e+00,0.000000e+00,0.000000e+00
2.000000e+00,1.180000e+02,0.0,1.000000e+00,0.000000e+00,0.000000e+00
4.000000e+00,1.180000e+02,0.0,1.000000e+00,0.000000e+00,0.000000e+00
6.000000e+00,1.180000e+02,0.0,1.000000e+00,0.000000e+00,0.000000e+00
8.000000e+00,1.180000e+02,0.0,1.000000e+00,0.000000e+00,0.000000e+00
1.000000e+01,1.180000e+02,0.0,1.000000e+00,0.000000e+00,0.000000e+00
1.200000e+01,1.180000e+02,0.0,1.000000e+00,0.000000e+00,0.000000e+00
1.400000e+01,1.180000e+02,0.0,1.000000e+00,0.000000e+00,0.000000e+00
1.600000e+01,1.180000e+02,0.0,1.000000e+00,0.000000e+00,0.000000e+00
1.800000e+01,1.180000e+02,0.0,1.000000e+00,0.000000e+00,0.000000e+00
2.000000e+01,1.180000e+02,0.0,1.000000e+00,0.000000e+00,0.000000e+00
2.200000e+01,1.180000e+02,0.0,1.000000e+00,0.000000e+00,0.000000e+00
2.400000e+01,1.180000e+02,0.0,1.000000e+00,-4.905562e-17,0.000000e+00
2.600000e+01,1.180000e+02,0.0,1.000000e+00,-2.725680e-14,1.013782e-15
2.800000e+01,1.180000e+02,0.0,1.000000e+00,-1.576431e-11,5.723725e-13
3.000000e+01,1.180000e+02,0.0,1.000000e+00,-8.417141e-09,3.167421e-10
3.200000e+01,1.180000e+02,0.0,1.000001e+00,-3.788321e-06,1.556011e-07
3.400000e+01,1.180000e+02,0.0,1.000730e+00,-2.472331e-03,7.497799e-05
3.600000e+01,1.180000e+02,0.0,1.210208e+00,-1.335884e+00,1.205202e-01
3.800000e+01,1.180000e+02,0.0,2.692062e+00,-1.347606e+01,2.633392e+00
4.000000e+01,1.180000e+02,0.0,3.460046e+00,-2.126317e+01,5.986948e+00
4.200000e+01,1.180000e+02,0.0,3.494200e+00,-2.231395e+01,7.146724e+00
4.400000e+01,1.180000e+02,0.0,3.430326e+00,-2.288879e+01,7.302677e+00
4.600000e+01,1.180000e+02,0.0,3.330251e+00,-2.350350e+01,7.073422e+00
4.800000e+01,1.180000e+02,0.0,3.206178e+00,-2.365384e+01,6.772713e+00
5.000000e+01,1.180000e+02,0.0,3.201417e+00,-2.377657e+01,7.048766e+00
5.200000e+01,1.180000e+02,0.0,3.731688e+00,-2.478115e+01,8.513279e+00
5.400000e+01,1.180000e+02,0.0,4.201810e+00,-2.537142e+01,9.561231e+00
5.600000e+01,1.180000e+02,0.0,4.798171e+00,-2.529424e+01,1.011156e+01
5.800000e+01,1.180000e+02,0.0,5.446935e+00,-2.450767e+01,1.047453e+01
6.000000e+01,1.180000e+02,0.0,6.106731e+00,-2.292628e+01,1.051002e+01
6.200000e+01,1.180000e+02,0.0,6.760798e+00,-2.058702e+01,1.013422e+01
6.400000e+01,1.180000e+02,0.0,7.398416e+00,-1.774633e+01,9.090131e+00
6.600000e+01,1.180000e+02,0.0,8.033242e+00,-1.429613e+01,7.445644e+00
6.800000e+01,1.180000e+02,0.0,8.683802e+00,-1.009067e+01,5.262552e+00
7.000000e+01,1.180000e+02,0.0,9.359889e+00,-5.162729e+00,2.554795e+00
7.200000e+01,1.180000e+02,0.0,9.915861e+00,-7.464744e-01,2.379547e-01
7.400000e+01,1.180000e+02,0.0,9.995690e+00,-3.911806e-02,1.380711e-02
7.600000e+01,1.180000e+02,0.0,9.999751e+00,-2.255666e-03,7.931218e-04
7.800000e+01,1.180000e+02,0.0,9.999986e+00,-1.272725e-04,4.850893e-05
8.000000e+01,1.180000e+02,0.0,9.999999e+00,-7.271609e-06,3.786448e-06
8.200000e+01,1.180000e+02,0.0,1.000000e+01,-4.592235e-07,4.592235e-07
8.400000e+01,1.180000e+02,0.0,1.000000e+01,-4.167774e-08,8.638298e-08
8.600000e+01,1.180000e+02,0.0,1.000000e+01,-5.793632e-09,1.728579e-08
8.800000e+01,1.180000e+02,0.0,1.000000e+01,-8.491534e-10,4.347485e-09
9.000000e+01,1.180000e+02,0.0,1.000000e+01,-1.012273e-10,2.398333e-09
9.200000e+01,1.180000e+02,0.0,1.000000e+01,-1.227612e-11,2.183323e-09
9.400000e+01,1.180000e+02,0.0,1.000000e+01,-1.533838e-11,2.150792e-09
9.600000e+01,1.180000e+02,0.0,1.000000e+01,-5.695061e-11,1.990048e-09
9.800000e+01,1.180000e+02,0.0,1.000000e+01,-7.059961e-11,1.703775e-09
1.000000e+02,1.180000e+02,0.0,1.000000e+01,3.902306e-87,1.453745e-09
1.020000e+02,1.180000e+02,0.0,1.000000e+01,7.059961e-11,1.703775e-09
1.040000e+02,1.180000e+02,0.0,1.000000e+01,5.695061e-11,1.990048e-09
1.060000e+02,1.180000e+02,0.0,1.000000e+01,1.533838e-11,2.150792e-09
1.080000e+02,1.180000e+02,0.0,1.000000e+01,1.227612e-11,2.183323e-09
1.100000e+02,1.180000e+02,0.0,1.000000e+01,1.012273e-10,2.398333e-09
1.120000e+02,1.180000e+02,0.0,1.000000e+01,8.491534e-10,4.347485e-09
1.140000e+02,1.180000e+02,0.0,1.000000e+01,5.793632e-09,1.728579e-08
1.160000e+02,1.180000e+02,0.0,1.000000e+01,4.167774e-08,8.638298e-08
1.180000e+02,1.180000e+02,0.0,1.000000e+01,4.592235e-07,4.592235e-07
1.200000e+02,1.180000e+02,0.0,9.999999e+00,7.271609e-06,3.786448e-06
1.220000e+02,1.180000e+02,0.0,9.999986e+00,1.272725e-04,4.850893e-05
1.240000e+02,1.180000e+02,0.0,9.999751e+00,2.255666e-03,7.931218e-04
1.260000e+02,1.180000e+02,0.0,9.995690e+00,3.911806e-02,1.380711e-02
1.280000e+02,1.180000e+02,0.0,9.915861e+00,7.464744e-01,2.379547e-01
1.300000e+02,1.180000e+02,0.0,9.359889e+00,5.162729e+00,2.554795e+00
1.320000e+02,1.180000e+02,0.0,8.683802e+00,1.009067e+01,5.262552e+00
1.340000e+02,1.180000e+02,0.0,8.033242e+00,1.429613e+01,7.445644e+00
1.360000e+02,1.180000e+02,0.0,7.398416e+00,1.774633e+01,9.090131e+00
1.380000e+02,1.180000e+02,0.0,6.760798e+00,2.058702e+01,1.013422e+01
1.400000e+02,1.180000e+02,0.0,6.106731e+00,2.292628e+01,1.051002e+01
1.420000e+02,1.180000e+02,0.0,5.446935e+00,2.450767e+01,1.047453e+01
1.440000e+02,1.180000e+02,0.0,4.798171e+00,2.529424e+01,1.011156e+01
1.460000e+02,1.180000e+02,0.0,4.201810e+00,2.537142e+01,9.561231e+00
1.480000e+02,1.180000e+02,0.0,3.731688e+00,2.478115e+01,8.513279e+00
1.500000e+02,1.180000e+02,0.0,3.201417e+00,2.377657e+01,7.048766e+00
1.520000e+02,1.180000e+02,0.0,3.206178e+00,2.365384e+01,6.772713e+00
1.540000e+02,1.180000e+02,0.0,3.330251e+00,2.350350e+01,7.073422e+00
1.560000e+02,1.180000e+02,0.0,3.430326e+00,2.288879e+01,7.302677e+00
1.580000e+02,1.180000e+02,0.0,3.494200e+00,2.231395e+01,7.146724e+00
1.600000e+02,1.180000e+02,0.0,3.460046e+00,2.126317e+01,5.986948e+00
1.620000e+02,1.180000e+02,0.0,2.692062e+00,1.347606e+01,2.633392e+00
1.640000e+02,1.180000e+02,0.0,1.210208e+00,1.335884e+00,1.205202e-01
1.660000e+02,1.180000e+02,0.0,1.000730e+00,2.472331e-03,7.497799e-05
1.680000e+02,1.180000e+02,0.0,1.000001e+00,3.788321e-06,1.556011e-07
1.700000e+02,1.180000e+02,0.0,1.000000e+00,8.417141e-09,3.167421e-10
1.720000e+02,1.180000e+02,0.0,1.000000e+00,1.576431e-11,5.723725e-13
1.740000e+02,1.180000e+02,0.0,1.000000e+00,2.725680e-14,1.013782e-15
1.760000e+02,1.180000e+02,0.0,1.000000e+00,4.905562e-17,0.000000e+00
1.780000e+02,1.180000e+02,0.0,1.000000e+00,0.000000e+00,0.000000e+00
1.800000e+02,1.180000e+02,0.0,1.000000e+00,0.000000e+00,0.000000e+00
1.820000e+02,1.180000e+02,0.0,1.000000e+00,0.000000e+00,0.000000e+00
1.840000e+02,1.180000e+02,0.0,1.000000e+00,0.000000e+00,0.000000e+00
1.860000e+02,1.180000e+02,0.0,1.000000e+00,0.000000e+00,0.000000e+00
1.880000e+02,1.180000e+02,0.0,1.000000e+00,0.000000e+00,0.000000e+00
1.900000e+02,1.180000e+02,0.0,1.000000e+00,0.000000e+00,0.000000e+00
1.920000e+02,1.180000e+02,0.0,1.000000e+00,0.000000e+00,0.000000e+00
1.940000e+02,1.180000e+02,0.0,1.000000e+00,0.000000e+00,0.000000e+00
1.960000e+02,1.180000e+02,0.0,1.000000e+00,0.000000e+00,0.000000e+00
1.980000e+02,1.180000e+02,0.0,1.000000e+00,0.000000e+00,0.000000e+00
2.000000e+02,1.180000e+02,0.0,1.000000e+00,0.000000e+00,0.000000e+00
0.000000e+00,1.200000e+02,0.0,1.000000e+00,0.000000e+00,0.000000e+00
2.000000e+00,1.200000e+02,0.0,1.000000e+00,0.000000e+00,0.000000e+00
4.000000e+00,1.200000e+02,0.0,1.000000e+00,0.000000e+00,0.000000e+00
6.000000e+00,1.200000e+02,0.0,1.000000e+00,0.000000e+00,0.000000e+00
8.000000e+00,1.200000e+02,0.0,1.000000e+00,0.000000e+00,0.000000e+00
1.000000e+01,1.200000e+02,0.0,1.000000e+00,0.000000e+00,0.000000e+00
1.200000e+01,1.200000e+02,0.0,1.000000e+00,0.000000e+00,0.000000e+00
1.400000e+01,1.200000e+02,0.0,1.000000e+00,0.000000e+00,0.000000e+00
1.600000e+01,1.200000e+02,0.0,1.000000e+00,0.000000e+00,0.000000e+00
1.800000e+01,1.200000e+02,0.0,1.000000e+00,0.000000e+00,0.000000e+00
2.000000e+01,1.200000e+02,0.0,1.000000e+00,0.000000e+00,0.000000e+00
2.200000e+01,1.200000e+02,0.0,1.000000e+00,0.000000e+00,0.000000e+00
2.400000e+01,1.200000e+02,0.0,1.000000e+00,0.000000e+00,0.000000e+00
2.600000e+01,1.200000e+02,0.0,1.000000e+00,-3.875254e-15,8.177694e-17
2.800000e+01,1.200000e+02,0.0,1.000000e+00,-2.605867e-12,9.266150e-14
3.000000e+01,1.200000e+02,0.0,1.000000e+00,-1.750181e-09,5.990592e-11
3.200000e+01,1.200000e+02,0.0,1.000000e+00,-1.020986e-06,3.901776e-08
3.400000e+01,1.200000e+02,0.0,1.000148e+00,-4.748036e-04,2.122850e-05
3.600000e+01,1.200000e+02,0.0,1.068765e+00,-3.926227e-01,3.504140e-02
3.800000e+01,1.200000e+02,0.0,2.367723e+00,-1.059285e+01,2.146463e+00
4.000000e+01,1.200000e+02,0.0,3.397543e+00,-2.083029e+01,6.039006e+00
4.200000e+01,1.200000e+02,0.0,3.477388e+00,-2.216210e+01,7.738735e+00
4.400000e+01,1.200000e+02,0.0,3.430949e+00,-2.257867e+01,8.035984e+00
4.600000e+01,1.200000e+02,0.0,3.374145e+00,-2.322701e+01,7.877888e+00
4.800000e+01,1.200000e+02,0.0,3.330090e+00,-2.386558e+01,7.676799e+00
5.000000e+01,1.200000e+02,0.0,3.373274e+00,-2.435854e+01,8.300134e+00
5.200000e+01,1.200000e+02,0.0,3.781758e+00,-2.506524e+01,9.785299e+00
5.400000e+01,1.200000e+02,0.0,4.150915e+00,-2.547942e+01,1.064441e+01
5.600000e+01,1.200000e+02,0.0,4.653019e+00,-2.541754e+01,1.148727e+01
5.800000e+01,1.200000e+02,0.0,5.239289e+00,-2.474763e+01,1.186307e+01
6.000000e+01,1.200000e+02,0.0,5.851111e+00,-2.337366e+01,1.189968e+01
6.200000e+01,1.200000e+02,0.0,6.460239e+00,-2.146945e+01,1.153356e+01
6.400000e+01,1.200000e+02,0.0,7.047941e+00,-1.904223e+01,1.044876e+01
6.600000e+01,1.200000e+02,0.0,7.649800e+00,-1.603746e+01,8.962221e+00
6.800000e+01,1.200000e+02,0.0,8.284302e+00,-1.239175e+01,7.002501e+00
7.000000e+01,1.200000e+02,0.0,8.961535e+00,-7.955214e+00,4.509406e+00
7.200000e+01,1.200000e+02,0.0,9.651191e+00,-2.737706e+00,1.444856e+00
7.400000e+01,1.200000e+02,0.0,9.978073e+00,-1.884154e-01,7.808625e-02
7.600000e+01,1.200000e+02,0.0,9.998747e+00,-1.062699e-02,4.700586e-03
7.800000e+01,1.200000e+02,0.0,9.999921e+00,-6.173858e-04,3.489638e-04
8.000000e+01,1.200000e+02,0.0,9.999993e+00,-4.104635e-05,4.104635e-05
8.200000e+01,1.200000e+02,0.0,9.999999e+00,-3.786448e-06,7.271609e-06
8.400000e+01,1.200000e+02,0.0,1.000000e+01,-5.797955e-07,1.623362e-06
8.600000e+01,1.200000e+02,0.0,1.000000e+01,-1.094353e-07,3.482149e-07
8.800000e+01,1.200000e+02,0.0,1.000000e+01,-1.829687e-08,8.908323e-08
9.000000e+01,1.200000e+02,0.0,1.000000e+01,-2.341302e-09,4.713906e-08
9.200000e+01,1.200000e+02,0.0,1.000000e+01,-2.924160e-10,4.228542e-08
9.400000e+01,1.200000e+02,0.0,1.000000e+01,-3.537272e-10,4.159047e-08
9.600000e+01,1.200000e+02,0.0,1.000000e+01,-1.151821e-09,3.845619e-08
9.800000e+01,1.200000e+02,0.0,1.000000e+01,-1.373695e-09,3.311502e-08
1.000000e+02,1.200000e+02,0.0,1.000000e+01,-2.498768e-73,2.861802e-08
1.020000e+02,1.200000e+02,0.0,1.000000e+01,1.373695e-09,3.311502e-08
1.040000e+02,1.200000e+02,0.0,1.000000e+01,1.151821e-09,3.845619e-08
1.060000e+02,1.200000e+02,0.0,1.000000e+01,3.537272e-10,4.159047e-08
1.080000e+02,1.200000e+02,0.0,1.000000e+01,2.924160e-10,4.228542e-08
1.100000e+02,1.200000e+02,0.0,1.000000e+01,2.341302e-09,4.713906e-08
1.120000e+02,1.200000e+02,0.0,1.000000e+01,1.829687e-08,8.908323e-08
1.140000e+02,1.200000e+02,0.0,1.000000e+01,1.094353e-07,3.482149e-07
1.160000e+02,1.200000e+02,0.0,1.000000e+01,5.797955e-07,1.623362e-06
1.180000e+02,1.200000e+02,0.0,9.999999e+00,3.786448e-06,7.271609e-06
1.200000e+02,1.200000e+02,0.0,9.999993e+00,4.104635e-05,4.104635e-05
1.220000e+02,1.200000e+02,0.0,9.999921e+00,6.173858e-04,3.489638e-04
1.240000e+02,1.200000e+02,0.0,9.998747e+00,1.062699e-02,4.700586e-03
1.260000e+02,1.200000e+02,0.0,9.978073e+00,1.884154e-01,7.808625e-02
1.280000e+02,1.200000e+02,0.0,9.651191e+00,2.737706e+00,1.444856e+00
1.300000e+02,1.200000e+02,0.0,8.961535e+00,7.955214e+00,4.509406e+00
1.320000e+02,1.200000e+02,0.0,8.284302e+00,1.239175e+01,7.002501e+00
1.340000e+02,1.200000e+02,0.0,7.649800e+00,1.603746e+01,8.962221e+00
1.360000e+02,1.200000e+02,0.0,7.047941e+00,1.904223e+01,1.044876e+01
1.380000e+02,1.200000e+02,0.0,6.460239e+00,2.146945e+01,1.153356e+01
1.400000e+02,1.200000e+02,0.0,5.851111e+00,2.337366e+01,1.189968e+01
1.420000e+02,1.200000e+02,0.0,5.239289e+00,2.474763e+01,1.186307e+01
1.440000e+02,1.200000e+02,0.0,4.653019e+00,2.541754e+01,1.148727e+01
1.460000e+02,1.200000e+02,0.0,4.150915e+00,2.547942e+01,1.064441e+01
1.480000e+02,1.200000e+02,0.0,3.781758e+00,2.506524e+01,9.785299e+00
1.500000e+02,1.200000e+02,0.0,3.373274e+00,2.435854e+01,8.300134e+00
1.520000e+02,1.200000e+02,0.0,3.330090e+00,2.386558e+01,7.676799e+00
1.540000e+02,1.200000e+02,0.0,3.374145e+00,2.322701e+01,7.877888e+00
1.560000e+02,1.200000e+02,0.0,3.430949e+00,2.257867e+01,8.035984e+00
1.580000e+02,1.200000e+02,0.0,3.477388e+00,2.216210e+01,7.738735e+00
1.600000e+02,1.200000e+02,0.0,3.397543e+00,2.083029e+01,6.039006e+00
1.620000e+02,1.200000e+02,0.0,2.367723e+00,1.059285e+01,2.146463e+00
1.640000e+02,1.200000e+02,0.0,1.068765e+00,3.926227e-01,3.504140e-02
1.660000e+02,1.200000e+02,0.0,1.000148e+00,4.748036e-04,2.122850e-05
1.680000e+02,1.200000e+02,0.0,1.000000e+00,1.020986e-06,3.901776e-08
1.700000e+02,1.200000e+02,0.0,1.000000e+00,1.750181e-09,5.990592e-11
1.720000e+02,1.200000e+02,0.0,1.000000e+00,2.605867e-12,9.266150e-14
1.740000e+02,1.200000e+02,0.0,1.000000e+00,3.875254e-15,8.177694e-17
1.760000e+02,1.200000e+02,0.0,1.000000e+00,0.000000e+00,0.000000e+00
1.780000e+02,1.200000e+02,0.0,1.000000e+00,0.000000e+00,0.000000e+00
1.800000e+02,1.200000e+02,0.0,1.000000e+00,0.000000e+00,0.000000e+00
1.820000e+02,1.200000e+02,0.0,1.000000e+00,0.000000e+00,0.000000e+00
1.840000e+02,1.200000e+02,0.0,1.000000e+00,0.000000e+00,0.000000e+00
1.860000e+02,1.200000e+02,0.0,1.000000e+00,0.000000e+00,0.000000e+00
1.880000e+02,1.200000e+02,0.0,1.000000e+00,0.000000e+00,0.000000e+00
1.900000e+02,1.200000e+02,0.0,1.000000e+00,0.000000e+00,0.000000e+00
1.920000e+02,1.200000e+02,0.0,1.000000e+00,0.000000e+00,0.000000e+00
1.940000e+02,1.200000e+02,0.0,1.000000e+00,0.000000e+00,0.000000e+00
1.960000e+02,1.200000e+02,0.0,1.000000e+00,0.000000e+00,0.000000e+00
1.980000e+02,1.200000e+02,0.0,1.000000e+00,0.000000e+00,0.000000e+00
2.000000e+02,1.200000e+02,0.0,1.000000e+00,0.000000e+00,0.000000e+00
0.000000e+00,1.220000e+02,0.0,1.000000e+00,0.000000e+00,0.000000e+00
2.000000e+00,1.220000e+02,0.0,1.000000e+00,0.000000e+00,0.000000e+00
4.000000e+00,1.220000e+02,0.0,1.000000e+00,0.000000e+00,0.000000e+00
6.000000e+00,1.220000e+02,0.0,1.000000e+00,0.000000e+00,0.000000e+00
8.000000e+00,1.220000e+02,0.0,1.000000e+00,0.000000e+00,0.000000e+00
1.000000e+01,1.220000e+02,0.0,1.000000e+00,0.000000e+00,0.000000e+00
1.200000e+01,1.220000e+02,0.0,1.000000e+00,0.000000e+00,0.000000e+00
1.400000e+01,1.220000e+02,0.0,1.000000e+00,0.000000e+00,0.000000e+00
1.600000e+01,1.220000e+02,0.0,1.000000e+00,0.000000e+00,0.000000e+00
1.800000e+01,1.220000e+02,0.0,1.000000e+00,0.000000e+00,0.000000e+00
2.000000e+01,1.220000e+02,0.0,1.000000e+00,0.000000e+00,0.000000e+00
2.200000e+01,1.220000e+02,0.0,1.000000e+00,0.000000e+00,0.000000e+00
2.400000e+01,1.220000e+02,0.0,1.000000e+00,0.000000e+00,0.000000e+00
2.600000e+01,1.220000e+02,0.0,1.000000e+00,-4.414959e-16,0.000000e+00
2.800000e+01,1.220000e+02,0.0,1.000000e+00,-3.039065e-13,1.200205e-14
3.000000e+01,1.220000e+02,0.0,1.000000e+00,-2.088984e-10,7.952328e-12
3.200000e+01,1.220000e+02,0.0,1.000000e+00,-1.589027e-07,5.389951e-09
3.400000e+01,1.220000e+02,0.0,1.000033e+00,-1.047418e-04,4.006125e-06
3.600000e+01,1.220000e+02,0.0,1.012905e+00,-5.974289e-02,5.776042e-03
3.800000e+01,1.220000e+02,0.0,1.922291e+00,-6.822787e+00,1.495003e+00
4.000000e+01,1.220000e+02,0.0,3.336672e+00,-2.035637e+01,6.310083e+00
4.200000e+01,1.220000e+02,0.0,3.520630e+00,-2.265521e+01,8.482728e+00
4.400000e+01,1.220000e+02,0.0,3.496376e+00,-2.289263e+01,9.078239e+00
4.600000e+01,1.220000e+02,0.0,3.489398e+00,-2.344904e+01,9.261980e+00
4.800000e+01,1.220000e+02,0.0,3.518155e+00,-2.427857e+01,9.385315e+00
5.000000e+01,1.220000e+02,0.0,3.589829e+00,-2.486399e+01,9.921942e+00
5.200000e+01,1.220000e+02,0.0,3.833016e+00,-2.524346e+01,1.103076e+01
5.400000e+01,1.220000e+02,0.0,4.095660e+00,-2.540027e+01,1.171573e+01
5.600000e+01,1.220000e+02,0.0,4.474294e+00,-2.530751e+01,1.257848e+01
5.800000e+01,1.220000e+02,0.0,4.981275e+00,-2.473513e+01,1.298887e+01
6.000000e+01,1.220000e+02,0.0,5.548034e+00,-2.366909e+01,1.310059e+01
6.200000e+01,1.220000e+02,0.0,6.095503e+00,-2.206156e+01,1.258043e+01
6.400000e+01,1.220000e+02,0.0,6.664467e+00,-2.002481e+01,1.173065e+01
6.600000e+01,1.220000e+02,0.0,7.252094e+00,-1.748226e+01,1.051932e+01
6.800000e+01,1.220000e+02,0.0,7.864573e+00,-1.432083e+01,8.900167e+00
7.000000e+01,1.220000e+02,0.0,8.510280e+00,-1.044198e+01,6.798269e+00
7.200000e+01,1.220000e+02,0.0,9.189171e+00,-5.879729e+00,4.027412e+00
7.400000e+01,1.220000e+02,0.0,9.831490e+00,-1.219986e+00,7.290540e-01
7.600000e+01,1.220000e+02,0.0,9.991063e+00,-6.527467e-02,4.347620e-02
7.800000e+01,1.220000e+02,0.0,9.999336e+00,-4.058807e-03,4.058807e-03
8.000000e+01,1.220000e+02,0.0,9.999921e+00,-3.489638e-04,6.173858e-04
8.200000e+01,1.220000e+02,0.0,9.999986e+00,-4.850893e-05,1.272725e-04
8.400000e+01,1.220000e+02,0.0,9.999997e+00,-9.934819e-06,3.004430e-05
8.600000e+01,1.220000e+02,0.0,9.999999e+00,-2.109550e-06,6.687964e-06
8.800000e+01,1.220000e+02,0.0,1.000000e+01,-3.791197e-07,1.720766e-06
9.000000e+01,1.220000e+02,0.0,1.000000e+01,-5.125863e-08,8.617744e-07
9.200000e+01,1.220000e+02,0.0,1.000000e+01,-6.367796e-09,7.574863e-07
9.400000e+01,1.220000e+02,0.0,1.000000e+01,-7.349847e-09,7.442409e-07
9.600000e+01,1.220000e+02,0.0,1.000000e+01,-2.155766e-08,6.878704e-07
9.800000e+01,1.220000e+02,0.0,1.000000e+01,-2.440381e-08,5.959008e-07
1.000000e+02,1.220000e+02,0.0,1.000000e+01,3.251896e-61,5.210833e-07
1.020000e+02,1.220000e+02,0.0,1.000000e+01,2.440381e-08,5.959008e-07
1.040000e+02,1.220000e+02,0.0,1.000000e+01,2.155766e-08,6.878704e-07
1.060000e+02,1.220000e+02,0.0,1.000000e+01,7.349847e-09,7.442409e-07
1.080000e+02,1.220000e+02,0.0,1.000000e+01,6.367796e-09,7.574863e-07
1.100000e+02,1.220000e+02,0.0,1.000000e+01,5.125863e-08,8.617744e-07
1.120000e+02,1.220000e+02,0.0,1.000000e+01,3.791197e-07,1.720766e-06
1.140000e+02,1.220000e+02,0.0,9.999999e+00,2.109550e-06,6.687964e-06
1.160000e+02,1.220000e+02,0.0,9.999997e+00,9.934819e-06,3.004430e-05
1.180000e+02,1.220000e+02,0.0,9.999986e+00,4.850893e-05,1.272725e-04
1.200000e+02,1.220000e+02,0.0,9.999921e+00,3.489638e-04,6.173858e-04
1.220000e+02,1.220000e+02,0.0,9.999336e+00,4.058807e-03,4.058807e-03
1.240000e+02,1.220000e+02,0.0,9.991063e+00,6.527467e-02,4.347620e-02
1.260000e+02,1.220000e+02,0.0,9.831490e+00,1.219986e+00,7.290540e-01
1.280000e+02,1.220000e+02,0.0,9.189171e+00,5.879729e+00,4.027412e+00
1.300000e+02,1.220000e+02,0.0,8.510280e+00,1.044198e+01,6.798269e+00
1.320000e+02,1.220000e+02,0.0,7.864573e+00,1.432083e+01,8.900167e+00
1.340000e+02,1.220000e+02,0.0,7.252094e+00,1.748226e+01,1.051932e+01
1.360000e+02,1.220000e+02,0.0,6.664467e+00,2.002481e+01,1.173065e+01
1.380000e+02,1.220000e+02,0.0,6.095503e+00,2.206156e+01,1.258043e+01
1.400000e+02,1.220000e+02,0.0,5.548034e+00,2.366909e+01,1.310059e+01
1.420000e+02,1.220000e+02,0.0,4.981275e+00,2.473513e+01,1.298887e+01
1.440000e+02,1.220000e+02,0.0,4.474294e+00,2.530751e+01,1.257848e+01
1.460000e+02,1.220000e+02,0.0,4.095660e+00,2.540027e+01,1.171573e+01
1.480000e+02,1.220000e+02,0.0,3.833016e+00,2.524346e+01,1.103076e+01
1.500000e+02,1.220000e+02,0.0,3.589829e+00,2.486399e+01,9.921942e+00
1.520000e+02,1.220000e+02,0.0,3.518155e+00,2.427857e+01,9.385315e+00
1.540000e+02,1.220000e+02,0.0,3.489398e+00,2.344904e+01,9.261980e+00
1.560000e+02,1.220000e+02,0.0,3.496376e+00,2.289263e+01,9.078239e+00
1.580000e+02,1.220000e+02,0.0,3.520630e+00,2.265521e+01,8.482728e+00
1.600000e+02,1.220000e+02,0.0,3.336672e+00,2.035637e+01,6.310083e+00
1.620000e+02,1.220000e+02,0.0,1.922291e+00,6.822787e+00,1.495003e+00
1.640000e+02,1.220000e+02,0.0,1.012905e+00,5.974289e-02,5.776042e-03
1.660000e+02,1.220000e+02,0.0,1.000033e+00,1.047418e-04,4.006125e-06
1.680000e+02,1.220000e+02,0.0,1.000000e+00,1.589027e-07,5.389951e-09
1.700000e+02,1.220000e+02,0.0,1.000000e+00,2.088984e-10,7.952328e-12
1.720000e+02,1.220000e+02,0.0,1.000000e+00,3.039065e-13,1.200205e-14
1.740000e+02,1.220000e+02,0.0,1.000000e+00,4.414959e-16,0.000000e+00
1.760000e+02,1.220000e+02,0.0,1.000000e+00,0.000000e+00,0.000000e+00
1.780000e+02,1.220000e+02,0.0,1.000000e+00,0.000000e+00,0.000000e+00
1.800000e+02,1.220000e+02,0.0,1.000000e+00,0.000000e+00,0.000000e+00
1.820000e+02,1.220000e+02,0.0,1.000000e+00,0.000000e+00,0.000000e+00
1.840000e+02,1.220000e+02,0.0,1.000000e+00,0.000000e+00,0.000000e+00
1.860000e+02,1.220000e+02,0.0,1.000000e+00,0.000000e+00,0.000000e+00
1.880000e+02,1.220000e+02,0.0,1.000000e+00,0.000000e+00,0.000000e+00
1.900000e+02,1.220000e+02,0.0,1.000000e+00,0.000000e+00,0.000000e+00
1.920000e+02,1.220000e+02,0.0,1.000000e+00,0.000000e+00,0.000000e+00
1.940000e+02,1.220000e+02,0.0,1.000000e+00,0.000000e+00,0.000000e+00
1.960000e+02,1.220000e+02,0.0,1.000000e+00,0.000000e+00,0.000000e+00
1.980000e+02,1.220000e+02,0.0,1.000000e+00,0.000000e+00,0.000000e+00
2.000000e+02,1.220000e+02,0.0,1.000000e+00,0.000000e+00,0.000000e+00
0.000000e+00,1.240000e+02,0.0,1.000000e+00,0.000000e+00,0.000000e+00
2.000000e+00,1.240000e+02,0.0,1.000000e+00,0.000000e+00,0.000000e+00
4.000000e+00,1.240000e+02,0.0,1.000000e+00,0.000000e+00,0.000000e+00
6.000000e+00,1.240000e+02,0.0,1.000000e+00,0.000000e+00,0.000000e+00
8.000000e+00,1.240000e+02,0.0,1.000000e+00,0.000000e+00,0.000000e+00
1.000000e+01,1.240000e+02,0.0,1.000000e+00,0.000000e+00,0.000000e+00
1.200000e+01,1.240000e+02,0.0,1.000000e+00,0.000000e+00,0.000000e+00
1.400000e+01,1.240000e+02,0.0,1.000000e+00,0.000000e+00,0.000000e+00
1.600000e+01,1.240000e+02,0.0,1.000000e+00,0.000000e+00,0.000000e+00
1.800000e+01,1.240000e+02,0.0,1.000000e+00,0.000000e+00,0.000000e+00
2.000000e+01,1.240000e+02,0.0,1.000000e+00,0.000000e+00,0.000000e+00
2.200000e+01,1.240000e+02,0.0,1.000000e+00,0.000000e+00,0.000000e+00
2.400000e+01,1.240000e+02,0.0,1.000000e+00,0.000000e+00,0.000000e+00
2.600000e+01,1.240000e+02,0.0,1.000000e+00,-1.635539e-17,0.000000e+00
2.800000e+01,1.240000e+02,0.0,1.000000e+00,-1.661369e-14,6.050888e-16
3.000000e+01,1.240000e+02,0.0,1.000000e+00,-1.337514e-11,5.242080e-13
3.200000e+01,1.240000e+02,0.0,1.000000e+00,-9.264452e-09,4.020741e-10
3.400000e+01,1.240000e+02,0.0,1.000002e+00,-7.138078e-06,2.801534e-07
3.600000e+01,1.240000e+02,0.0,1.001904e+00,-7.043277e-03,3.653653e-04
3.800000e+01,1.240000e+02,0.0,1.380777e+00,-2.563316e+00,5.685210e-01
4.000000e+01,1.240000e+02,0.0,3.140448e+00,-1.808910e+01,6.066362e+00
4.200000e+01,1.240000e+02,0.0,3.650398e+00,-2.374099e+01,9.468195e+00
4.400000e+01,1.240000e+02,0.0,3.639033e+00,-2.389623e+01,1.033155e+01
4.600000e+01,1.240000e+02,0.0,3.625481e+00,-2.397359e+01,1.071218e+01
4.800000e+01,1.240000e+02,0.0,3.684085e+00,-2.458753e+01,1.111501e+01
5.000000e+01,1.240000e+02,0.0,3.768775e+00,-2.502257e+01,1.161216e+01
5.200000e+01,1.240000e+02,0.0,3.868567e+00,-2.516448e+01,1.225649e+01
5.400000e+01,1.240000e+02,0.0,4.002243e+00,-2.517276e+01,1.266304e+01
5.600000e+01,1.240000e+02,0.0,4.248372e+00,-2.474853e+01,1.340526e+01
5.800000e+01,1.240000e+02,0.0,4.679376e+00,-2.447462e+01,1.383773e+01
6.000000e+01,1.240000e+02,0.0,5.183591e+00,-2.367848e+01,1.387215e+01
6.200000e+01,1.240000e+02,0.0,5.715702e+00,-2.241288e+01,1.357640e+01
6.400000e+01,1.240000e+02,0.0,6.272739e+00,-2.075352e+01,1.301232e+01
6.600000e+01,1.240000e+02,0.0,6.842004e+00,-1.859652e+01,1.211525e+01
6.800000e+01,1.240000e+02,0.0,7.432145e+00,-1.589377e+01,1.086760e+01
7.000000e+01,1.240000e+02,0.0,8.044864e+00,-1.261368e+01,9.193131e+00
7.200000e+01,1.240000e+02,0.0,8.676122e+00,-8.754363e+00,6.935547e+00
7.400000e+01,1.240000e+02,0.0,9.324496e+00,-4.463682e+00,3.900980e+00
7.600000e+01,1.240000e+02,0.0,9.883704e+00,-6.685920e-01,6.685920e-01
7.800000e+01,1.240000e+02,0.0,9.991063e+00,-4.347620e-02,6.527467e-02
8.000000e+01,1.240000e+02,0.0,9.998747e+00,-4.700586e-03,1.062699e-02
8.200000e+01,1.240000e+02,0.0,9.999751e+00,-7.931218e-04,2.255666e-03
8.400000e+01,1.240000e+02,0.0,9.999942e+00,-1.777129e-04,5.411899e-04
8.600000e+01,1.240000e+02,0.0,9.999987e+00,-3.951542e-05,1.235427e-04
8.800000e+01,1.240000e+02,0.0,9.999997e+00,-7.508353e-06,3.174478e-05
9.000000e+01,1.240000e+02,0.0,9.999998e+00,-1.070739e-06,1.483625e-05
9.200000e+01,1.240000e+02,0.0,9.999999e+00,-1.280554e-07,1.265503e-05
9.400000e+01,1.240000e+02,0.0,9.999999e+00,-1.389945e-07,1.243343e-05
9.600000e+01,1.240000e+02,0.0,9.999999e+00,-3.726137e-07,1.148954e-05
9.800000e+01,1.240000e+02,0.0,9.999999e+00,-4.002547e-07,1.001572e-05
1.000000e+02,1.240000e+02,0.0,9.999999e+00,-5.508091e-41,8.854108e-06
1.020000e+02,1.240000e+02,0.0,9.999999e+00,4.002547e-07,1.001572e-05
1.040000e+02,1.240000e+02,0.0,9.999999e+00,3.726137e-07,1.148954e-05
1.060000e+02,1.240000e+02,0.0,9.999999e+00,1.389945e-07,1.243343e-05
1.080000e+02,1.240000e+02,0.0,9.999999e+00,1.280554e-07,1.265503e-05
1.100000e+02,1.240000e+02,0.0,9.999998e+00,1.070739e-06,1.483625e-05
1.120000e+02,1.240000e+02,0.0,9.999997e+00,7.508353e-06,3.174478e-05
1.140000e+02,1.240000e+02,0.0,9.999987e+00,3.951542e-05,1.235427e-04
1.160000e+02,1.240000e+02,0.0,9.999942e+00,1.777129e-04,5.411899e-04
1.180000e+02,1.240000e+02,0.0,9.999751e+00,7.931218e-04,2.255666e-03
1.200000e+02,1.240000e+02,0.0,9.998747e+00,4.700586e-03,1.062699e-02
1.220000e+02,1.240000e+02,0.0,9.991063e+00,4.347620e-02,6.527467e-02
1.240000e+02,1.240000e+02,0.0,9.883704e+00,6.685920e-01,6.685920e-01
1.260000e+02,1.240000e+02,0.0,9.324496e+00,4.463682e+00,3.900980e+00
1.280000e+02,1.240000e+02,0.0,8.676122e+00,8.754363e+00,6.935547e+00
1.300000e+02,1.240000e+02,0.0,8.044864e+00,1.261368e+01,9.193131e+00
1.320000e+02,1.240000e+02,0.0,7.432145e+00,1.589377e+01,1.086760e+01
1.340000e+02,1.240000e+02,0.0,6.842004e+00,1.859652e+01,1.211525e+01
1.360000e+02,1.240000e+02,0.0,6.272739e+00,2.075352e+01,1.301232e+01
1.380000e+02,1.240000e+02,0.0,5.715702e+00,2.241288e+01,1.357640e+01
1.400000e+02,1.240000e+02,0.0,5.183591e+00,2.367848e+01,1.387215e+01
1.420000e+02,1.240000e+02,0.0,4.679376e+00,2.447462e+01,1.383773e+01
1.440000e+02,1.240000e+02,0.0,4.248372e+00,2.474853e+01,1.340526e+01
1.460000e+02,1.240000e+02,0.0,4.002243e+00,2.517276e+01,1.266304e+01
1.480000e+02,1.240000e+02,0.0,3.868567e+00,2.516448e+01,1.225649e+01
1.500000e+02,1.240000e+02,0.0,3.768775e+00,2.502257e+01,1.161216e+01
1.520000e+02,1.240000e+02,0.0,3.684085e+00,2.458753e+01,1.111501e+01
1.540000e+02,1.240000e+02,0.0,3.625481e+00,2.397359e+01,1.071218e+01
1.560000e+02,1.240000e+02,0.0,3.639033e+00,2.389623e+01,1.033155e+01
1.580000e+02,1.240000e+02,0.0,3.650398e+00,2.374099e+01,9.468195e+00
1.600000e+02,1.240000e+02,0.0,3.140448e+00,1.808910e+01,6.066362e+00
1.620000e+02,1.240000e+02,0.0,1.380777e+00,2.563316e+00,5.685210e-01
1.640000e+02,1.240000e+02,0.0,1.001904e+00,7.043277e-03,3.653653e-04
1.660000e+02,1.240000e+02,0.0,1.000002e+00,7.138078e-06,2.801534e-07
1.680000e+02,1.240000e+02,0.0,1.000000e+00,9.264452e-09,4.020741e-10
1.700000e+02,1.240000e+02,0.0,1.000000e+00,1.337514e-11,5.242080e-13
1.720000e+02,1.240000e+02,0.0,1.000000e+00,1.661369e-14,6.050888e-16
1.740000e+02,1.240000e+02,0.0,1.000000e+00,1.635539e-17,0.000000e+00
1.760000e+02,1.240000e+02,0.0,1.000000e+00,0.000000e+00,0.000000e+00
1.780000e+02,1.240000e+02,0.0,1.000000e+00,0.000000e+00,0.000000e+00
1.800000e+02,1.240000e+02,0.0,1.000000e+00,0.000000e+00,0.000000e+00
1.820000e+02,1.240000e+02,0.0,1.000000e+00,0.000000e+00,0.000000e+00
1.840000e+02,1.240000e+02,0.0,1.000000e+00,0.000000e+00,0.000000e+00
1.860000e+02,1.240000e+02,0.0,1.000000e+00,0.000000e+00,0.000000e+00
1.880000e+02,1.240000e+02,0.0,1.000000e+00,0.000000e+00,0.000000e+00
1.900000e+02,1.240000e+02,0.0,1.000000e+00,0.000000e+00,0.000000e+00
1.920000e+02,1.240000e+02,0.0,1.000000e+00,0.000000e+00,0.000000e+00
1.940000e+02,1.240000e+02,0.0,1.000000e+00,0.000000e+00,0.000000e+00
1.960000e+02,1.240000e+02,0.0,1.000000e+00,0.000000e+00,0.000000e+00
1.980000e+02,1.240000e+02,0.0,1.000000e+00,0.000000e+00,0.000000e+00
2.000000e+02,1.240000e+02,0.0,1.000000e+00,0.000000e+00,0.000000e+00
0.000000e+00,1.260000e+02,0.0,1.000000e+00,0.000000e+00,0.000000e+00
2.000000e+00,1.260000e+02,0.0,1.000000e+00,0.000000e+00,0.000000e+00
4.000000e+00,1.260000e+02,0.0,1.000000e+00,0.000000e+00,0.000000e+00
6.000000e+00,1.260000e+02,0.0,1.000000e+00,0.000000e+00,0.000000e+00
8.000000e+00,1.260000e+02,0.0,1.000000e+00,0.000000e+00,0.000000e+00
1.000000e+01,1.260000e+02,0.0,1.000000e+00,0.000000e+00,0.000000e+00
1.200000e+01,1.260000e+02,0.0,1.000000e+00,0.000000e+00,0.000000e+00
1.400000e+01,1.260000e+02,0.0,1.000000e+00,0.000000e+00,0.000000e+00
1.600000e+01,1.260000e+02,0.0,1.000000e+00,0.000000e+00,0.000000e+00
1.800000e+01,1.260000e+02,0.0,1.000000e+00,0.000000e+00,0.000000e+00
2.000000e+01,1.260000e+02,0.0,1.000000e+00,0.000000e+00,0.000000e+00
2.200000e+01,1.260000e+02,0.0,1.000000e+00,0.000000e+00,0.000000e+00
2.400000e+01,1.260000e+02,0.0,1.000000e+00,0.000000e+00,0.000000e+00
2.600000e+01,1.260000e+02,0.0,1.000000e+00,0.000000e+00,0.000000e+00
2.800000e+01,1.260000e+02,0.0,1.000000e+00,-8.012515e-16,0.000000e+00
3.000000e+01,1.260000e+02,0.0,1.000000e+00,-6.683874e-13,2.727522e-14
3.200000e+01,1.260000e+02,0.0,1.000000e+00,-5.950237e-10,2.200142e-11
3.400000e+01,1.260000e+02,0.0,1.000000e+00,-4.880951e-07,1.828126e-08
3.600000e+01,1.260000e+02,0.0,1.000101e+00,-3.205876e-04,1.503852e-05
3.800000e+01,1.260000e+02,0.0,1.053070e+00,-3.056101e-01,4.500518e-02
4.000000e+01,1.260000e+02,0.0,2.519757e+00,-1.215173e+01,3.902707e+00
4.200000e+01,1.260000e+02,0.0,3.716847e+00,-2.416928e+01,1.007766e+01
4.400000e+01,1.260000e+02,0.0,3.799572e+00,-2.506413e+01,1.178603e+01
4.600000e+01,1.260000e+02,0.0,3.771162e+00,-2.466017e+01,1.231871e+01
4.800000e+01,1.260000e+02,0.0,3.781313e+00,-2.445071e+01,1.295517e+01
5.000000e+01,1.260000e+02,0.0,3.827129e+00,-2.447912e+01,1.346071e+01
5.200000e+01,1.260000e+02,0.0,3.822115e+00,-2.442674e+01,1.340194e+01
5.400000e+01,1.260000e+02,0.0,3.830310e+00,-2.423894e+01,1.329363e+01
5.600000e+01,1.260000e+02,0.0,4.002242e+00,-2.401407e+01,1.397688e+01
5.800000e+01,1.260000e+02,0.0,4.320516e+00,-2.382132e+01,1.422633e+01
6.000000e+01,1.260000e+02,0.0,4.802691e+00,-2.335833e+01,1.449808e+01
6.200000e+01,1.260000e+02,0.0,5.326952e+00,-2.245209e+01,1.449699e+01
6.400000e+01,1.260000e+02,0.0,5.867937e+00,-2.114131e+01,1.421712e+01
6.600000e+01,1.260000e+02,0.0,6.419621e+00,-1.934629e+01,1.366479e+01
6.800000e+01,1.260000e+02,0.0,6.987126e+00,-1.704236e+01,1.282305e+01
7.000000e+01,1.260000e+02,0.0,7.568553e+00,-1.424099e+01,1.160743e+01
7.200000e+01,1.260000e+02,0.0,8.153815e+00,-1.102553e+01,9.893089e+00
7.400000e+01,1.260000e+02,0.0,8.742862e+00,-7.527445e+00,7.527445e+00
7.600000e+01,1.260000e+02,0.0,9.324496e+00,-3.900980e+00,4.463682e+00
7.800000e+01,1.260000e+02,0.0,9.831490e+00,-7.290540e-01,1.219986e+00
8.000000e+01,1.260000e+02,0.0,9.978073e+00,-7.808625e-02,1.884154e-01
8.200000e+01,1.260000e+02,0.0,9.995690e+00,-1.380711e-02,3.911806e-02
8.400000e+01,1.260000e+02,0.0,9.998959e+00,-3.146853e-03,9.654804e-03
8.600000e+01,1.260000e+02,0.0,9.999759e+00,-7.178130e-04,2.222915e-03
8.800000e+01,1.260000e+02,0.0,9.999939e+00,-1.433019e-04,5.681238e-04
9.000000e+01,1.260000e+02,0.0,9.999974e+00,-2.173546e-05,2.452943e-04
9.200000e+01,1.260000e+02,0.0,9.999980e+00,-2.404345e-06,1.996681e-04
9.400000e+01,1.260000e+02,0.0,9.999980e+00,-2.385133e-06,1.965880e-04
9.600000e+01,1.260000e+02,0.0,9.999982e+00,-5.994671e-06,1.816487e-04
9.800000e+01,1.260000e+02,0.0,9.999984e+00,-6.147253e-06,1.592940e-04
1.000000e+02,1.260000e+02,0.0,9.999985e+00,6.452657e-32,1.422612e-04
1.020000e+02,1.260000e+02,0.0,9.999984e+00,6.147253e-06,1.592940e-04
1.040000e+02,1.260000e+02,0.0,9.999982e+00,5.994671e-06,1.816487e-04
1.060000e+02,1.260000e+02,0.0,9.999980e+00,2.385133e-06,1.965880e-04
1.080000e+02,1.260000e+02,0.0,9.999980e+00,2.404345e-06,1.996681e-04
1.100000e+02,1.260000e+02,0.0,9.999974e+00,2.173546e-05,2.452943e-04
1.120000e+02,1.260000e+02,0.0,9.999939e+00,1.433019e-04,5.681238e-04
1.140000e+02,1.260000e+02,0.0,9.999759e+00,7.178130e-04,2.222915e-03
1.160000e+02,1.260000e+02,0.0,9.998959e+00,3.146853e-03,9.654804e-03
1.180000e+02,1.260000e+02,0.0,9.995690e+00,1.380711e-02,3.911806e-02
1.200000e+02,1.260000e+02,0.0,9.978073e+00,7.808625e-02,1.884154e-01
1.220000e+02,1.260000e+02,0.0,9.831490e+00,7.290540e-01,1.219986e+00
1.240000e+02,1.260000e+02,0.0,9.324496e+00,3.900980e+00,4.463682e+00
1.260000e+02,1.260000e+02,0.0,8.742862e+00,7.527445e+00,7.527445e+00
1.280000e+02,1.260000e+02,0.0,8.153815e+00,1.102553e+01,9.893089e+00
1.300000e+02,1.260000e+02,0.0,7.568553e+00,1.424099e+01,1.160743e+01
1.320000e+02,1.260000e+02,0.0,6.987126e+00,1.704236e+01,1.282305e+01
1.340000e+02,1.260000e+02,0.0,6.419621e+00,1.934629e+01,1.366479e+01
1.360000e+02,1.260000e+02,0.0,5.867937e+00,2.114131e+01,1.421712e+01
1.380000e+02,1.260000e+02,0.0,5.326952e+00,2.245209e+01,1.449699e+01
1.400000e+02,1.260000e+02,0.0,4.802691e+00,2.335833e+01,1.449808e+01
1.420000e+02,1.260000e+02,0.0,4.320516e+00,2.382132e+01,1.422633e+01
1.440000e+02,1.260000e+02,0.0,4.002242e+00,2.401407e+01,1.397688e+01
1.460000e+02,1.260000e+02,0.0,3.830310e+00,2.423894e+01,1.329363e+01
1.480000e+02,1.260000e+02,0.0,3.822115e+00,2.442674e+01,1.340194e+01
1.500000e+02,1.260000e+02,0.0,3.827129e+00,2.447912e+01,1.346071e+01
1.520000e+02,1.260000e+02,0.0,3.781313e+00,2.445071e+01,1.295517e+01
1.540000e+02,1.260000e+02,0.0,3.771162e+00,2.466017e+01,1.231871e+01
1.560000e+02,1.260000e+02,0.0,3.799572e+00,2.506413e+01,1.178603e+01
1.580000e+02,1.260000e+02,0.0,3.716847e+00,2.416928e+01,1.007766e+01
1.600000e+02,1.260000e+02,0.0,2.519757e+00,1.215173e+01,3.902707e+00
1.620000e+02,1.260000e+02,0.0,1.053070e+00,3.056101e-01,4.500518e-02
1.640000e+02,1.260000e+02,0.0,1.000101e+00,3.205876e-04,1.503852e-05
1.660000e+02,1.260000e+02,0.0,1.000000e+00,4.880951e-07,1.828126e-08
1.680000e+02,1.260000e+02,0.0,1.000000e+00,5.950237e-10,2.200142e-11
1.700000e+02,1.260000e+02,0.0,1.000000e+00,6.683874e-13,2.727522e-14
1.720000e+02,1.260000e+02,0.0,1.000000e+00,8.012515e-16,0.000000e+00
1.740000e+02,1.260000e+02,0.0,1.000000e+00,0.000000e+00,0.000000e+00
1.760000e+02,1.260000e+02,0.0,1.000000e+00,0.000000e+00,0.000000e+00
1.780000e+02,1.260000e+02,0.0,1.000000e+00,0.000000e+00,0.000000e+00
1.800000e+02,1.260000e+02,0.0,1.000000e+00,0.000000e+00,0.000000e+00
1.820000e+02,1.260000e+02,0.0,1.000000e+00,0.000000e+00,0.000000e+00
1.840000e+02,1.260000e+02,0.0,1.000000e+00,0.000000e+00,0.000000e+00
1.860000e+02,1.260000e+02,0.0,1.000000e+00,0.000000e+00,0.000000e+00
1.880000e+02,1.260000e+02,0.0,1.000000e+00,0.000000e+00,0.000000e+00
1.900000e+02,1.260000e+02,0.0,1.000000e+00,0.000000e+00,0.000000e+00
1.920000e+02,1.260000e+02,0.0,1.000000e+00,0.000000e+00,0.000000e+00
1.940000e+02,1.260000e+02,0.0,1.000000e+00,0.000000e+00,0.000000e+00
1.960000e+02,1.260000e+02,0.0,1.000000e+00,0.000000e+00,0.000000e+00
1.980000e+02,1.260000e+02,0.0,1.000000e+00,0.000000e+00,0.000000e+00
2.000000e+02,1.260000e+02,0.0,1.000000e+00,0.000000e+00,0.000000e+00
0.000000e+00,1.280000e+02,0.0,1.000000e+00,0.000000e+00,0.000000e+00
2.000000e+00,1.280000e+02,0.0,1.000000e+00,0.000000e+00,0.000000e+00
4.000000e+00,1.280000e+02,0.0,1.000000e+00,0.000000e+00,0.000000e+00
6.000000e+00,1.280000e+02,0.0,1.000000e+00,0.000000e+00,0.000000e+00
8.000000e+00,1.280000e+02,0.0,1.000000e+00,0.000000e+00,0.000000e+00
1.000000e+01,1.280000e+02,0.0,1.000000e+00,0.000000e+00,0.000000e+00
1.200000e+01,1.280000e+02,0.0,1.000000e+00,0.000000e+00,0.000000e+00
1.400000e+01,1.280000e+02,0.0,1.000000e+00,0.000000e+00,0.000000e+00
1.600000e+01,1.280000e+02,0.0,1.000000e+00,0.000000e+00,0.000000e+00
1.800000e+01,1.280000e+02,0.0,1.000000e+00,0.000000e+00,0.000000e+00
2.000000e+01,1.280000e+02,0.0,1.000000e+00,0.000000e+00,0.000000e+00
2.200000e+01,1.280000e+02,0.0,1.000000e+00,0.000000e+00,0.000000e+00
2.400000e+01,1.280000e+02,0.0,1.000000e+00,0.000000e+00,0.000000e+00
2.600000e+01,1.280000e+02,0.0,1.000000e+00,0.000000e+00,0.000000e+00
2.800000e+01,1.280000e+02,0.0,1.000000e+00,-1.635539e-17,0.000000e+00
3.000000e+01,1.280000e+02,0.0,1.000000e+00,-2.160158e-14,8.503701e-16
3.200000e+01,1.280000e+02,0.0,1.000000e+00,-1.925402e-11,8.370720e-13
3.400000e+01,1.280000e+02,0.0,1.000000e+00,-1.438020e-08,7.433104e-10
3.600000e+01,1.280000e+02,0.0,1.000005e+00,-1.505058e-05,5.711324e-07
3.800000e+01,1.280000e+02,0.0,1.003794e+00,-1.521030e-02,1.218742e-03
4.000000e+01,1.280000e+02,0.0,1.589764e+00,-4.263954e+00,1.271468e+00
4.200000e+01,1.280000e+02,0.0,3.519615e+00,-2.167804e+01,9.259984e+00
4.400000e+01,1.280000e+02,0.0,3.853541e+00,-2.525015e+01,1.235563e+01
4.600000e+01,1.280000e+02,0.0,3.851215e+00,-2.491457e+01,1.346416e+01
4.800000e+01,1.280000e+02,0.0,3.760961e+00,-2.357763e+01,1.411712e+01
5.000000e+01,1.280000e+02,0.0,3.723993e+00,-2.314201e+01,1.435893e+01
5.200000e+01,1.280000e+02,0.0,3.667455e+00,-2.298378e+01,1.412749e+01
5.400000e+01,1.280000e+02,0.0,3.618737e+00,-2.290788e+01,1.376412e+01
5.600000e+01,1.280000e+02,0.0,3.723721e+00,-2.295236e+01,1.417579e+01
5.800000e+01,1.280000e+02,0.0,3.977566e+00,-2.295195e+01,1.453154e+01
6.000000e+01,1.280000e+02,0.0,4.418506e+00,-2.277276e+01,1.501811e+01
6.200000e+01,1.280000e+02,0.0,4.929802e+00,-2.221831e+01,1.527717e+01
6.400000e+01,1.280000e+02,0.0,5.457250e+00,-2.122076e+01,1.534780e+01
6.600000e+01,1.280000e+02,0.0,5.991660e+00,-1.973939e+01,1.517732e+01
6.800000e+01,1.280000e+02,0.0,6.534589e+00,-1.779485e+01,1.474550e+01
7.000000e+01,1.280000e+02,0.0,7.081341e+00,-1.543221e+01,1.396713e+01
7.200000e+01,1.280000e+02,0.0,7.620045e+00,-1.275493e+01,1.275493e+01
7.400000e+01,1.280000e+02,0.0,8.153815e+00,-9.893089e+00,1.102553e+01
7.600000e+01,1.280000e+02,0.0,8.676122e+00,-6.935547e+00,8.754363e+00
7.800000e+01,1.280000e+02,0.0,9.189171e+00,-4.027412e+00,5.879729e+00
8.000000e+01,1.280000e+02,0.0,9.651191e+00,-1.444856e+00,2.737706e+00
8.200000e+01,1.280000e+02,0.0,9.915861e+00,-2.379547e-01,7.464744e-01
8.400000e+01,1.280000e+02,0.0,9.981540e+00,-5.542016e-02,1.704886e-01
8.600000e+01,1.280000e+02,0.0,9.995814e+00,-1.281855e-02,3.854051e-02
8.800000e+01,1.280000e+02,0.0,9.998911e+00,-2.661684e-03,1.011315e-02
9.000000e+01,1.280000e+02,0.0,9.999585e+00,-4.377431e-04,3.974288e-03
9.200000e+01,1.280000e+02,0.0,9.999692e+00,-4.280862e-05,3.030348e-03
9.400000e+01,1.280000e+02,0.0,9.999699e+00,-3.690414e-05,2.992852e-03
9.600000e+01,1.280000e+02,0.0,9.999721e+00,-9.185965e-05,2.768198e-03
9.800000e+01,1.280000e+02,0.0,9.999752e+00,-8.983321e-05,2.444227e-03
1.000000e+02,1.280000e+02,0.0,9.999773e+00,-1.328946e-24,2.204831e-03
1.020000e+02,1.280000e+02,0.0,9.999752e+00,8.983321e-05,2.444227e-03
1.040000e+02,1.280000e+02,0.0,9.999721e+00,9.185965e-05,2.768198e-03
1.060000e+02,1.280000e+02,0.0,9.999699e+00,3.690414e-05,2.992852e-03
1.080000e+02,1.280000e+02,0.0,9.999692e+00,4.280862e-05,3.030348e-03
1.100000e+02,1.280000e+02,0.0,9.999585e+00,4.377431e-04,3.974288e-03
1.120000e+02,1.280000e+02,0.0,9.998911e+00,2.661684e-03,1.011315e-02
1.140000e+02,1.280000e+02,0.0,9.995814e+00,1.281855e-02,3.854051e-02
1.160000e+02,1.280000e+02,0.0,9.981540e+00,5.542016e-02,1.704886e-01
1.180000e+02,1.280000e+02,0.0,9.915861e+00,2.379547e-01,7.464744e-01
1.200000e+02,1.280000e+02,0.0,9.651191e+00,1.444856e+00,2.737706e+00
1.220000e+02,1.280000e+02,0.0,9.189171e+00,4.027412e+00,5.879729e+00
1.240000e+02,1.280000e+02,0.0,8.676122e+00,6.935547e+00,8.754363e+00
1.260000e+02,1.280000e+02,0.0,8.153815e+00,9.893089e+00,1.102553e+01
1.280000e+02,1.280000e+02,0.0,7.620045e+00,1.275493e+01,1.275493e+01
1.300000e+02,1.280000e+02,0.0,7.081341e+00,1.543221e+01,1.396713e+01
1.320000e+02,1.280000e+02,0.0,6.534589e+00,1.779485e+01,1.474550e+01
1.340000e+02,1.280000e+02,0.0,5.991660e+00,1.973939e+01,1.517732e+01
1.360000e+02,1.280000e+02,0.0,5.457250e+00,2.122076e+01,1.534780e+01
1.380000e+02,1.280000e+02,0.0,4.929802e+00,2.221831e+01,1.527717e+01
1.400000e+02,1.280000e+02,0.0,4.418506e+00,2.277276e+01,1.501811e+01
1.420000e+02,1.280000e+02,0.0,3.977566e+00,2.295195e+01,1.453154e+01
1.440000e+02,1.280000e+02,0.0,3.723721e+00,2.295236e+01,1.417579e+01
1.460000e+02,1.280000e+02,0.0,3.618737e+00,2.290788e+01,1.376412e+01
1.480000e+02,1.280000e+02,0.0,3.667455e+00,2.298378e+01,1.412749e+01
1.500000e+02,1.280000e+02,0.0,3.723993e+00,2.314201e+01,1.435893e+01
1.520000e+02,1.280000e+02,0.0,3.760961e+00,2.357763e+01,1.411712e+01
1.540000e+02,1.280000e+02,0.0,3.851215e+00,2.491457e+01,1.346416e+01
1.560000e+02,1.280000e+02,0.0,3.853541e+00,2.525015e+01,1.235563e+01
1.580000e+02,1.280000e+02,0.0,3.519615e+00,2.167804e+01,9.259984e+00
1.600000e+02,1.280000e+02,0.0,1.589764e+00,4.263954e+00,1.271468e+00
1.620000e+02,1.280000e+02,0.0,1.003794e+00,1.521030e-02,1.218742e-03
1.640000e+02,1.280000e+02,0.0,1.000005e+00,1.505058e-05,5.711324e-07
1.660000e+02,1.280000e+02,0.0,1.000000e+00,1.438020e-08,7.433104e-10
1.680000e+02,1.280000e+02,0.0,1.000000e+00,1.925402e-11,8.370720e-13
1.700000e+02,1.280000e+02,0.0,1.000000e+00,2.160158e-14,8.503701e-16
1.720000e+02,1.280000e+02,0.0,1.000000e+00,1.635539e-17,0.000000e+00
1.740000e+02,1.280000e+02,0.0,1.000000e+00,0.000000e+00,0.000000e+00
1.760000e+02,1.280000e+02,0.0,1.000000e+00,0.000000e+00,0.000000e+00
1.780000e+02,1.280000e+02,0.0,1.000000e+00,0.000000e+00,0.000000e+00
1.800000e+02,1.280000e+02,0.0,1.000000e+00,0.000000e+00,0.000000e+00
1.820000e+02,1.280000e+02,0.0,1.000000e+00,0.000000e+00,0.000000e+00
1.840000e+02,1.280000e+02,0.0,1.000000e+00,0.000000e+00,0.000000e+00
1.860000e+02,1.280000e+02,0.0,1.000000e+00,0.000000e+00,0.000000e+00
1.880000e+02,1.280000e+02,0.0,1.000000e+00,0.000000e+00,0.000000e+00
1.900000e+02,1.280000e+02,0.0,1.000000e+00,0.000000e+00,0.000000e+00
1.920000e+02,1.280000e+02,0.0,1.000000e+00,0.000000e+00,0.000000e+00
1.940000e+02,1.280000e+02,0.0,1.000000e+00,0.000000e+00,0.000000e+00
1.960000e+02,1.280000e+02,0.0,1.000000e+00,0.000000e+00,0.000000e+00
1.980000e+02,1.280000e+02,0.0,1.000000e+00,0.000000e+00,0.000000e+00
2.000000e+02,1.280000e+02,0.0,1.000000e+00,0.000000e+00,0.000000e+00
0.000000e+00,1.300000e+02,0.0,1.000000e+00,0.000000e+00,0.000000e+00
2.000000e+00,1.300000e+02,0.0,1.000000e+00,0.000000e+00,0.000000e+00
4.000000e+00,1.300000e+02,0.0,1.000000e+00,0.000000e+00,0.000000e+00
6.000000e+00,1.300000e+02,0.0,1.000000e+00,0.000000e+00,0.000000e+00
8.000000e+00,1.300000e+02,0.0,1.000000e+00,0.000000e+00,0.000000e+00
1.000000e+01,1.300000e+02,0.0,1.000000e+00,0.000000e+00,0.000000e+00
1.200000e+01,1.300000e+02,0.0,1.000000e+00,0.000000e+00,0.000000e+00
1.400000e+01,1.300000e+02,0.0,1.000000e+00,0.000000e+00,0.000000e+00
1.600000e+01,1.300000e+02,0.0,1.000000e+00,0.000000e+00,0.000000e+00
1.800000e+01,1.300000e+02,0.0,1.000000e+00,0.000000e+00,0.000000e+00
2.000000e+01,1.300000e+02,0.0,1.000000e+00,0.000000e+00,0.000000e+00
2.200000e+01,1.300000e+02,0.0,1.000000e+00,0.000000e+00,0.000000e+00
2.400000e+01,1.300000e+02,0.0,1.000000e+00,0.000000e+00,0.000000e+00
2.600000e+01,1.300000e+02,0.0,1.000000e+00,0.000000e+00,0.000000e+00
2.800000e+01,1.300000e+02,0.0,1.000000e+00,0.000000e+00,0.000000e+00
3.000000e+01,1.300000e+02,0.0,1.000000e+00,-6.704321e-16,1.635539e-17
3.200000e+01,1.300000e+02,0.0,1.000000e+00,-5.902144e-13,2.735724e-14
3.400000e+01,1.300000e+02,0.0,1.000000e+00,-5.613888e-10,2.371745e-11
3.600000e+01,1.300000e+02,0.0,1.000000e+00,-4.843347e-07,2.062895e-08
3.800000e+01,1.300000e+02,0.0,1.000108e+00,-3.397280e-04,1.925098e-05
4.000000e+01,1.300000e+02,0.0,1.073078e+00,-4.380357e-01,7.435756e-02
4.200000e+01,1.300000e+02,0.0,2.651826e+00,-1.315817e+01,5.184527e+00
4.400000e+01,1.300000e+02,0.0,3.778812e+00,-2.406984e+01,1.221855e+01
4.600000e+01,1.300000e+02,0.0,3.793818e+00,-2.416170e+01,1.376685e+01
4.800000e+01,1.300000e+02,0.0,3.669043e+00,-2.252608e+01,1.432206e+01
5.000000e+01,1.300000e+02,0.0,3.607127e+00,-2.186709e+01,1.465846e+01
5.200000e+01,1.300000e+02,0.0,3.539224e+00,-2.170871e+01,1.453036e+01
5.400000e+01,1.300000e+02,0.0,3.460084e+00,-2.168670e+01,1.423896e+01
5.600000e+01,1.300000e+02,0.0,3.481207e+00,-2.187079e+01,1.443511e+01
5.800000e+01,1.300000e+02,0.0,3.659506e+00,-2.198151e+01,1.471688e+01
6.000000e+01,1.300000e+02,0.0,4.044143e+00,-2.204835e+01,1.539079e+01
6.200000e+01,1.300000e+02,0.0,4.541530e+00,-2.173492e+01,1.600116e+01
6.400000e+01,1.300000e+02,0.0,5.046691e+00,-2.098028e+01,1.639028e+01
6.600000e+01,1.300000e+02,0.0,5.558654e+00,-1.976890e+01,1.659999e+01
6.800000e+01,1.300000e+02,0.0,6.070958e+00,-1.815544e+01,1.655431e+01
7.000000e+01,1.300000e+02,0.0,6.582340e+00,-1.619062e+01,1.619062e+01
7.200000e+01,1.300000e+02,0.0,7.081341e+00,-1.396713e+01,1.543221e+01
7.400000e+01,1.300000e+02,0.0,7.568553e+00,-1.160743e+01,1.424099e+01
7.600000e+01,1.300000e+02,0.0,8.044864e+00,-9.193131e+00,1.261368e+01
7.800000e+01,1.300000e+02,0.0,8.510280e+00,-6.798269e+00,1.044198e+01
8.000000e+01,1.300000e+02,0.0,8.961535e+00,-4.509406e+00,7.955214e+00
8.200000e+01,1.300000e+02,0.0,9.359889e+00,-2.554795e+00,5.162729e+00
8.400000e+01,1.300000e+02,0.0,9.703263e+00,-1.065787e+00,2.516028e+00
8.600000e+01,1.300000e+02,0.0,9.919385e+00,-2.179322e-01,7.251320e-01
8.800000e+01,1.300000e+02,0.0,9.980556e+00,-4.880797e-02,1.801450e-01
9.000000e+01,1.300000e+02,0.0,9.993125e+00,-8.704459e-03,6.526760e-02
9.200000e+01,1.300000e+02,0.0,9.995466e+00,-7.684111e-04,4.439401e-02
9.400000e+01,1.300000e+02,0.0,9.995612e+00,-5.471118e-04,4.362623e-02
9.600000e+01,1.300000e+02,0.0,9.995910e+00,-1.326284e-03,4.061624e-02
9.800000e+01,1.300000e+02,0.0,9.996304e+00,-1.265778e-03,3.641246e-02
1.000000e+02,1.300000e+02,0.0,9.996579e+00,6.209225e-19,3.328802e-02
1.020000e+02,1.300000e+02,0.0,9.996304e+00,1.265778e-03,3.641246e-02
1.040000e+02,1.300000e+02,0.0,9.995910e+00,1.326284e-03,4.061624e-02
1.060000e+02,1.300000e+02,0.0,9.995612e+00,5.471118e-04,4.362623e-02
1.080000e+02,1.300000e+02,0.0,9.995466e+00,7.684111e-04,4.439401e-02
1.100000e+02,1.300000e+02,0.0,9.993125e+00,8.704459e-03,6.526760e-02
1.120000e+02,1.300000e+02,0.0,9.980556e+00,4.880797e-02,1.801450e-01
1.140000e+02,1.300000e+02,0.0,9.919385e+00,2.179322e-01,7.251320e-01
1.160000e+02,1.300000e+02,0.0,9.703263e+00,1.065787e+00,2.516028e+00
1.180000e+02,1.300000e+02,0.0,9.359889e+00,2.554795e+00,5.162729e+00
1.200000e+02,1.300000e+02,0.0,8.961535e+00,4.509406e+00,7.955214e+00
1.220000e+02,1.300000e+02,0.0,8.510280e+00,6.798269e+00,1.044198e+01
1.240000e+02,1.300000e+02,0.0,8.044864e+00,9.193131e+00,1.261368e+01
1.260000e+02,1.300000e+02,0.0,7.568553e+00,1.160743e+01,1.424099e+01
1.280000e+02,1.300000e+02,0.0,7.081341e+00,1.396713e+01,1.543221e+01
1.300000e+02,1.300000e+02,0.0,6.582340e+00,1.619062e+01,1.619062e+01
1.320000e+02,1.300000e+02,0.0,6.070958e+00,1.815544e+01,1.655431e+01
1.340000e+02,1.300000e+02,0.0,5.558654e+00,1.976890e+01,1.659999e+01
1.360000e+02,1.300000e+02,0.0,5.046691e+00,2.098028e+01,1.639028e+01
1.380000e+02,1.300000e+02,0.0,4.541530e+00,2.173492e+01,1.600116e+01
1.400000e+02,1.300000e+02,0.0,4.044143e+00,2.204835e+01,1.539079e+01
1.420000e+02,1.300000e+02,0.0,3.659506e+00,2.198151e+01,1.471688e+01
1.440000e+02,1.300000e+02,0.0,3.481207e+00,2.187079e+01,1.443511e+01
1.460000e+02,1.300000e+02,0.0,3.460084e+00,2.168670e+01,1.423896e+01
1.480000e+02,1.300000e+02,0.0,3.539224e+00,2.170871e+01,1.453036e+01
1.500000e+02,1.300000e+02,0.0,3.607127e+00,2.186709e+01,1.465846e+01
1.520000e+02,1.300000e+02,0.0,3.669043e+00,2.252608e+01,1.432206e+01
1.540000e+02,1.300000e+02,0.0,3.793818e+00,2.416170e+01,1.376685e+01
1.560000e+02,1.300000e+02,0.0,3.778812e+00,2.406984e+01,1.221855e+01
1.580000e+02,1.300000e+02,0.0,2.651826e+00,1.315817e+01,5.184527e+00
1.600000e+02,1.300000e+02,0.0,1.073078e+00,4.380357e-01,7.435756e-02
1.620000e+02,1.300000e+02,0.0,1.000108e+00,3.397280e-04,1.925098e-05
1.640000e+02,1.300000e+02,0.0,1.000000e+00,4.843347e-07,2.062895e-08
1.660000e+02,1.300000e+02,0.0,1.000000e+00,5.613888e-10,2.371745e-11
1.680000e+02,1.300000e+02,0.0,1.000000e+00,5.902144e-13,2.735724e-14
1.700000e+02,1.300000e+02,0.0,1.000000e+00,6.704321e-16,1.635539e-17
1.720000e+02,1.300000e+02,0.0,1.000000e+00,0.000000e+00,0.000000e+00
1.740000e+02,1.300000e+02,0.0,1.000000e+00,0.000000e+00,0.000000e+00
1.760000e+02,1.300000e+02,0.0,1.000000e+00,0.000000e+00,0.000000e+00
1.780000e+02,1.300000e+02,0.0,1.000000e+00,0.000000e+00,0.000000e+00
1.800000e+02,1.300000e+02,0.0,1.000000e+00,0.000000e+00,0.000000e+00
1.820000e+02,1.300000e+02,0.0,1.000000e+00,0.000000e+00,0.000000e+00
1.840000e+02,1.300000e+02,0.0,1.000000e+00,0.000000e+00,0.000000e+00
1.860000e+02,1.300000e+02,0.0,1.000000e+00,0.000000e+00,0.000000e+00
1.880000e+02,1.300000e+02,0.0,1.000000e+00,0.000000e+00,0.000000e+00
1.900000e+02,1.300000e+02,0.0,1.000000e+00,0.000000e+00,0.000000e+00
1.920000e+02,1.300000e+02,0.0,1.000000e+00,0.000000e+00,0.000000e+00
1.940000e+02,1.300000e+02,0.0,1.000000e+00,0.000000e+00,0.000000e+00
1.960000e+02,1.300000e+02,0.0,1.000000e+00,0.000000e+00,0.000000e+00
1.980000e+02,1.300000e+02,0.0,1.000000e+00,0.000000e+00,0.000000e+00
2.000000e+02,1.300000e+02,0.0,1.000000e+00,0.000000e+00,0.000000e+00
0.000000e+00,1.320000e+02,0.0,1.000000e+00,0.000000e+00,0.000000e+00
2.000000e+00,1.320000e+02,0.0,1.000000e+00,0.000000e+00,0.000000e+00
4.000000e+00,1.320000e+02,0.0,1.000000e+00,0.000000e+00,0.000000e+00
6.000000e+00,1.320000e+02,0.0,1.000000e+00,0.000000e+00,0.000000e+00
8.000000e+00,1.320000e+02,0.0,1.000000e+00,0.000000e+00,0.000000e+00
1.000000e+01,1.320000e+02,0.0,1.000000e+00,0.000000e+00,0.000000e+00
1.200000e+01,1.320000e+02,0.0,1.000000e+00,0.000000e+00,0.000000e+00
1.400000e+01,1.320000e+02,0.0,1.000000e+00,0.000000e+00,0.000000e+00
1.600000e+01,1.320000e+02,0.0,1.000000e+00,0.000000e+00,0.000000e+00
1.800000e+01,1.320000e+02,0.0,1.000000e+00,0.000000e+00,0.000000e+00
2.000000e+01,1.320000e+02,0.0,1.000000e+00,0.000000e+00,0.000000e+00
2.200000e+01,1.320000e+02,0.0,1.000000e+00,0.000000e+00,0.000000e+00
2.400000e+01,1.320000e+02,0.0,1.000000e+00,0.000000e+00,0.000000e+00
2.600000e+01,1.320000e+02,0.0,1.000000e+00,0.000000e+00,0.000000e+00
2.800000e+01,1.320000e+02,0.0,1.000000e+00,0.000000e+00,0.000000e+00
3.000000e+01,1.320000e+02,0.0,1.000000e+00,0.000000e+00,0.000000e+00
3.200000e+01,1.320000e+02,0.0,1.000000e+00,-7.145966e-15,5.886839e-16
3.400000e+01,1.320000e+02,0.0,1.000000e+00,-6.538701e-12,4.728077e-13
3.600000e+01,1.320000e+02,0.0,1.000000e+00,-5.438077e-09,4.433760e-10
3.800000e+01,1.320000e+02,0.0,1.000002e+00,-4.721106e-06,3.764707e-07
4.000000e+01,1.320000e+02,0.0,1.001588e+00,-5.668979e-03,4.512974e-04
4.200000e+01,1.320000e+02,0.0,1.382225e+00,-2.537038e+00,9.122032e-01
4.400000e+01,1.320000e+02,0.0,3.328848e+00,-1.875828e+01,9.888230e+00
4.600000e+01,1.320000e+02,0.0,3.742128e+00,-2.306952e+01,1.374754e+01
4.800000e+01,1.320000e+02,0.0,3.686461e+00,-2.239331e+01,1.436378e+01
5.000000e+01,1.320000e+02,0.0,3.594270e+00,-2.136645e+01,1.464801e+01
5.200000e+01,1.320000e+02,0.0,3.526796e+00,-2.116187e+01,1.477283e+01
5.400000e+01,1.320000e+02,0.0,3.436340e+00,-2.113813e+01,1.456539e+01
5.600000e+01,1.320000e+02,0.0,3.404688e+00,-2.125908e+01,1.459616e+01
5.800000e+01,1.320000e+02,0.0,3.490195e+00,-2.129365e+01,1.499242e+01
6.000000e+01,1.320000e+02,0.0,3.716996e+00,-2.132152e+01,1.546536e+01
6.200000e+01,1.320000e+02,0.0,4.158164e+00,-2.102352e+01,1.647362e+01
6.400000e+01,1.320000e+02,0.0,4.645765e+00,-2.044302e+01,1.725394e+01
6.600000e+01,1.320000e+02,0.0,5.123374e+00,-1.943844e+01,1.782037e+01
6.800000e+01,1.320000e+02,0.0,5.598109e+00,-1.814046e+01,1.814046e+01
7.000000e+01,1.320000e+02,0.0,6.070958e+00,-1.655431e+01,1.815544e+01
7.200000e+01,1.320000e+02,0.0,6.534589e+00,-1.474550e+01,1.779485e+01
7.400000e+01,1.320000e+02,0.0,6.987126e+00,-1.282305e+01,1.704236e+01
7.600000e+01,1.320000e+02,0.0,7.432145e+00,-1.086760e+01,1.589377e+01
7.800000e+01,1.320000e+02,0.0,7.864573e+00,-8.900167e+00,1.432083e+01
8.000000e+01,1.320000e+02,0.0,8.284302e+00,-7.002501e+00,1.239175e+01
8.200000e+01,1.320000e+02,0.0,8.683802e+00,-5.262552e+00,1.009067e+01
8.400000e+01,1.320000e+02,0.0,9.050276e+00,-3.686030e+00,7.730634e+00
8.600000e+01,1.320000e+02,0.0,9.371838e+00,-2.369661e+00,5.207722e+00
8.800000e+01,1.320000e+02,0.0,9.676005e+00,-1.075034e+00,2.684907e+00
9.000000e+01,1.320000e+02,0.0,9.871794e+00,-1.831698e-01,1.181664e+00
9.200000e+01,1.320000e+02,0.0,9.929296e+00,-1.681946e-02,6.755301e-01
9.400000e+01,1.320000e+02,0.0,9.932846e+00,-8.448817e-03,6.564703e-01
9.600000e+01,1.320000e+02,0.0,9.936314e+00,-1.623863e-02,6.220111e-01
9.800000e+01,1.320000e+02,0.0,9.942754e+00,-1.575446e-02,5.553172e-01
1.000000e+02,1.320000e+02,0.0,9.948234e+00,-8.350096e-15,4.967894e-01
1.020000e+02,1.320000e+02,0.0,9.942754e+00,1.575446e-02,5.553172e-01
1.040000e+02,1.320000e+02,0.0,9.936314e+00,1.623863e-02,6.220111e-01
1.060000e+02,1.320000e+02,0.0,9.932846e+00,8.448817e-03,6.564703e-01
1.080000e+02,1.320000e+02,0.0,9.929296e+00,1.681946e-02,6.755301e-01
1.100000e+02,1.320000e+02,0.0,9.871794e+00,1.831698e-01,1.181664e+00
1.120000e+02,1.320000e+02,0.0,9.676005e+00,1.075034e+00,2.684907e+00
1.140000e+02,1.320000e+02,0.0,9.371838e+00,2.369661e+00,5.207722e+00
1.160000e+02,1.320000e+02,0.0,9.050276e+00,3.686030e+00,7.730634e+00
1.180000e+02,1.320000e+02,0.0,8.683802e+00,5.262552e+00,1.009067e+01
1.200000e+02,1.320000e+02,0.0,8.284302e+00,7.002501e+00,1.239175e+01
1.220000e+02,1.320000e+02,0.0,7.864573e+00,8.900167e+00,1.432083e+01
1.240000e+02,1.320000e+02,0.0,7.432145e+00,1.086760e+01,1.589377e+01
1.260000e+02,1.320000e+02,0.0,6.987126e+00,1.282305e+01,1.704236e+01
1.280000e+02,1.320000e+02,0.0,6.534589e+00,1.474550e+01,1.779485e+01
1.300000e+02,1.320000e+02,0.0,6.070958e+00,1.655431e+01,1.815544e+01
1.320000e+02,1.320000e+02,0.0,5.598109e+00,1.814046e+01,1.814046e+01
1.340000e+02,1.320000e+02,0.0,5.123374e+00,1.943844e+01,1.782037e+01
1.360000e+02,1.320000e+02,0.0,4.645765e+00,2.044302e+01,1.725394e+01
1.380000e+02,1.320000e+02,0.0,4.158164e+00,2.102352e+01,1.647362e+01
1.400000e+02,1.320000e+02,0.0,3.716996e+00,2.132152e+01,1.546536e+01
1.420000e+02,1.320000e+02,0.0,3.490195e+00,2.129365e+01,1.499242e+01
1.440000e+02,1.320000e+02,0.0,3.404688e+00,2.125908e+01,1.459616e+01
1.460000e+02,1.320000e+02,0.0,3.436340e+00,2.113813e+01,1.456539e+01
1.480000e+02,1.320000e+02,0.0,3.526796e+00,2.116187e+01,1.477283e+01
1.500000e+02,1.320000e+02,0.0,3.594270e+00,2.136645e+01,1.464801e+01
1.520000e+02,1.320000e+02,0.0,3.686461e+00,2.239331e+01,1.436378e+01
1.540000e+02,1.320000e+02,0.0,3.742128e+00,2.306952e+01,1.374754e+01
1.560000e+02,1.320000e+02,0.0,3.328848e+00,1.875828e+01,9.888230e+00
1.580000e+02,1.320000e+02,0.0,1.382225e+00,2.537038e+00,9.122032e-01
1.600000e+02,1.320000e+02,0.0,1.001588e+00,5.668979e-03,4.512974e-04
1.620000e+02,1.320000e+02,0.0,1.000002e+00,4.721106e-06,3.764707e-07
1.640000e+02,1.320000e+02,0.0,1.000000e+00,5.438077e-09,4.433760e-10
1.660000e+02,1.320000e+02,0.0,1.000000e+00,6.538701e-12,4.728077e-13
1.680000e+02,1.320000e+02,0.0,1.000000e+00,7.145966e-15,5.886839e-16
1.700000e+02,1.320000e+02,0.0,1.000000e+00,0.000000e+00,0.000000e+00
1.720000e+02,1.320000e+02,0.0,1.000000e+00,0.000000e+00,0.000000e+00
1.740000e+02,1.320000e+02,0.0,1.000000e+00,0.000000e+00,0.000000e+00
1.760000e+02,1.320000e+02,0.0,1.000000e+00,0.000000e+00,0.000000e+00
1.780000e+02,1.320000e+02,0.0,1.000000e+00,0.000000e+00,0.000000e+00
1.800000e+02,1.320000e+02,0.0,1.000000e+00,0.000000e+00,0.000000e+00
1.820000e+02,1.320000e+02,0.0,1.000000e+00,0.000000e+00,0.000000e+00
1.840000e+02,1.320000e+02,0.0,1.000000e+00,0.000000e+00,0.000000e+00
1.860000e+02,1.320000e+02,0.0,1.000000e+00,0.000000e+00,0.000000e+00
1.880000e+02,1.320000e+02,0.0,1.000000e+00,0.000000e+00,0.000000e+00
1.900000e+02,1.320000e+02,0.0,1.000000e+00,0.000000e+00,0.000000e+00
1.920000e+02,1.320000e+02,0.0,1.000000e+00,0.000000e+00,0.000000e+00
1.940000e+02,1.320000e+02,0.0,1.000000e+00,0.000000e+00,0.000000e+00
1.960000e+02,1.320000e+02,0.0,1.000000e+00,0.000000e+00,0.000000e+00
1.980000e+02,1.320000e+02,0.0,1.000000e+00,0.000000e+00,0.000000e+00
2.000000e+02,1.320000e+02,0.0,1.000000e+00,0.000000e+00,0.000000e+00
0.000000e+00,1.340000e+02,0.0,1.000000e+00,0.000000e+00,0.000000e+00
2.000000e+00,1.340000e+02,0.0,1.000000e+00,0.000000e+00,0.000000e+00
4.000000e+00,1.340000e+02,0.0,1.000000e+00,0.000000e+00,0.000000e+00
6.000000e+00,1.340000e+02,0.0,1.000000e+00,0.000000e+00,0.000000e+00
8.000000e+00,1.340000e+02,0.0,1.000000e+00,0.000000e+00,0.000000e+00
1.000000e+01,1.340000e+02,0.0,1.000000e+00,0.000000e+00,0.000000e+00
1.200000e+01,1.340000e+02,0.0,1.000000e+00,0.000000e+00,0.000000e+00
1.400000e+01,1.340000e+02,0.0,1.000000e+00,0.000000e+00,0.000000e+00
1.600000e+01,1.340000e+02,0.0,1.000000e+00,0.000000e+00,0.000000e+00
1.800000e+01,1.340000e+02,0.0,1.000000e+00,0.000000e+00,0.000000e+00
2.000000e+01,1.340000e+02,0.0,1.000000e+00,0.000000e+00,0.000000e+00
2.200000e+01,1.340000e+02,0.0,1.000000e+00,0.000000e+00,0.000000e+00
2.400000e+01,1.340000e+02,0.0,1.000000e+00,0.000000e+00,0.000000e+00
2.600000e+01,1.340000e+02,0.0,1.000000e+00,0.000000e+00,0.000000e+00
2.800000e+01,1.340000e+02,0.0,1.000000e+00,0.000000e+00,0.000000e+00
3.000000e+01,1.340000e+02,0.0,1.000000e+00,0.000000e+00,0.000000e+00
3.200000e+01,1.340000e+02,0.0,1.000000e+00,-6.541101e-17,-1.635539e-17
3.400000e+01,1.340000e+02,0.0,1.000000e+00,-6.141913e-14,5.429025e-15
3.600000e+01,1.340000e+02,0.0,1.000000e+00,-4.830268e-11,4.955936e-12
3.800000e+01,1.340000e+02,0.0,1.000000e+00,-4.581498e-08,4.078616e-09
4.000000e+01,1.340000e+02,0.0,1.000015e+00,-4.380103e-05,3.607684e-06
4.200000e+01,1.340000e+02,0.0,1.008948e+00,-3.762442e-02,7.605297e-03
4.400000e+01,1.340000e+02,0.0,1.946111e+00,-6.568497e+00,3.135310e+00
4.600000e+01,1.340000e+02,0.0,3.619145e+00,-2.067193e+01,1.252713e+01
4.800000e+01,1.340000e+02,0.0,3.739895e+00,-2.197590e+01,1.429397e+01
5.000000e+01,1.340000e+02,0.0,3.640812e+00,-2.104648e+01,1.456695e+01
5.200000e+01,1.340000e+02,0.0,3.583575e+00,-2.069999e+01,1.490998e+01
5.400000e+01,1.340000e+02,0.0,3.509425e+00,-2.067640e+01,1.498572e+01
5.600000e+01,1.340000e+02,0.0,3.403852e+00,-2.070387e+01,1.486523e+01
5.800000e+01,1.340000e+02,0.0,3.409845e+00,-2.064163e+01,1.511858e+01
6.000000e+01,1.340000e+02,0.0,3.540870e+00,-2.042153e+01,1.574367e+01
6.200000e+01,1.340000e+02,0.0,3.782646e+00,-2.021307e+01,1.686660e+01
6.400000e+01,1.340000e+02,0.0,4.247448e+00,-1.959955e+01,1.788448e+01
6.600000e+01,1.340000e+02,0.0,4.687002e+00,-1.879952e+01,1.879952e+01
6.800000e+01,1.340000e+02,0.0,5.123374e+00,-1.782037e+01,1.943844e+01
7.000000e+01,1.340000e+02,0.0,5.558654e+00,-1.659999e+01,1.976890e+01
7.200000e+01,1.340000e+02,0.0,5.991660e+00,-1.517732e+01,1.973939e+01
7.400000e+01,1.340000e+02,0.0,6.419621e+00,-1.366479e+01,1.934629e+01
7.600000e+01,1.340000e+02,0.0,6.842004e+00,-1.211525e+01,1.859652e+01
7.800000e+01,1.340000e+02,0.0,7.252094e+00,-1.051932e+01,1.748226e+01
8.000000e+01,1.340000e+02,0.0,7.649800e+00,-8.962221e+00,1.603746e+01
8.200000e+01,1.340000e+02,0.0,8.033242e+00,-7.445644e+00,1.429613e+01
8.400000e+01,1.340000e+02,0.0,8.376948e+00,-5.981658e+00,1.237709e+01
8.600000e+01,1.340000e+02,0.0,8.679988e+00,-4.647727e+00,1.033972e+01
8.800000e+01,1.340000e+02,0.0,8.944766e+00,-3.262246e+00,8.514313e+00
9.000000e+01,1.340000e+02,0.0,9.178806e+00,-1.820289e+00,6.766714e+00
9.200000e+01,1.340000e+02,0.0,9.375372e+00,-4.312958e-01,5.574508e+00
9.400000e+01,1.340000e+02,0.0,9.454373e+00,-1.096012e-01,5.147907e+00
9.600000e+01,1.340000e+02,0.0,9.472775e+00,-1.378703e-01,4.988667e+00
9.800000e+01,1.340000e+02,0.0,9.483289e+00,-1.344912e-01,4.829418e+00
1.000000e+02,1.340000e+02,0.0,9.493916e+00,1.030566e-15,4.681266e+00
1.020000e+02,1.340000e+02,0.0,9.483289e+00,1.344912e-01,4.829418e+00
1.040000e+02,1.340000e+02,0.0,9.472775e+00,1.378703e-01,4.988667e+00
1.060000e+02,1.340000e+02,0.0,9.454373e+00,1.096012e-01,5.147907e+00
1.080000e+02,1.340000e+02,0.0,9.375372e+00,4.312958e-01,5.574508e+00
1.100000e+02,1.340000e+02,0.0,9.178806e+00,1.820289e+00,6.766714e+00
1.120000e+02,1.340000e+02,0.0,8.944766e+00,3.262246e+00,8.514313e+00
1.140000e+02,1.340000e+02,0.0,8.679988e+00,4.647727e+00,1.033972e+01
1.160000e+02,1.340000e+02,0.0,8.376948e+00,5.981658e+00,1.237709e+01
1.180000e+02,1.340000e+02,0.0,8.033242e+00,7.445644e+00,1.429613e+01
1.200000e+02,1.340000e+02,0.0,7.649800e+00,8.962221e+00,1.603746e+01
1.220000e+02,1.340000e+02,0.0,7.252094e+00,1.051932e+01,1.748226e+01
1.240000e+02,1.340000e+02,0.0,6.842004e+00,1.211525e+01,1.859652e+01
1.260000e+02,1.340000e+02,0.0,6.419621e+00,1.366479e+01,1.934629e+01
1.280000e+02,1.340000e+02,0.0,5.991660e+00,1.517732e+01,1.973939e+01
1.300000e+02,1.340000e+02,0.0,5.558654e+00,1.659999e+01,1.976890e+01
1.320000e+02,1.340000e+02,0.0,5.123374e+00,1.782037e+01,1.943844e+01
1.340000e+02,1.340000e+02,0.0,4.687002e+00,1.879952e+01,1.879952e+01
1.360000e+02,1.340000e+02,0.0,4.247448e+00,1.959955e+01,1.788448e+01
1.380000e+02,1.340000e+02,0.0,3.782646e+00,2.021307e+01,1.686660e+01
1.400000e+02,1.340000e+02,0.0,3.540870e+00,2.042153e+01,1.574367e+01
1.420000e+02,1.340000e+02,0.0,3.409845e+00,2.064163e+01,1.511858e+01
1.440000e+02,1.340000e+02,0.0,3.403852e+00,2.070387e+01,1.486523e+01
1.460000e+02,1.340000e+02,0.0,3.509425e+00,2.067640e+01,1.498572e+01
1.480000e+02,1.340000e+02,0.0,3.583575e+00,2.069999e+01,1.490998e+01
1.500000e+02,1.340000e+02,0.0,3.640812e+00,2.104648e+01,1.456695e+01
1.520000e+02,1.340000e+02,0.0,3.739895e+00,2.197590e+01,1.429397e+01
1.540000e+02,1.340000e+02,0.0,3.619145e+00,2.067193e+01,1.252713e+01
1.560000e+02,1.340000e+02,0.0,1.946111e+00,6.568497e+00,3.135310e+00
1.580000e+02,1.340000e+02,0.0,1.008948e+00,3.762442e-02,7.605297e-03
1.600000e+02,1.340000e+02,0.0,1.000015e+00,4.380103e-05,3.607684e-06
1.620000e+02,1.340000e+02,0.0,1.000000e+00,4.581498e-08,4.078616e-09
1.640000e+02,1.340000e+02,0.0,1.000000e+00,4.830268e-11,4.955936e-12
1.660000e+02,1.340000e+02,0.0,1.000000e+00,6.141913e-14,5.429025e-15
1.680000e+02,1.340000e+02,0.0,1.000000e+00,6.541101e-17,-1.635539e-17
1.700000e+02,1.340000e+02,0.0,1.000000e+00,0.000000e+00,0.000000e+00
1.720000e+02,1.340000e+02,0.0,1.000000e+00,0.000000e+00,0.000000e+00
1.740000e+02,1.340000e+02,0.0,1.000000e+00,0.000000e+00,0.000000e+00
1.760000e+02,1.340000e+02,0.0,1.000000e+00,0.000000e+00,0.000000e+00
1.780000e+02,1.340000e+02,0.0,1.000000e+00,0.000000e+00,0.000000e+00
1.800000e+02,1.340000e+02,0.0,1.000000e+00,0.000000e+00,0.000000e+00
1.820000e+02,1.340000e+02,0.0,1.000000e+00,0.000000e+00,0.000000e+00
1.840000e+02,1.340000e+02,0.0,1.000000e+00,0.000000e+00,0.000000e+00
1.860000e+02,1.340000e+02,0.0,1.000000e+00,0.000000e+00,0.000000e+00
1.880000e+02,1.340000e+02,0.0,1.000000e+00,0.000000e+00,0.000000e+00
1.900000e+02,1.340000e+02,0.0,1.000000e+00,0.000000e+00,0.000000e+00
1.920000e+02,1.340000e+02,0.0,1.000000e+00,0.000000e+00,0.000000e+00
1.940000e+02,1.340000e+02,0.0,1.000000e+00,0.000000e+00,0.000000e+00
1.960000e+02,1.340000e+02,0.0,1.000000e+00,0.000000e+00,0.000000e+00
1.980000e+02,1.340000e+02,0.0,1.000000e+00,0.000000e+00,0.000000e+00
2.000000e+02,1.340000e+02,0.0,1.000000e+00,0.000000e+00,0.000000e+00
0.000000e+00,1.360000e+02,0.0,1.000000e+00,0.000000e+00,0.000000e+00
2.000000e+00,1.360000e+02,0.0,1.000000e+00,0.000000e+00,0.000000e+00
4.000000e+00,1.360000e+02,0.0,1.000000e+00,0.000000e+00,0.000000e+00
6.000000e+00,1.360000e+02,0.0,1.000000e+00,0.000000e+00,0.000000e+00
8.000000e+00,1.360000e+02,0.0,1.000000e+00,0.000000e+00,0.000000e+00
1.000000e+01,1.360000e+02,0.0,1.000000e+00,0.000000e+00,0.000000e+00
1.200000e+01,1.360000e+02,0.0,1.000000e+00,0.000000e+00,0.000000e+00
1.400000e+01,1.360000e+02,0.0,1.000000e+00,0.000000e+00,0.000000e+00
1.600000e+01,1.360000e+02,0.0,1.000000e+00,0.000000e+00,0.000000e+00
1.800000e+01,1.360000e+02,0.0,1.000000e+00,0.000000e+00,0.000000e+00
2.000000e+01,1.360000e+02,0.0,1.000000e+00,0.000000e+00,0.000000e+00
2.200000e+01,1.360000e+02,0.0,1.000000e+00,0.000000e+00,0.000000e+00
2.400000e+01,1.360000e+02,0.0,1.000000e+00,0.000000e+00,0.000000e+00
2.600000e+01,1.360000e+02,0.0,1.000000e+00,0.000000e+00,0.000000e+00
2.800000e+01,1.360000e+02,0.0,1.000000e+00,0.000000e+00,0.000000e+00
3.000000e+01,1.360000e+02,0.0,1.000000e+00,0.000000e+00,0.000000e+00
3.200000e+01,1.360000e+02,0.0,1.000000e+00,0.000000e+00,0.000000e+00
3.400000e+01,1.360000e+02,0.0,1.000000e+00,-4.742457e-16,3.270024e-17
3.600000e+01,1.360000e+02,0.0,1.000000e+00,-4.415398e-13,4.632587e-14
3.800000e+01,1.360000e+02,0.0,1.000000e+00,-3.964896e-10,3.718783e-11
4.000000e+01,1.360000e+02,0.0,1.000000e+00,-3.420507e-07,3.445243e-08
4.200000e+01,1.360000e+02,0.0,1.000083e+00,-2.429888e-04,3.126436e-05
4.400000e+01,1.360000e+02,0.0,1.057478e+00,-3.104376e-01,7.833150e-02
4.600000e+01,1.360000e+02,0.0,2.585918e+00,-1.120824e+01,6.407056e+00
4.800000e+01,1.360000e+02,0.0,3.668830e+00,-2.049308e+01,1.372201e+01
5.000000e+01,1.360000e+02,0.0,3.672785e+00,-2.061590e+01,1.474609e+01
5.200000e+01,1.360000e+02,0.0,3.614073e+00,-2.013240e+01,1.512928e+01
5.400000e+01,1.360000e+02,0.0,3.566278e+00,-2.002586e+01,1.539356e+01
5.600000e+01,1.360000e+02,0.0,3.456398e+00,-1.995213e+01,1.536376e+01
5.800000e+01,1.360000e+02,0.0,3.351813e+00,-1.974409e+01,1.545549e+01
6.000000e+01,1.360000e+02,0.0,3.398020e+00,-1.943066e+01,1.601186e+01
6.200000e+01,1.360000e+02,0.0,3.574934e+00,-1.901595e+01,1.711644e+01
6.400000e+01,1.360000e+02,0.0,3.844600e+00,-1.846895e+01,1.846895e+01
6.600000e+01,1.360000e+02,0.0,4.247448e+00,-1.788448e+01,1.959955e+01
6.800000e+01,1.360000e+02,0.0,4.645765e+00,-1.725394e+01,2.044302e+01
7.000000e+01,1.360000e+02,0.0,5.046691e+00,-1.639028e+01,2.098028e+01
7.200000e+01,1.360000e+02,0.0,5.457250e+00,-1.534780e+01,2.122076e+01
7.400000e+01,1.360000e+02,0.0,5.867937e+00,-1.421712e+01,2.114131e+01
7.600000e+01,1.360000e+02,0.0,6.272739e+00,-1.301232e+01,2.075352e+01
7.800000e+01,1.360000e+02,0.0,6.664467e+00,-1.173065e+01,2.002481e+01
8.000000e+01,1.360000e+02,0.0,7.047941e+00,-1.044876e+01,1.904223e+01
8.200000e+01,1.360000e+02,0.0,7.398416e+00,-9.090131e+00,1.774633e+01
8.400000e+01,1.360000e+02,0.0,7.704465e+00,-7.689150e+00,1.637684e+01
8.600000e+01,1.360000e+02,0.0,7.959471e+00,-6.160053e+00,1.496403e+01
8.800000e+01,1.360000e+02,0.0,8.166751e+00,-4.622504e+00,1.375489e+01
9.000000e+01,1.360000e+02,0.0,8.362440e+00,-3.151391e+00,1.263302e+01
9.200000e+01,1.360000e+02,0.0,8.577947e+00,-1.743637e+00,1.163128e+01
9.400000e+01,1.360000e+02,0.0,8.766287e+00,-5.669967e-01,1.087590e+01
9.600000e+01,1.360000e+02,0.0,8.821990e+00,-2.475186e-01,1.056972e+01
9.800000e+01,1.360000e+02,0.0,8.821282e+00,-1.800086e-01,1.049750e+01
1.000000e+02,1.360000e+02,0.0,8.815792e+00,-1.728001e-17,1.040328e+01
1.020000e+02,1.360000e+02,0.0,8.821282e+00,1.800086e-01,1.049750e+01
1.040000e+02,1.360000e+02,0.0,8.821990e+00,2.475186e-01,1.056972e+01
1.060000e+02,1.360000e+02,0.0,8.766287e+00,5.669967e-01,1.087590e+01
1.080000e+02,1.360000e+02,0.0,8.577947e+00,1.743637e+00,1.163128e+01
1.100000e+02,1.360000e+02,0.0,8.362440e+00,3.151391e+00,1.263302e+01
1.120000e+02,1.360000e+02,0.0,8.166751e+00,4.622504e+00,1.375489e+01
1.140000e+02,1.360000e+02,0.0,7.959471e+00,6.160053e+00,1.496403e+01
1.160000e+02,1.360000e+02,0.0,7.704465e+00,7.689150e+00,1.637684e+01
1.180000e+02,1.360000e+02,0.0,7.398416e+00,9.090131e+00,1.774633e+01
1.200000e+02,1.360000e+02,0.0,7.047941e+00,1.044876e+01,1.904223e+01
1.220000e+02,1.360000e+02,0.0,6.664467e+00,1.173065e+01,2.002481e+01
1.240000e+02,1.360000e+02,0.0,6.272739e+00,1.301232e+01,2.075352e+01
1.260000e+02,1.360000e+02,0.0,5.867937e+00,1.421712e+01,2.114131e+01
1.280000e+02,1.360000e+02,0.0,5.457250e+00,1.534780e+01,2.122076e+01
1.300000e+02,1.360000e+02,0.0,5.046691e+00,1.639028e+01,2.098028e+01
1.320000e+02,1.360000e+02,0.0,4.645765e+00,1.725394e+01,2.044302e+01
1.340000e+02,1.360000e+02,0.0,4.247448e+00,1.788448e+01,1.959955e+01
1.360000e+02,1.360000e+02,0.0,3.844600e+00,1.846895e+01,1.846895e+01
1.380000e+02,1.360000e+02,0.0,3.574934e+00,1.901595e+01,1.711644e+01
1.400000e+02,1.360000e+02,0.0,3.398020e+00,1.943066e+01,1.601186e+01
1.420000e+02,1.360000e+02,0.0,3.351813e+00,1.974409e+01,1.545549e+01
1.440000e+02,1.360000e+02,0.0,3.456398e+00,1.995213e+01,1.536376e+01
1.460000e+02,1.360000e+02,0.0,3.566278e+00,2.002586e+01,1.539356e+01
1.480000e+02,1.360000e+02,0.0,3.614073e+00,2.013240e+01,1.512928e+01
1.500000e+02,1.360000e+02,0.0,3.672785e+00,2.061590e+01,1.474609e+01
1.520000e+02,1.360000e+02,0.0,3.668830e+00,2.049308e+01,1.372201e+01
1.540000e+02,1.360000e+02,0.0,2.585918e+00,1.120824e+01,6.407056e+00
1.560000e+02,1.360000e+02,0.0,1.057478e+00,3.104376e-01,7.833150e-02
1.580000e+02,1.360000e+02,0.0,1.000083e+00,2.429888e-04,3.126436e-05
1.600000e+02,1.360000e+02,0.0,1.000000e+00,3.420507e-07,3.445243e-08
1.620000e+02,1.360000e+02,0.0,1.000000e+00,3.964896e-10,3.718783e-11
1.640000e+02,1.360000e+02,0.0,1.000000e+00,4.415398e-13,4.632587e-14
1.660000e+02,1.360000e+02,0.0,1.000000e+00,4.742457e-16,3.270024e-17
1.680000e+02,1.360000e+02,0.0,1.000000e+00,0.000000e+00,0.000000e+00
1.700000e+02,1.360000e+02,0.0,1.000000e+00,0.000000e+00,0.000000e+00
1.720000e+02,1.360000e+02,0.0,1.000000e+00,0.000000e+00,0.000000e+00
1.740000e+02,1.360000e+02,0.0,1.000000e+00,0.000000e+00,0.000000e+00
1.760000e+02,1.360000e+02,0.0,1.000000e+00,0.000000e+00,0.000000e+00
1.780000e+02,1.360000e+02,0.0,1.000000e+00,0.000000e+00,0.000000e+00
1.800000e+02,1.360000e+02,0.0,1.000000e+00,0.000000e+00,0.000000e+00
1.820000e+02,1.360000e+02,0.0,1.000000e+00,0.000000e+00,0.000000e+00
1.840000e+02,1.360000e+02,0.0,1.000000e+00,0.000000e+00,0.000000e+00
1.860000e+02,1.360000e+02,0.0,1.000000e+00,0.000000e+00,0.000000e+00
1.880000e+02,1.360000e+02,0.0,1.000000e+00,0.000000e+00,0.000000e+00
1.900000e+02,1.360000e+02,0.0,1.000000e+00,0.000000e+00,0.000000e+00
1.920000e+02,1.360000e+02,0.0,1.000000e+00,0.000000e+00,0.000000e+00
1.940000e+02,1.360000e+02,0.0,1.000000e+00,0.000000e+00,0.000000e+00
1.960000e+02,1.360000e+02,0.0,1.000000e+00,0.000000e+00,0.000000e+00
1.980000e+02,1.360000e+02,0.0,1.000000e+00,0.000000e+00,0.000000e+00
2.000000e+02,1.360000e+02,0.0,1.000000e+00,0.000000e+00,0.000000e+00
0.000000e+00,1.380000e+02,0.0,1.000000e+00,0.000000e+00,0.000000e+00
2.000000e+00,1.380000e+02,0.0,1.000000e+00,0.000000e+00,0.000000e+00
4.000000e+00,1.380000e+02,0.0,1.000000e+00,0.000000e+00,0.000000e+00
6.000000e+00,1.380000e+02,0.0,1.000000e+00,0.000000e+00,0.000000e+00
8.000000e+00,1.380000e+02,0.0,1.000000e+00,0.000000e+00,0.000000e+00
1.000000e+01,1.380000e+02,0.0,1.000000e+00,0.000000e+00,0.000000e+00
1.200000e+01,1.380000e+02,0.0,1.000000e+00,0.000000e+00,0.000000e+00
1.400000e+01,1.380000e+02,0.0,1.000000e+00,0.000000e+00,0.000000e+00
1.600000e+01,1.380000e+02,0.0,1.000000e+00,0.000000e+00,0.000000e+00
1.800000e+01,1.380000e+02,0.0,1.000000e+00,0.000000e+00,0.000000e+00
2.000000e+01,1.380000e+02,0.0,1.000000e+00,0.000000e+00,0.000000e+00
2.200000e+01,1.380000e+02,0.0,1.000000e+00,0.000000e+00,0.000000e+00
2.400000e+01,1.380000e+02,0.0,1.000000e+00,0.000000e+00,0.000000e+00
2.600000e+01,1.380000e+02,0.0,1.000000e+00,0.000000e+00,0.000000e+00
2.800000e+01,1.380000e+02,0.0,1.000000e+00,0.000000e+00,0.000000e+00
3.000000e+01,1.380000e+02,0.0,1.000000e+00,0.000000e+00,0.000000e+00
3.200000e+01,1.380000e+02,0.0,1.000000e+00,0.000000e+00,0.000000e+00
3.400000e+01,1.380000e+02,0.0,1.000000e+00,-4.255459e-37,0.000000e+00
3.600000e+01,1.380000e+02,0.0,1.000000e+00,-3.875494e-15,3.107416e-16
3.800000e+01,1.380000e+02,0.0,1.000000e+00,-3.530742e-12,3.383753e-13
4.000000e+01,1.380000e+02,0.0,1.000000e+00,-2.974692e-09,3.013961e-10
4.200000e+01,1.380000e+02,0.0,1.000001e+00,-2.061529e-06,2.593368e-07
4.400000e+01,1.380000e+02,0.0,1.000788e+00,-2.589637e-03,2.307962e-04
4.600000e+01,1.380000e+02,0.0,1.261769e+00,-1.615364e+00,6.079270e-01
4.800000e+01,1.380000e+02,0.0,3.122813e+00,-1.537686e+01,9.683366e+00
5.000000e+01,1.380000e+02,0.0,3.672359e+00,-2.005051e+01,1.454757e+01
5.200000e+01,1.380000e+02,0.0,3.645737e+00,-1.981796e+01,1.540512e+01
5.400000e+01,1.380000e+02,0.0,3.584489e+00,-1.938120e+01,1.571238e+01
5.600000e+01,1.380000e+02,0.0,3.495404e+00,-1.923801e+01,1.586468e+01
5.800000e+01,1.380000e+02,0.0,3.324744e+00,-1.881241e+01,1.584803e+01
6.000000e+01,1.380000e+02,0.0,3.285929e+00,-1.816149e+01,1.635144e+01
6.200000e+01,1.380000e+02,0.0,3.373626e+00,-1.751126e+01,1.751126e+01
6.400000e+01,1.380000e+02,0.0,3.574934e+00,-1.711644e+01,1.901595e+01
6.600000e+01,1.380000e+02,0.0,3.782646e+00,-1.686660e+01,2.021307e+01
6.800000e+01,1.380000e+02,0.0,4.158164e+00,-1.647362e+01,2.102352e+01
7.000000e+01,1.380000e+02,0.0,4.541530e+00,-1.600116e+01,2.173492e+01
7.200000e+01,1.380000e+02,0.0,4.929802e+00,-1.527717e+01,2.221831e+01
7.400000e+01,1.380000e+02,0.0,5.326952e+00,-1.449699e+01,2.245209e+01
7.600000e+01,1.380000e+02,0.0,5.715702e+00,-1.357640e+01,2.241288e+01
7.800000e+01,1.380000e+02,0.0,6.095503e+00,-1.258043e+01,2.206156e+01
8.000000e+01,1.380000e+02,0.0,6.460239e+00,-1.153356e+01,2.146945e+01
8.200000e+01,1.380000e+02,0.0,6.760798e+00,-1.013422e+01,2.058702e+01
8.400000e+01,1.380000e+02,0.0,7.010447e+00,-8.564563e+00,1.976746e+01
8.600000e+01,1.380000e+02,0.0,7.215611e+00,-6.975561e+00,1.886278e+01
8.800000e+01,1.380000e+02,0.0,7.394637e+00,-5.469041e+00,1.813652e+01
9.000000e+01,1.380000e+02,0.0,7.581030e+00,-4.171509e+00,1.742648e+01
9.200000e+01,1.380000e+02,0.0,7.797231e+00,-2.883238e+00,1.669004e+01
9.400000e+01,1.380000e+02,0.0,8.000874e+00,-1.473978e+00,1.600347e+01
9.600000e+01,1.380000e+02,0.0,8.133339e+00,-3.860381e-01,1.566411e+01
9.800000e+01,1.380000e+02,0.0,8.129077e+00,-1.483909e-01,1.563108e+01
1.000000e+02,1.380000e+02,0.0,8.121852e+00,-1.929628e-15,1.554778e+01
1.020000e+02,1.380000e+02,0.0,8.129077e+00,1.483909e-01,1.563108e+01
1.040000e+02,1.380000e+02,0.0,8.133339e+00,3.860381e-01,1.566411e+01
1.060000e+02,1.380000e+02,0.0,8.000874e+00,1.473978e+00,1.600347e+01
1.080000e+02,1.380000e+02,0.0,7.797231e+00,2.883238e+00,1.669004e+01
1.100000e+02,1.380000e+02,0.0,7.581030e+00,4.171509e+00,1.742648e+01
1.120000e+02,1.380000e+02,0.0,7.394637e+00,5.469041e+00,1.813652e+01
1.140000e+02,1.380000e+02,0.0,7.215611e+00,6.975561e+00,1.886278e+01
1.160000e+02,1.380000e+02,0.0,7.010447e+00,8.564563e+00,1.976746e+01
1.180000e+02,1.380000e+02,0.0,6.760798e+00,1.013422e+01,2.058702e+01
1.200000e+02,1.380000e+02,0.0,6.460239e+00,1.153356e+01,2.146945e+01
1.220000e+02,1.380000e+02,0.0,6.095503e+00,1.258043e+01,2.206156e+01
1.240000e+02,1.380000e+02,0.0,5.715702e+00,1.357640e+01,2.241288e+01
1.260000e+02,1.380000e+02,0.0,5.326952e+00,1.449699e+01,2.245209e+01
1.280000e+02,1.380000e+02,0.0,4.929802e+00,1.527717e+01,2.221831e+01
1.300000e+02,1.380000e+02,0.0,4.541530e+00,1.600116e+01,2.173492e+01
1.320000e+02,1.380000e+02,0.0,4.158164e+00,1.647362e+01,2.102352e+01
1.340000e+02,1.380000e+02,0.0,3.782646e+00,1.686660e+01,2.021307e+01
1.360000e+02,1.380000e+02,0.0,3.574934e+00,1.711644e+01,1.901595e+01
1.380000e+02,1.380000e+02,0.0,3.373626e+00,1.751126e+01,1.751126e+01
1.400000e+02,1.380000e+02,0.0,3.285929e+00,1.816149e+01,1.635144e+01
1.420000e+02,1.380000e+02,0.0,3.324744e+00,1.881241e+01,1.584803e+01
1.440000e+02,1.380000e+02,0.0,3.495404e+00,1.923801e+01,1.586468e+01
1.460000e+02,1.380000e+02,0.0,3.584489e+00,1.938120e+01,1.571238e+01
1.480000e+02,1.380000e+02,0.0,3.645737e+00,1.981796e+01,1.540512e+01
1.500000e+02,1.380000e+02,0.0,3.672359e+00,2.005051e+01,1.454757e+01
1.520000e+02,1.380000e+02,0.0,3.122813e+00,1.537686e+01,9.683366e+00
1.540000e+02,1.380000e+02,0.0,1.261769e+00,1.615364e+00,6.079270e-01
1.560000e+02,1.380000e+02,0.0,1.000788e+00,2.589637e-03,2.307962e-04
1.580000e+02,1.380000e+02,0.0,1.000001e+00,2.061529e-06,2.593368e-07
1.600000e+02,1.380000e+02,0.0,1.000000e+00,2.974692e-09,3.013961e-10
1.620000e+02,1.380000e+02,0.0,1.000000e+00,3.530742e-12,3.383753e-13
1.640000e+02,1.380000e+02,0.0,1.000000e+00,3.875494e-15,3.107416e-16
1.660000e+02,1.380000e+02,0.0,1.000000e+00,4.255459e-37,0.000000e+00
1.680000e+02,1.380000e+02,0.0,1.000000e+00,0.000000e+00,0.000000e+00
1.700000e+02,1.380000e+02,0.0,1.000000e+00,0.000000e+00,0.000000e+00
1.720000e+02,1.380000e+02,0.0,1.000000e+00,0.000000e+00,0.000000e+00
1.740000e+02,1.380000e+02,0.0,1.000000e+00,0.000000e+00,0.000000e+00
1.760000e+02,1.380000e+02,0.0,1.000000e+00,0.000000e+00,0.000000e+00
1.780000e+02,1.380000e+02,0.0,1.000000e+00,0.000000e+00,0.000000e+00
1.800000e+02,1.380000e+02,0.0,1.000000e+00,0.000000e+00,0.000000e+00
1.820000e+02,1.380000e+02,0.0,1.000000e+00,0.000000e+00,0.000000e+00
1.840000e+02,1.380000e+02,0.0,1.000000e+00,0.000000e+00,0.000000e+00
1.860000e+02,1.380000e+02,0.0,1.000000e+00,0.000000e+00,0.000000e+00
1.880000e+02,1.380000e+02,0.0,1.000000e+00,0.000000e+00,0.000000e+00
1.900000e+02,1.380000e+02,0.0,1.000000e+00,0.000000e+00,0.000000e+00
1.920000e+02,1.380000e+02,0.0,1.000000e+00,0.000000e+00,0.000000e+00
1.940000e+02,1.380000e+02,0.0,1.000000e+00,0.000000e+00,0.000000e+00
1.960000e+02,1.380000e+02,0.0,1.000000e+00,0.000000e+00,0.000000e+00
1.980000e+02,1.380000e+02,0.0,1.000000e+00,0.000000e+00,0.000000e+00
2.000000e+02,1.380000e+02,0.0,1.000000e+00,0.000000e+00,0.000000e+00
0.000000e+00,1.400000e+02,0.0,1.000000e+00,0.000000e+00,0.000000e+00
2.000000e+00,1.400000e+02,0.0,1.000000e+00,0.000000e+00,0.000000e+00
4.000000e+00,1.400000e+02,0.0,1.000000e+00,0.000000e+00,0.000000e+00
6.000000e+00,1.400000e+02,0.0,1.000000e+00,0.000000e+00,0.000000e+00
8.000000e+00,1.400000e+02,0.0,1.000000e+00,0.000000e+00,0.000000e+00
1.000000e+01,1.400000e+02,0.0,1.000000e+00,0.000000e+00,0.000000e+00
1.200000e+01,1.400000e+02,0.0,1.000000e+00,0.000000e+00,0.000000e+00
1.400000e+01,1.400000e+02,0.0,1.000000e+00,0.000000e+00,0.000000e+00
1.600000e+01,1.400000e+02,0.0,1.000000e+00,0.000000e+00,0.000000e+00
1.800000e+01,1.400000e+02,0.0,1.000000e+00,0.000000e+00,0.000000e+00
2.000000e+01,1.400000e+02,0.0,1.000000e+00,0.000000e+00,0.000000e+00
2.200000e+01,1.400000e+02,0.0,1.000000e+00,0.000000e+00,0.000000e+00
2.400000e+01,1.400000e+02,0.0,1.000000e+00,0.000000e+00,0.000000e+00
2.600000e+01,1.400000e+02,0.0,1.000000e+00,0.000000e+00,0.000000e+00
2.800000e+01,1.400000e+02,0.0,1.000000e+00,0.000000e+00,0.000000e+00
3.000000e+01,1.400000e+02,0.0,1.000000e+00,0.000000e+00,0.000000e+00
3.200000e+01,1.400000e+02,0.0,1.000000e+00,0.000000e+00,0.000000e+00
3.400000e+01,1.400000e+02,0.0,1.000000e+00,0.000000e+00,0.000000e+00
3.600000e+01,1.400000e+02,0.0,1.000000e+00,-4.905562e-17,0.000000e+00
3.800000e+01,1.400000e+02,0.0,1.000000e+00,-2.931996e-14,2.861687e-15
4.000000e+01,1.400000e+02,0.0,1.000000e+00,-2.478311e-11,2.644490e-12
4.200000e+01,1.400000e+02,0.0,1.000000e+00,-2.222008e-08,2.235157e-09
4.400000e+01,1.400000e+02,0.0,1.000007e+00,-2.182928e-05,1.690190e-06
4.600000e+01,1.400000e+02,0.0,1.004927e+00,-1.891624e-02,3.321195e-03
4.800000e+01,1.400000e+02,0.0,1.712938e+00,-4.667092e+00,2.323710e+00
5.000000e+01,1.400000e+02,0.0,3.469997e+00,-1.816233e+01,1.257212e+01
5.200000e+01,1.400000e+02,0.0,3.654045e+00,-1.964202e+01,1.553330e+01
5.400000e+01,1.400000e+02,0.0,3.573696e+00,-1.895335e+01,1.618529e+01
5.600000e+01,1.400000e+02,0.0,3.447691e+00,-1.815423e+01,1.624472e+01
5.800000e+01,1.400000e+02,0.0,3.280729e+00,-1.765113e+01,1.627367e+01
6.000000e+01,1.400000e+02,0.0,3.236230e+00,-1.697955e+01,1.697955e+01
6.200000e+01,1.400000e+02,0.0,3.285929e+00,-1.635144e+01,1.816149e+01
6.400000e+01,1.400000e+02,0.0,3.398020e+00,-1.601186e+01,1.943066e+01
6.600000e+01,1.400000e+02,0.0,3.540870e+00,-1.574367e+01,2.042153e+01
6.800000e+01,1.400000e+02,0.0,3.716996e+00,-1.546536e+01,2.132152e+01
7.000000e+01,1.400000e+02,0.0,4.044143e+00,-1.539079e+01,2.204835e+01
7.200000e+01,1.400000e+02,0.0,4.418506e+00,-1.501811e+01,2.277276e+01
7.400000e+01,1.400000e+02,0.0,4.802691e+00,-1.449808e+01,2.335833e+01
7.600000e+01,1.400000e+02,0.0,5.183591e+00,-1.387215e+01,2.367848e+01
7.800000e+01,1.400000e+02,0.0,5.548034e+00,-1.310059e+01,2.366909e+01
8.000000e+01,1.400000e+02,0.0,5.851111e+00,-1.189968e+01,2.337366e+01
8.200000e+01,1.400000e+02,0.0,6.106731e+00,-1.051002e+01,2.292628e+01
8.400000e+01,1.400000e+02,0.0,6.309901e+00,-8.948220e+00,2.245420e+01
8.600000e+01,1.400000e+02,0.0,6.483064e+00,-7.391577e+00,2.186296e+01
8.800000e+01,1.400000e+02,0.0,6.660185e+00,-6.066605e+00,2.146921e+01
9.000000e+01,1.400000e+02,0.0,6.846851e+00,-4.941701e+00,2.105240e+01
9.200000e+01,1.400000e+02,0.0,7.040776e+00,-3.651358e+00,2.063013e+01
9.400000e+01,1.400000e+02,0.0,7.225795e+00,-2.196882e+00,2.027361e+01
9.600000e+01,1.400000e+02,0.0,7.392151e+00,-7.052099e-01,2.002868e+01
9.800000e+01,1.400000e+02,0.0,7.431442e+00,-1.170537e-01,2.004209e+01
1.000000e+02,1.400000e+02,0.0,7.435830e+00,-1.578325e-15,1.988734e+01
1.020000e+02,1.400000e+02,0.0,7.431442e+00,1.170537e-01,2.004209e+01
1.040000e+02,1.400000e+02,0.0,7.392151e+00,7.052099e-01,2.002868e+01
1.060000e+02,1.400000e+02,0.0,7.225795e+00,2.196882e+00,2.027361e+01
1.080000e+02,1.400000e+02,0.0,7.040776e+00,3.651358e+00,2.063013e+01
1.100000e+02,1.400000e+02,0.0,6.846851e+00,4.941701e+00,2.105240e+01
1.120000e+02,1.400000e+02,0.0,6.660185e+00,6.066605e+00,2.146921e+01
1.140000e+02,1.400000e+02,0.0,6.483064e+00,7.391577e+00,2.186296e+01
1.160000e+02,1.400000e+02,0.0,6.309901e+00,8.948220e+00,2.245420e+01
1.180000e+02,1.400000e+02,0.0,6.106731e+00,1.051002e+01,2.292628e+01
1.200000e+02,1.400000e+02,0.0,5.851111e+00,1.189968e+01,2.337366e+01
1.220000e+02,1.400000e+02,0.0,5.548034e+00,1.310059e+01,2.366909e+01
1.240000e+02,1.400000e+02,0.0,5.183591e+00,1.387215e+01,2.367848e+01
1.260000e+02,1.400000e+02,0.0,4.802691e+00,1.449808e+01,2.335833e+01
1.280000e+02,1.400000e+02,0.0,4.418506e+00,1.501811e+01,2.277276e+01
1.300000e+02,1.400000e+02,0.0,4.044143e+00,1.539079e+01,2.204835e+01
1.320000e+02,1.400000e+02,0.0,3.716996e+00,1.546536e+01,2.132152e+01
1.340000e+02,1.400000e+02,0.0,3.540870e+00,1.574367e+01,2.042153e+01
1.360000e+02,1.400000e+02,0.0,3.398020e+00,1.601186e+01,1.943066e+01
1.380000e+02,1.400000e+02,0.0,3.285929e+00,1.635144e+01,1.816149e+01
1.400000e+02,1.400000e+02,0.0,3.236230e+00,1.697955e+01,1.697955e+01
1.420000e+02,1.400000e+02,0.0,3.280729e+00,1.765113e+01,1.627367e+01
1.440000e+02,1.400000e+02,0.0,3.447691e+00,1.815423e+01,1.624472e+01
1.460000e+02,1.400000e+02,0.0,3.573696e+00,1.895335e+01,1.618529e+01
1.480000e+02,1.400000e+02,0.0,3.654045e+00,1.964202e+01,1.553330e+01
1.500000e+02,1.400000e+02,0.0,3.469997e+00,1.816233e+01,1.257212e+01
1.520000e+02,1.400000e+02,0.0,1.712938e+00,4.667092e+00,2.323710e+00
1.540000e+02,1.400000e+02,0.0,1.004927e+00,1.891624e-02,3.321195e-03
1.560000e+02,1.400000e+02,0.0,1.000007e+00,2.182928e-05,1.690190e-06
1.580000e+02,1.400000e+02,0.0,1.000000e+00,2.222008e-08,2.235157e-09
1.600000e+02,1.400000e+02,0.0,1.000000e+00,2.478311e-11,2.644490e-12
1.620000e+02,1.400000e+02,0.0,1.000000e+00,2.931996e-14,2.861687e-15
1.640000e+02,1.400000e+02,0.0,1.000000e+00,4.905562e-17,0.000000e+00
1.660000e+02,1.400000e+02,0.0,1.000000e+00,0.000000e+00,0.000000e+00
1.680000e+02,1.400000e+02,0.0,1.000000e+00,0.000000e+00,0.000000e+00
1.700000e+02,1.400000e+02,0.0,1.000000e+00,0.000000e+00,0.000000e+00
1.720000e+02,1.400000e+02,0.0,1.000000e+00,0.000000e+00,0.000000e+00
1.740000e+02,1.400000e+02,0.0,1.000000e+00,0.000000e+00,0.000000e+00
1.760000e+02,1.400000e+02,0.0,1.000000e+00,0.000000e+00,0.000000e+00
1.780000e+02,1.400000e+02,0.0,1.000000e+00,0.000000e+00,0.000000e+00
1.800000e+02,1.400000e+02,0.0,1.000000e+00,0.000000e+00,0.000000e+00
1.820000e+02,1.400000e+02,0.0,1.000000e+00,0.000000e+00,0.000000e+00
1.840000e+02,1.400000e+02,0.0,1.000000e+00,0.000000e+00,0.000000e+00
1.860000e+02,1.400000e+02,0.0,1.000000e+00,0.000000e+00,0.000000e+00
1.880000e+02,1.400000e+02,0.0,1.000000e+00,0.000000e+00,0.000000e+00
1.900000e+02,1.400000e+02,0.0,1.000000e+00,0.000000e+00,0.000000e+00
1.920000e+02,1.400000e+02,0.0,1.000000e+00,0.000000e+00,0.000000e+00
1.940000e+02,1.400000e+02,0.0,1.000000e+00,0.000000e+00,0.000000e+00
1.960000e+02,1.400000e+02,0.0,1.000000e+00,0.000000e+00,0.000000e+00
1.980000e+02,1.400000e+02,0.0,1.000000e+00,0.000000e+00,0.000000e+00
2.000000e+02,1.400000e+02,0.0,1.000000e+00,0.000000e+00,0.000000e+00
0.000000e+00,1.420000e+02,0.0,1.000000e+00,0.000000e+00,0.000000e+00
2.000000e+00,1.420000e+02,0.0,1.000000e+00,0.000000e+00,0.000000e+00
4.000000e+00,1.420000e+02,0.0,1.000000e+00,0.000000e+00,0.000000e+00
6.000000e+00,1.420000e+02,0.0,1.000000e+00,0.000000e+00,0.000000e+00
8.000000e+00,1.420000e+02,0.0,1.000000e+00,0.000000e+00,0.000000e+00
1.000000e+01,1.420000e+02,0.0,1.000000e+00,0.000000e+00,0.000000e+00
1.200000e+01,1.420000e+02,0.0,1.000000e+00,0.000000e+00,0.000000e+00
1.400000e+01,1.420000e+02,0.0,1.000000e+00,0.000000e+00,0.000000e+00
1.600000e+01,1.420000e+02,0.0,1.000000e+00,0.000000e+00,0.000000e+00
1.800000e+01,1.420000e+02,0.0,1.000000e+00,0.000000e+00,0.000000e+00
2.000000e+01,1.420000e+02,0.0,1.000000e+00,0.000000e+00,0.000000e+00
2.200000e+01,1.420000e+02,0.0,1.000000e+00,0.000000e+00,0.000000e+00
2.400000e+01,1.420000e+02,0.0,1.000000e+00,0.000000e+00,0.000000e+00
2.600000e+01,1.420000e+02,0.0,1.000000e+00,0.000000e+00,0.000000e+00
2.800000e+01,1.420000e+02,0.0,1.000000e+00,0.000000e+00,0.000000e+00
3.000000e+01,1.420000e+02,0.0,1.000000e+00,0.000000e+00,0.000000e+00
3.200000e+01,1.420000e+02,0.0,1.000000e+00,0.000000e+00,0.000000e+00
3.400000e+01,1.420000e+02,0.0,1.000000e+00,0.000000e+00,0.000000e+00
3.600000e+01,1.420000e+02,0.0,1.000000e+00,0.000000e+00,0.000000e+00
3.800000e+01,1.420000e+02,0.0,1.000000e+00,-1.798700e-16,1.635539e-17
4.000000e+01,1.420000e+02,0.0,1.000000e+00,-1.478747e-13,2.008091e-14
4.200000e+01,1.420000e+02,0.0,1.000000e+00,-1.442942e-10,1.736042e-11
4.400000e+01,1.420000e+02,0.0,1.000000e+00,-1.442538e-07,1.576592e-08
4.600000e+01,1.420000e+02,0.0,1.000041e+00,-1.189740e-04,1.496146e-05
4.800000e+01,1.420000e+02,0.0,1.019049e+00,-8.544390e-02,2.620636e-02
5.000000e+01,1.420000e+02,0.0,2.317808e+00,-8.868252e+00,5.347821e+00
5.200000e+01,1.420000e+02,0.0,3.574210e+00,-1.876396e+01,1.489296e+01
5.400000e+01,1.420000e+02,0.0,3.602257e+00,-1.896920e+01,1.685041e+01
5.600000e+01,1.420000e+02,0.0,3.463287e+00,-1.776501e+01,1.694908e+01
5.800000e+01,1.420000e+02,0.0,3.300794e+00,-1.678008e+01,1.678008e+01
6.000000e+01,1.420000e+02,0.0,3.280729e+00,-1.627367e+01,1.765113e+01
6.200000e+01,1.420000e+02,0.0,3.324744e+00,-1.584803e+01,1.881241e+01
6.400000e+01,1.420000e+02,0.0,3.351813e+00,-1.545549e+01,1.974409e+01
6.600000e+01,1.420000e+02,0.0,3.409845e+00,-1.511858e+01,2.064163e+01
6.800000e+01,1.420000e+02,0.0,3.490195e+00,-1.499242e+01,2.129365e+01
7.000000e+01,1.420000e+02,0.0,3.659506e+00,-1.471688e+01,2.198151e+01
7.200000e+01,1.420000e+02,0.0,3.977566e+00,-1.453154e+01,2.295195e+01
7.400000e+01,1.420000e+02,0.0,4.320516e+00,-1.422633e+01,2.382132e+01
7.600000e+01,1.420000e+02,0.0,4.679376e+00,-1.383773e+01,2.447462e+01
7.800000e+01,1.420000e+02,0.0,4.981275e+00,-1.298887e+01,2.473513e+01
8.000000e+01,1.420000e+02,0.0,5.239289e+00,-1.186307e+01,2.474763e+01
8.200000e+01,1.420000e+02,0.0,5.446935e+00,-1.047453e+01,2.450767e+01
8.400000e+01,1.420000e+02,0.0,5.614060e+00,-8.959231e+00,2.427182e+01
8.600000e+01,1.420000e+02,0.0,5.779454e+00,-7.584288e+00,2.392707e+01
8.800000e+01,1.420000e+02,0.0,5.955826e+00,-6.420328e+00,2.382233e+01
9.000000e+01,1.420000e+02,0.0,6.133499e+00,-5.339521e+00,2.369778e+01
9.200000e+01,1.420000e+02,0.0,6.310628e+00,-4.105281e+00,2.358566e+01
9.400000e+01,1.420000e+02,0.0,6.480024e+00,-2.668631e+00,2.348017e+01
9.600000e+01,1.420000e+02,0.0,6.642723e+00,-1.113506e+00,2.347356e+01
9.800000e+01,1.420000e+02,0.0,6.730220e+00,-1.968936e-01,2.359808e+01
1.000000e+02,1.420000e+02,0.0,6.746340e+00,-1.022078e-14,2.338942e+01
1.020000e+02,1.420000e+02,0.0,6.730220e+00,1.968936e-01,2.359808e+01
1.040000e+02,1.420000e+02,0.0,6.642723e+00,1.113506e+00,2.347356e+01
1.060000e+02,1.420000e+02,0.0,6.480024e+00,2.668631e+00,2.348017e+01
1.080000e+02,1.420000e+02,0.0,6.310628e+00,4.105281e+00,2.358566e+01
1.100000e+02,1.420000e+02,0.0,6.133499e+00,5.339521e+00,2.369778e+01
1.120000e+02,1.420000e+02,0.0,5.955826e+00,6.420328e+00,2.382233e+01
1.140000e+02,1.420000e+02,0.0,5.779454e+00,7.584288e+00,2.392707e+01
1.160000e+02,1.420000e+02,0.0,5.614060e+00,8.959231e+00,2.427182e+01
1.180000e+02,1.420000e+02,0.0,5.446935e+00,1.047453e+01,2.450767e+01
1.200000e+02,1.420000e+02,0.0,5.239289e+00,1.186307e+01,2.474763e+01
1.220000e+02,1.420000e+02,0.0,4.981275e+00,1.298887e+01,2.473513e+01
1.240000e+02,1.420000e+02,0.0,4.679376e+00,1.383773e+01,2.447462e+01
1.260000e+02,1.420000e+02,0.0,4.320516e+00,1.422633e+01,2.382132e+01
1.280000e+02,1.420000e+02,0.0,3.977566e+00,1.453154e+01,2.295195e+01
1.300000e+02,1.420000e+02,0.0,3.659506e+00,1.471688e+01,2.198151e+01
1.320000e+02,1.420000e+02,0.0,3.490195e+00,1.499242e+01,2.129365e+01
1.340000e+02,1.420000e+02,0.0,3.409845e+00,1.511858e+01,2.064163e+01
1.360000e+02,1.420000e+02,0.0,3.351813e+00,1.545549e+01,1.974409e+01
1.380000e+02,1.420000e+02,0.0,3.324744e+00,1.584803e+01,1.881241e+01
1.400000e+02,1.420000e+02,0.0,3.280729e+00,1.627367e+01,1.765113e+01
1.420000e+02,1.420000e+02,0.0,3.300794e+00,1.678008e+01,1.678008e+01
1.440000e+02,1.420000e+02,0.0,3.463287e+00,1.776501e+01,1.694908e+01
1.460000e+02,1.420000e+02,0.0,3.602257e+00,1.896920e+01,1.685041e+01
1.480000e+02,1.420000e+02,0.0,3.574210e+00,1.876396e+01,1.489296e+01
1.500000e+02,1.420000e+02,0.0,2.317808e+00,8.868252e+00,5.347821e+00
1.520000e+02,1.420000e+02,0.0,1.019049e+00,8.544390e-02,2.620636e-02
1.540000e+02,1.420000e+02,0.0,1.000041e+00,1.189740e-04,1.496146e-05
1.560000e+02,1.420000e+02,0.0,1.000000e+00,1.442538e-07,1.576592e-08
1.580000e+02,1.420000e+02,0.0,1.000000e+00,1.442942e-10,1.736042e-11
1.600000e+02,1.420000e+02,0.0,1.000000e+00,1.478747e-13,2.008091e-14
1.620000e+02,1.420000e+02,0.0,1.000000e+00,1.798700e-16,1.635539e-17
1.640000e+02,1.420000e+02,0.0,1.000000e+00,0.000000e+00,0.000000e+00
1.660000e+02,1.420000e+02,0.0,1.000000e+00,0.000000e+00,0.000000e+00
1.680000e+02,1.420000e+02,0.0,1.000000e+00,0.000000e+00,0.000000e+00
1.700000e+02,1.420000e+02,0.0,1.000000e+00,0.000000e+00,0.000000e+00
1.720000e+02,1.420000e+02,0.0,1.000000e+00,0.000000e+00,0.000000e+00
1.740000e+02,1.420000e+02,0.0,1.000000e+00,0.000000e+00,0.000000e+00
1.760000e+02,1.420000e+02,0.0,1.000000e+00,0.000000e+00,0.000000e+00
1.780000e+02,1.420000e+02,0.0,1.000000e+00,0.000000e+00,0.000000e+00
1.800000e+02,1.420000e+02,0.0,1.000000e+00,0.000000e+00,0.000000e+00
1.820000e+02,1.420000e+02,0.0,1.000000e+00,0.000000e+00,0.000000e+00
1.840000e+02,1.420000e+02,0.0,1.000000e+00,0.000000e+00,0.000000e+00
1.860000e+02,1.420000e+02,0.0,1.000000e+00,0.000000e+00,0.000000e+00
1.880000e+02,1.420000e+02,0.0,1.000000e+00,0.000000e+00,0.000000e+00
1.900000e+02,1.420000e+02,0.0,1.000000e+00,0.000000e+00,0.000000e+00
1.920000e+02,1.420000e+02,0.0,1.000000e+00,0.000000e+00,0.000000e+00
1.940000e+02,1.420000e+02,0.0,1.000000e+00,0.000000e+00,0.000000e+00
1.960000e+02,1.420000e+02,0.0,1.000000e+00,0.000000e+00,0.000000e+00
1.980000e+02,1.420000e+02,0.0,1.000000e+00,0.000000e+00,0.000000e+00
2.000000e+02,1.420000e+02,0.0,1.000000e+00,0.000000e+00,0.000000e+00
0.000000e+00,1.440000e+02,0.0,1.000000e+00,0.000000e+00,0.000000e+00
2.000000e+00,1.440000e+02,0.0,1.000000e+00,0.000000e+00,0.000000e+00
4.000000e+00,1.440000e+02,0.0,1.000000e+00,0.000000e+00,0.000000e+00
6.000000e+00,1.440000e+02,0.0,1.000000e+00,0.000000e+00,0.000000e+00
8.000000e+00,1.440000e+02,0.0,1.000000e+00,0.000000e+00,0.000000e+00
1.000000e+01,1.440000e+02,0.0,1.000000e+00,0.000000e+00,0.000000e+00
1.200000e+01,1.440000e+02,0.0,1.000000e+00,0.000000e+00,0.000000e+00
1.400000e+01,1.440000e+02,0.0,1.000000e+00,0.000000e+00,0.000000e+00
1.600000e+01,1.440000e+02,0.0,1.000000e+00,0.000000e+00,0.000000e+00
1.800000e+01,1.440000e+02,0.0,1.000000e+00,0.000000e+00,0.000000e+00
2.000000e+01,1.440000e+02,0.0,1.000000e+00,0.000000e+00,0.000000e+00
2.200000e+01,1.440000e+02,0.0,1.000000e+00,0.000000e+00,0.000000e+00
2.400000e+01,1.440000e+02,0.0,1.000000e+00,0.000000e+00,0.000000e+00
2.600000e+01,1.440000e+02,0.0,1.000000e+00,0.000000e+00,0.000000e+00
2.800000e+01,1.440000e+02,0.0,1.000000e+00,0.000000e+00,0.000000e+00
3.000000e+01,1.440000e+02,0.0,1.000000e+00,0.000000e+00,0.000000e+00
3.200000e+01,1.440000e+02,0.0,1.000000e+00,0.000000e+00,0.000000e+00
3.400000e+01,1.440000e+02,0.0,1.000000e+00,0.000000e+00,0.000000e+00
3.600000e+01,1.440000e+02,0.0,1.000000e+00,0.000000e+00,0.000000e+00
3.800000e+01,1.440000e+02,0.0,1.000000e+00,0.000000e+00,0.000000e+00
4.000000e+01,1.440000e+02,0.0,1.000000e+00,-4.415246e-16,9.812179e-17
4.200000e+01,1.440000e+02,0.0,1.000000e+00,-4.317753e-13,9.675744e-14
4.400000e+01,1.440000e+02,0.0,1.000000e+00,-4.504811e-10,9.254008e-11
4.600000e+01,1.440000e+02,0.0,1.000000e+00,-4.255149e-07,9.188232e-08
4.800000e+01,1.440000e+02,0.0,1.000116e+00,-3.032695e-04,7.695211e-05
5.000000e+01,1.440000e+02,0.0,1.095302e+00,-5.233589e-01,1.796583e-01
5.200000e+01,1.440000e+02,0.0,2.712401e+00,-1.130366e+01,8.810617e+00
5.400000e+01,1.440000e+02,0.0,3.582163e+00,-1.812610e+01,1.680871e+01
5.600000e+01,1.440000e+02,0.0,3.572898e+00,-1.804629e+01,1.804629e+01
5.800000e+01,1.440000e+02,0.0,3.463287e+00,-1.694908e+01,1.776501e+01
6.000000e+01,1.440000e+02,0.0,3.447691e+00,-1.624472e+01,1.815423e+01
6.200000e+01,1.440000e+02,0.0,3.495404e+00,-1.586468e+01,1.923801e+01
6.400000e+01,1.440000e+02,0.0,3.456398e+00,-1.536376e+01,1.995213e+01
6.600000e+01,1.440000e+02,0.0,3.403852e+00,-1.486523e+01,2.070387e+01
6.800000e+01,1.440000e+02,0.0,3.404688e+00,-1.459616e+01,2.125908e+01
7.000000e+01,1.440000e+02,0.0,3.481207e+00,-1.443511e+01,2.187079e+01
7.200000e+01,1.440000e+02,0.0,3.723721e+00,-1.417579e+01,2.295236e+01
7.400000e+01,1.440000e+02,0.0,4.002242e+00,-1.397688e+01,2.401407e+01
7.600000e+01,1.440000e+02,0.0,4.248372e+00,-1.340526e+01,2.474853e+01
7.800000e+01,1.440000e+02,0.0,4.474294e+00,-1.257848e+01,2.530751e+01
8.000000e+01,1.440000e+02,0.0,4.653019e+00,-1.148727e+01,2.541754e+01
8.200000e+01,1.440000e+02,0.0,4.798171e+00,-1.011156e+01,2.529424e+01
8.400000e+01,1.440000e+02,0.0,4.939589e+00,-8.745473e+00,2.520780e+01
8.600000e+01,1.440000e+02,0.0,5.101317e+00,-7.564783e+00,2.509170e+01
8.800000e+01,1.440000e+02,0.0,5.273014e+00,-6.505942e+00,2.527085e+01
9.000000e+01,1.440000e+02,0.0,5.444888e+00,-5.454019e+00,2.541902e+01
9.200000e+01,1.440000e+02,0.0,5.605949e+00,-4.236919e+00,2.558650e+01
9.400000e+01,1.440000e+02,0.0,5.756943e+00,-2.869610e+00,2.577222e+01
9.600000e+01,1.440000e+02,0.0,5.909631e+00,-1.491038e+00,2.595351e+01
9.800000e+01,1.440000e+02,0.0,6.031502e+00,-4.151662e-01,2.616163e+01
1.000000e+02,1.440000e+02,0.0,6.075504e+00,-4.595453e-15,2.594813e+01
1.020000e+02,1.440000e+02,0.0,6.031502e+00,4.151662e-01,2.616163e+01
1.040000e+02,1.440000e+02,0.0,5.909631e+00,1.491038e+00,2.595351e+01
1.060000e+02,1.440000e+02,0.0,5.756943e+00,2.869610e+00,2.577222e+01
1.080000e+02,1.440000e+02,0.0,5.605949e+00,4.236919e+00,2.558650e+01
1.100000e+02,1.440000e+02,0.0,5.444888e+00,5.454019e+00,2.541902e+01
1.120000e+02,1.440000e+02,0.0,5.273014e+00,6.505942e+00,2.527085e+01
1.140000e+02,1.440000e+02,0.0,5.101317e+00,7.564783e+00,2.509170e+01
1.160000e+02,1.440000e+02,0.0,4.939589e+00,8.745473e+00,2.520780e+01
1.180000e+02,1.440000e+02,0.0,4.798171e+00,1.011156e+01,2.529424e+01
1.200000e+02,1.440000e+02,0.0,4.653019e+00,1.148727e+01,2.541754e+01
1.220000e+02,1.440000e+02,0.0,4.474294e+00,1.257848e+01,2.530751e+01
1.240000e+02,1.440000e+02,0.0,4.248372e+00,1.340526e+01,2.474853e+01
1.260000e+02,1.440000e+02,0.0,4.002242e+00,1.397688e+01,2.401407e+01
1.280000e+02,1.440000e+02,0.0,3.723721e+00,1.417579e+01,2.295236e+01
1.300000e+02,1.440000e+02,0.0,3.481207e+00,1.443511e+01,2.187079e+01
1.320000e+02,1.440000e+02,0.0,3.404688e+00,1.459616e+01,2.125908e+01
1.340000e+02,1.440000e+02,0.0,3.403852e+00,1.486523e+01,2.070387e+01
1.360000e+02,1.440000e+02,0.0,3.456398e+00,1.536376e+01,1.995213e+01
1.380000e+02,1.440000e+02,0.0,3.495404e+00,1.586468e+01,1.923801e+01
1.400000e+02,1.440000e+02,0.0,3.447691e+00,1.624472e+01,1.815423e+01
1.420000e+02,1.440000e+02,0.0,3.463287e+00,1.694908e+01,1.776501e+01
1.440000e+02,1.440000e+02,0.0,3.572898e+00,1.804629e+01,1.804629e+01
1.460000e+02,1.440000e+02,0.0,3.582163e+00,1.812610e+01,1.680871e+01
1.480000e+02,1.440000e+02,0.0,2.712401e+00,1.130366e+01,8.810617e+00
1.500000e+02,1.440000e+02,0.0,1.095302e+00,5.233589e-01,1.796583e-01
1.520000e+02,1.440000e+02,0.0,1.000116e+00,3.032695e-04,7.695211e-05
1.540000e+02,1.440000e+02,0.0,1.000000e+00,4.255149e-07,9.188232e-08
1.560000e+02,1.440000e+02,0.0,1.000000e+00,4.504811e-10,9.254008e-11
1.580000e+02,1.440000e+02,0.0,1.000000e+00,4.317753e-13,9.675744e-14
1.600000e+02,1.440000e+02,0.0,1.000000e+00,4.415246e-16,9.812179e-17
1.620000e+02,1.440000e+02,0.0,1.000000e+00,0.000000e+00,0.000000e+00
1.640000e+02,1.440000e+02,0.0,1.000000e+00,0.000000e+00,0.000000e+00
1.660000e+02,1.440000e+02,0.0,1.000000e+00,0.000000e+00,0.000000e+00
1.680000e+02,1.440000e+02,0.0,1.000000e+00,0.000000e+00,0.000000e+00
1.700000e+02,1.440000e+02,0.0,1.000000e+00,0.000000e+00,0.000000e+00
1.720000e+02,1.440000e+02,0.0,1.000000e+00,0.000000e+00,0.000000e+00
1.740000e+02,1.440000e+02,0.0,1.000000e+00,0.000000e+00,0.000000e+00
1.760000e+02,1.440000e+02,0.0,1.000000e+00,0.000000e+00,0.000000e+00
1.780000e+02,1.440000e+02,0.0,1.000000e+00,0.000000e+00,0.000000e+00
1.800000e+02,1.440000e+02,0.0,1.000000e+00,0.000000e+00,0.000000e+00
1.820000e+02,1.440000e+02,0.0,1.000000e+00,0.000000e+00,0.000000e+00
1.840000e+02,1.440000e+02,0.0,1.000000e+00,0.000000e+00,0.000000e+00
1.860000e+02,1.440000e+02,0.0,1.000000e+00,0.000000e+00,0.000000e+00
1.880000e+02,1.440000e+02,0.0,1.000000e+00,0.000000e+00,0.000000e+00
1.900000e+02,1.440000e+02,0.0,1.000000e+00,0.000000e+00,0.000000e+00
1.920000e+02,1.440000e+02,0.0,1.000000e+00,0.000000e+00,0.000000e+00
1.940000e+02,1.440000e+02,0.0,1.000000e+00,0.000000e+00,0.000000e+00
1.960000e+02,1.440000e+02,0.0,1.000000e+00,0.000000e+00,0.000000e+00
1.980000e+02,1.440000e+02,0.0,1.000000e+00,0.000000e+00,0.000000e+00
2.000000e+02,1.440000e+02,0.0,1.000000e+00,0.000000e+00,0.000000e+00
0.000000e+00,1.460000e+02,0.0,1.000000e+00,0.000000e+00,0.000000e+00
2.000000e+00,1.460000e+02,0.0,1.000000e+00,0.000000e+00,0.000000e+00
4.000000e+00,1.460000e+02,0.0,1.000000e+00,0.000000e+00,0.000000e+00
6.000000e+00,1.460000e+02,0.0,1.000000e+00,0.000000e+00,0.000000e+00
8.000000e+00,1.460000e+02,0.0,1.000000e+00,0.000000e+00,0.000000e+00
1.000000e+01,1.460000e+02,0.0,1.000000e+00,0.000000e+00,0.000000e+00
1.200000e+01,1.460000e+02,0.0,1.000000e+00,0.000000e+00,0.000000e+00
1.400000e+01,1.460000e+02,0.0,1.000000e+00,0.000000e+00,0.000000e+00
1.600000e+01,1.460000e+02,0.0,1.000000e+00,0.000000e+00,0.000000e+00
1.800000e+01,1.460000e+02,0.0,1.000000e+00,0.000000e+00,0.000000e+00
2.000000e+01,1.460000e+02,0.0,1.000000e+00,0.000000e+00,0.000000e+00
2.200000e+01,1.460000e+02,0.0,1.000000e+00,0.000000e+00,0.000000e+00
2.400000e+01,1.460000e+02,0.0,1.000000e+00,0.000000e+00,0.000000e+00
2.600000e+01,1.460000e+02,0.0,1.000000e+00,0.000000e+00,0.000000e+00
2.800000e+01,1.460000e+02,0.0,1.000000e+00,0.000000e+00,0.000000e+00
3.000000e+01,1.460000e+02,0.0,1.000000e+00,0.000000e+00,0.000000e+00
3.200000e+01,1.460000e+02,0.0,1.000000e+00,0.000000e+00,0.000000e+00
3.400000e+01,1.460000e+02,0.0,1.000000e+00,0.000000e+00,0.000000e+00
3.600000e+01,1.460000e+02,0.0,1.000000e+00,0.000000e+00,0.000000e+00
3.800000e+01,1.460000e+02,0.0,1.000000e+00,0.000000e+00,0.000000e+00
4.000000e+01,1.460000e+02,0.0,1.000000e+00,-4.255013e-37,0.000000e+00
4.200000e+01,1.460000e+02,0.0,1.000000e+00,-8.176487e-16,2.780126e-16
4.400000e+01,1.460000e+02,0.0,1.000000e+00,-7.540902e-13,2.961948e-13
4.600000e+01,1.460000e+02,0.0,1.000000e+00,-7.585669e-10,3.015791e-10
4.800000e+01,1.460000e+02,0.0,1.000000e+00,-6.574955e-07,2.874570e-07
5.000000e+01,1.460000e+02,0.0,1.000202e+00,-4.529362e-04,2.158283e-04
5.200000e+01,1.460000e+02,0.0,1.167130e+00,-8.000703e-01,6.166374e-01
5.400000e+01,1.460000e+02,0.0,2.863391e+00,-1.124018e+01,1.124018e+01
5.600000e+01,1.460000e+02,0.0,3.582163e+00,-1.680871e+01,1.812610e+01
5.800000e+01,1.460000e+02,0.0,3.602257e+00,-1.685041e+01,1.896920e+01
6.000000e+01,1.460000e+02,0.0,3.573696e+00,-1.618529e+01,1.895335e+01
6.200000e+01,1.460000e+02,0.0,3.584489e+00,-1.571238e+01,1.938120e+01
6.400000e+01,1.460000e+02,0.0,3.566278e+00,-1.539356e+01,2.002586e+01
6.600000e+01,1.460000e+02,0.0,3.509425e+00,-1.498572e+01,2.067640e+01
6.800000e+01,1.460000e+02,0.0,3.436340e+00,-1.456539e+01,2.113813e+01
7.000000e+01,1.460000e+02,0.0,3.460084e+00,-1.423896e+01,2.168670e+01
7.200000e+01,1.460000e+02,0.0,3.618737e+00,-1.376412e+01,2.290788e+01
7.400000e+01,1.460000e+02,0.0,3.830310e+00,-1.329363e+01,2.423894e+01
7.600000e+01,1.460000e+02,0.0,4.002243e+00,-1.266304e+01,2.517276e+01
7.800000e+01,1.460000e+02,0.0,4.095660e+00,-1.171573e+01,2.540027e+01
8.000000e+01,1.460000e+02,0.0,4.150915e+00,-1.064441e+01,2.547942e+01
8.200000e+01,1.460000e+02,0.0,4.201810e+00,-9.561231e+00,2.537142e+01
8.400000e+01,1.460000e+02,0.0,4.292503e+00,-8.452242e+00,2.533493e+01
8.600000e+01,1.460000e+02,0.0,4.441414e+00,-7.388785e+00,2.546686e+01
8.800000e+01,1.460000e+02,0.0,4.602110e+00,-6.442756e+00,2.594811e+01
9.000000e+01,1.460000e+02,0.0,4.763119e+00,-5.447597e+00,2.636259e+01
9.200000e+01,1.460000e+02,0.0,4.911247e+00,-4.335447e+00,2.671967e+01
9.400000e+01,1.460000e+02,0.0,5.062162e+00,-2.922760e+00,2.696448e+01
9.600000e+01,1.460000e+02,0.0,5.207477e+00,-1.492460e+00,2.730585e+01
9.800000e+01,1.460000e+02,0.0,5.332933e+00,-4.187952e-01,2.791434e+01
1.000000e+02,1.460000e+02,0.0,5.381130e+00,-1.994012e-15,2.773714e+01
1.020000e+02,1.460000e+02,0.0,5.332933e+00,4.187952e-01,2.791434e+01
1.040000e+02,1.460000e+02,0.0,5.207477e+00,1.492460e+00,2.730585e+01
1.060000e+02,1.460000e+02,0.0,5.062162e+00,2.922760e+00,2.696448e+01
1.080000e+02,1.460000e+02,0.0,4.911247e+00,4.335447e+00,2.671967e+01
1.100000e+02,1.460000e+02,0.0,4.763119e+00,5.447597e+00,2.636259e+01
1.120000e+02,1.460000e+02,0.0,4.602110e+00,6.442756e+00,2.594811e+01
1.140000e+02,1.460000e+02,0.0,4.441414e+00,7.388785e+00,2.546686e+01
1.160000e+02,1.460000e+02,0.0,4.292503e+00,8.452242e+00,2.533493e+01
1.180000e+02,1.460000e+02,0.0,4.201810e+00,9.561231e+00,2.537142e+01
1.200000e+02,1.460000e+02,0.0,4.150915e+00,1.064441e+01,2.547942e+01
1.220000e+02,1.460000e+02,0.0,4.095660e+00,1.171573e+01,2.540027e+01
1.240000e+02,1.460000e+02,0.0,4.002243e+00,1.266304e+01,2.517276e+01
1.260000e+02,1.460000e+02,0.0,3.830310e+00,1.329363e+01,2.423894e+01
1.280000e+02,1.460000e+02,0.0,3.618737e+00,1.376412e+01,2.290788e+01
1.300000e+02,1.460000e+02,0.0,3.460084e+00,1.423896e+01,2.168670e+01
1.320000e+02,1.460000e+02,0.0,3.436340e+00,1.456539e+01,2.113813e+01
1.340000e+02,1.460000e+02,0.0,3.509425e+00,1.498572e+01,2.067640e+01
1.360000e+02,1.460000e+02,0.0,3.566278e+00,1.539356e+01,2.002586e+01
1.380000e+02,1.460000e+02,0.0,3.584489e+00,1.571238e+01,1.938120e+01
1.400000e+02,1.460000e+02,0.0,3.573696e+00,1.618529e+01,1.895335e+01
1.420000e+02,1.460000e+02,0.0,3.602257e+00,1.685041e+01,1.896920e+01
1.440000e+02,1.460000e+02,0.0,3.582163e+00,1.680871e+01,1.812610e+01
1.460000e+02,1.460000e+02,0.0,2.863391e+00,1.124018e+01,1.124018e+01
1.480000e+02,1.460000e+02,0.0,1.167130e+00,8.000703e-01,6.166374e-01
1.500000e+02,1.460000e+02,0.0,1.000202e+00,4.529362e-04,2.158283e-04
1.520000e+02,1.460000e+02,0.0,1.000000e+00,6.574955e-07,2.874570e-07
1.540000e+02,1.460000e+02,0.0,1.000000e+00,7.585669e-10,3.015791e-10
1.560000e+02,1.460000e+02,0.0,1.000000e+00,7.540902e-13,2.961948e-13
1.580000e+02,1.460000e+02,0.0,1.000000e+00,8.176487e-16,2.780126e-16
1.600000e+02,1.460000e+02,0.0,1.000000e+00,4.255013e-37,0.000000e+00
1.620000e+02,1.460000e+02,0.0,1.000000e+00,0.000000e+00,0.000000e+00
1.640000e+02,1.460000e+02,0.0,1.000000e+00,0.000000e+00,0.000000e+00
1.660000e+02,1.460000e+02,0.0,1.000000e+00,0.000000e+00,0.000000e+00
1.680000e+02,1.460000e+02,0.0,1.000000e+00,0.000000e+00,0.000000e+00
1.700000e+02,1.460000e+02,0.0,1.000000e+00,0.000000e+00,0.000000e+00
1.720000e+02,1.460000e+02,0.0,1.000000e+00,0.000000e+00,0.000000e+00
1.740000e+02,1.460000e+02,0.0,1.000000e+00,0.000000e+00,0.000000e+00
1.760000e+02,1.460000e+02,0.0,1.000000e+00,0.000000e+00,0.000000e+00
1.780000e+02,1.460000e+02,0.0,1.000000e+00,0.000000e+00,0.000000e+00
1.800000e+02,1.460000e+02,0.0,1.000000e+00,0.000000e+00,0.000000e+00
1.820000e+02,1.460000e+02,0.0,1.000000e+00,0.000000e+00,0.000000e+00
1.840000e+02,1.460000e+02,0.0,1.000000e+00,0.000000e+00,0.000000e+00
1.860000e+02,1.460000e+02,0.0,1.000000e+00,0.000000e+00,0.000000e+00
1.880000e+02,1.460000e+02,0.0,1.000000e+00,0.000000e+00,0.000000e+00
1.900000e+02,1.460000e+02,0.0,1.000000e+00,0.000000e+00,0.000000e+00
1.920000e+02,1.460000e+02,0.0,1.000000e+00,0.000000e+00,0.000000e+00
1.940000e+02,1.460000e+02,0.0,1.000000e+00,0.000000e+00,0.000000e+00
1.960000e+02,1.460000e+02,0.0,1.000000e+00,0.000000e+00,0.000000e+00
1.980000e+02,1.460000e+02,0.0,1.000000e+00,0.000000e+00,0.000000e+00
2.000000e+02,1.460000e+02,0.0,1.000000e+00,0.000000e+00,0.000000e+00
0.000000e+00,1.480000e+02,0.0,1.000000e+00,0.000000e+00,0.000000e+00
2.000000e+00,1.480000e+02,0.0,1.000000e+00,0.000000e+00,0.000000e+00
4.000000e+00,1.480000e+02,0.0,1.000000e+00,0.000000e+00,0.000000e+00
6.000000e+00,1.480000e+02,0.0,1.000000e+00,0.000000e+00,0.000000e+00
8.000000e+00,1.480000e+02,0.0,1.000000e+00,0.000000e+00,0.000000e+00
1.000000e+01,1.480000e+02,0.0,1.000000e+00,0.000000e+00,0.000000e+00
1.200000e+01,1.480000e+02,0.0,1.000000e+00,0.000000e+00,0.000000e+00
1.400000e+01,1.480000e+02,0.0,1.000000e+00,0.000000e+00,0.000000e+00
1.600000e+01,1.480000e+02,0.0,1.000000e+00,0.000000e+00,0.000000e+00
1.800000e+01,1.480000e+02,0.0,1.000000e+00,0.000000e+00,0.000000e+00
2.000000e+01,1.480000e+02,0.0,1.000000e+00,0.000000e+00,0.000000e+00
2.200000e+01,1.480000e+02,0.0,1.000000e+00,0.000000e+00,0.000000e+00
2.400000e+01,1.480000e+02,0.0,1.000000e+00,0.000000e+00,0.000000e+00
2.600000e+01,1.480000e+02,0.0,1.000000e+00,0.000000e+00,0.000000e+00
2.800000e+01,1.480000e+02,0.0,1.000000e+00,0.000000e+00,0.000000e+00
3.000000e+01,1.480000e+02,0.0,1.000000e+00,0.000000e+00,0.000000e+00
3.200000e+01,1.480000e+02,0.0,1.000000e+00,0.000000e+00,0.000000e+00
3.400000e+01,1.480000e+02,0.0,1.000000e+00,0.000000e+00,0.000000e+00
3.600000e+01,1.480000e+02,0.0,1.000000e+00,0.000000e+00,0.000000e+00
3.800000e+01,1.480000e+02,0.0,1.000000e+00,0.000000e+00,0.000000e+00
4.000000e+01,1.480000e+02,0.0,1.000000e+00,0.000000e+00,0.000000e+00
4.200000e+01,1.480000e+02,0.0,1.000000e+00,-2.127612e-36,0.000000e+00
4.400000e+01,1.480000e+02,0.0,1.000000e+00,-1.144707e-15,6.377579e-16
4.600000e+01,1.480000e+02,0.0,1.000000e+00,-9.821627e-13,5.907086e-13
4.800000e+01,1.480000e+02,0.0,1.000000e+00,-8.962157e-10,5.943117e-10
5.000000e+01,1.480000e+02,0.0,1.000000e+00,-6.884207e-07,5.299698e-07
5.200000e+01,1.480000e+02,0.0,1.000232e+00,-3.876661e-04,3.876661e-04
5.400000e+01,1.480000e+02,0.0,1.167130e+00,-6.166374e-01,8.000703e-01
5.600000e+01,1.480000e+02,0.0,2.712401e+00,-8.810617e+00,1.130366e+01
5.800000e+01,1.480000e+02,0.0,3.574210e+00,-1.489296e+01,1.876396e+01
6.000000e+01,1.480000e+02,0.0,3.654045e+00,-1.553330e+01,1.964202e+01
6.200000e+01,1.480000e+02,0.0,3.645737e+00,-1.540512e+01,1.981796e+01
6.400000e+01,1.480000e+02,0.0,3.614073e+00,-1.512928e+01,2.013240e+01
6.600000e+01,1.480000e+02,0.0,3.583575e+00,-1.490998e+01,2.069999e+01
6.800000e+01,1.480000e+02,0.0,3.526796e+00,-1.477283e+01,2.116187e+01
7.000000e+01,1.480000e+02,0.0,3.539224e+00,-1.453036e+01,2.170871e+01
7.200000e+01,1.480000e+02,0.0,3.667455e+00,-1.412749e+01,2.298378e+01
7.400000e+01,1.480000e+02,0.0,3.822115e+00,-1.340194e+01,2.442674e+01
7.600000e+01,1.480000e+02,0.0,3.868567e+00,-1.225649e+01,2.516448e+01
7.800000e+01,1.480000e+02,0.0,3.833016e+00,-1.103076e+01,2.524346e+01
8.000000e+01,1.480000e+02,0.0,3.781758e+00,-9.785299e+00,2.506524e+01
8.200000e+01,1.480000e+02,0.0,3.731688e+00,-8.513279e+00,2.478115e+01
8.400000e+01,1.480000e+02,0.0,3.744866e+00,-7.369850e+00,2.478543e+01
8.600000e+01,1.480000e+02,0.0,3.838763e+00,-6.548078e+00,2.515373e+01
8.800000e+01,1.480000e+02,0.0,3.978232e+00,-5.762199e+00,2.585450e+01
9.000000e+01,1.480000e+02,0.0,4.121410e+00,-4.945672e+00,2.648459e+01
9.200000e+01,1.480000e+02,0.0,4.272567e+00,-4.016616e+00,2.703258e+01
9.400000e+01,1.480000e+02,0.0,4.394353e+00,-2.812506e+00,2.743014e+01
9.600000e+01,1.480000e+02,0.0,4.506293e+00,-1.714834e+00,2.804676e+01
9.800000e+01,1.480000e+02,0.0,4.637183e+00,-8.015751e-01,2.852176e+01
1.000000e+02,1.480000e+02,0.0,4.695913e+00,-8.087936e-16,2.828221e+01
1.020000e+02,1.480000e+02,0.0,4.637183e+00,8.015751e-01,2.852176e+01
1.040000e+02,1.480000e+02,0.0,4.506293e+00,1.714834e+00,2.804676e+01
1.060000e+02,1.480000e+02,0.0,4.394353e+00,2.812506e+00,2.743014e+01
1.080000e+02,1.480000e+02,0.0,4.272567e+00,4.016616e+00,2.703258e+01
1.100000e+02,1.480000e+02,0.0,4.121410e+00,4.945672e+00,2.648459e+01
1.120000e+02,1.480000e+02,0.0,3.978232e+00,5.762199e+00,2.585450e+01
1.140000e+02,1.480000e+02,0.0,3.838763e+00,6.548078e+00,2.515373e+01
1.160000e+02,1.480000e+02,0.0,3.744866e+00,7.369850e+00,2.478543e+01
1.180000e+02,1.480000e+02,0.0,3.731688e+00,8.513279e+00,2.478115e+01
1.200000e+02,1.480000e+02,0.0,3.781758e+00,9.785299e+00,2.506524e+01
1.220000e+02,1.480000e+02,0.0,3.833016e+00,1.103076e+01,2.524346e+01
1.240000e+02,1.480000e+02,0.0,3.868567e+00,1.225649e+01,2.516448e+01
1.260000e+02,1.480000e+02,0.0,3.822115e+00,1.340194e+01,2.442674e+01
1.280000e+02,1.480000e+02,0.0,3.667455e+00,1.412749e+01,2.298378e+01
1.300000e+02,1.480000e+02,0.0,3.539224e+00,1.453036e+01,2.170871e+01
1.320000e+02,1.480000e+02,0.0,3.526796e+00,1.477283e+01,2.116187e+01
1.340000e+02,1.480000e+02,0.0,3.583575e+00,1.490998e+01,2.069999e+01
1.360000e+02,1.480000e+02,0.0,3.614073e+00,1.512928e+01,2.013240e+01
1.380000e+02,1.480000e+02,0.0,3.645737e+00,1.540512e+01,1.981796e+01
1.400000e+02,1.480000e+02,0.0,3.654045e+00,1.553330e+01,1.964202e+01
1.420000e+02,1.480000e+02,0.0,3.574210e+00,1.489296e+01,1.876396e+01
1.440000e+02,1.480000e+02,0.0,2.712401e+00,8.810617e+00,1.130366e+01
1.460000e+02,1.480000e+02,0.0,1.167130e+00,6.166374e-01,8.000703e-01
1.480000e+02,1.480000e+02,0.0,1.000232e+00,3.876661e-04,3.876661e-04
1.500000e+02,1.480000e+02,0.0,1.000000e+00,6.884207e-07,5.299698e-07
1.520000e+02,1.480000e+02,0.0,1.000000e+00,8.962157e-10,5.943117e-10
1.540000e+02,1.480000e+02,0.0,1.000000e+00,9.821627e-13,5.907086e-13
1.560000e+02,1.480000e+02,0.0,1.000000e+00,1.144707e-15,6.377579e-16
1.580000e+02,1.480000e+02,0.0,1.000000e+00,2.127612e-36,0.000000e+00
1.600000e+02,1.480000e+02,0.0,1.000000e+00,0.000000e+00,0.000000e+00
1.620000e+02,1.480000e+02,0.0,1.000000e+00,0.000000e+00,0.000000e+00
1.640000e+02,1.480000e+02,0.0,1.000000e+00,0.000000e+00,0.000000e+00
1.660000e+02,1.480000e+02,0.0,1.000000e+00,0.000000e+00,0.000000e+00
1.680000e+02,1.480000e+02,0.0,1.000000e+00,0.000000e+00,0.000000e+00
1.700000e+02,1.480000e+02,0.0,1.000000e+00,0.000000e+00,0.000000e+00
1.720000e+02,1.480000e+02,0.0,1.000000e+00,0.000000e+00,0.000000e+00
1.740000e+02,1.480000e+02,0.0,1.000000e+00,0.000000e+00,0.000000e+00
1.760000e+02,1.480000e+02,0.0,1.000000e+00,0.000000e+00,0.000000e+00
1.780000e+02,1.480000e+02,0.0,1.000000e+00,0.000000e+00,0.000000e+00
1.800000e+02,1.480000e+02,0.0,1.000000e+00,0.000000e+00,0.000000e+00
1.820000e+02,1.480000e+02,0.0,1.000000e+00,0.000000e+00,0.000000e+00
1.840000e+02,1.480000e+02,0.0,1.000000e+00,0.000000e+00,0.000000e+00
1.860000e+02,1.480000e+02,0.0,1.000000e+00,0.000000e+00,0.000000e+00
1.880000e+02,1.480000e+02,0.0,1.000000e+00,0.000000e+00,0.000000e+00
1.900000e+02,1.480000e+02,0.0,1.000000e+00,0.000000e+00,0.000000e+00
1.920000e+02,1.480000e+02,0.0,1.000000e+00,0.000000e+00,0.000000e+00
1.940000e+02,1.480000e+02,0.0,1.000000e+00,0.000000e+00,0.000000e+00
1.960000e+02,1.480000e+02,0.0,1.000000e+00,0.000000e+00,0.000000e+00
1.980000e+02,1.480000e+02,0.0,1.000000e+00,0.000000e+00,0.000000e+00
2.000000e+02,1.480000e+02,0.0,1.000000e+00,0.000000e+00,0.000000e+00
0.000000e+00,1.500000e+02,0.0,1.000000e+00,0.000000e+00,0.000000e+00
2.000000e+00,1.500000e+02,0.0,1.000000e+00,0.000000e+00,0.000000e+00
4.000000e+00,1.500000e+02,0.0,1.000000e+00,0.000000e+00,0.000000e+00
6.000000e+00,1.500000e+02,0.0,1.000000e+00,0.000000e+00,0.000000e+00
8.000000e+00,1.500000e+02,0.0,1.000000e+00,0.000000e+00,0.000000e+00
1.000000e+01,1.500000e+02,0.0,1.000000e+00,0.000000e+00,0.000000e+00
1.200000e+01,1.500000e+02,0.0,1.000000e+00,0.000000e+00,0.000000e+00
1.400000e+01,1.500000e+02,0.0,1.000000e+00,0.000000e+00,0.000000e+00
1.600000e+01,1.500000e+02,0.0,1.000000e+00,0.000000e+00,0.000000e+00
1.800000e+01,1.500000e+02,0.0,1.000000e+00,0.000000e+00,0.000000e+00
2.000000e+01,1.500000e+02,0.0,1.000000e+00,0.000000e+00,0.000000e+00
2.200000e+01,1.500000e+02,0.0,1.000000e+00,0.000000e+00,0.000000e+00
2.400000e+01,1.500000e+02,0.0,1.000000e+00,0.000000e+00,0.000000e+00
2.600000e+01,1.500000e+02,0.0,1.000000e+00,0.000000e+00,0.000000e+00
2.800000e+01,1.500000e+02,0.0,1.000000e+00,0.000000e+00,0.000000e+00
3.000000e+01,1.500000e+02,0.0,1.000000e+00,0.000000e+00,0.000000e+00
3.200000e+01,1.500000e+02,0.0,1.000000e+00,0.000000e+00,0.000000e+00
3.400000e+01,1.500000e+02,0.0,1.000000e+00,0.000000e+00,0.000000e+00
3.600000e+01,1.500000e+02,0.0,1.000000e+00,0.000000e+00,0.000000e+00
3.800000e+01,1.500000e+02,0.0,1.000000e+00,0.000000e+00,0.000000e+00
4.000000e+01,1.500000e+02,0.0,1.000000e+00,0.000000e+00,0.000000e+00
4.200000e+01,1.500000e+02,0.0,1.000000e+00,0.000000e+00,0.000000e+00
4.400000e+01,1.500000e+02,0.0,1.000000e+00,1.635539e-17,0.000000e+00
4.600000e+01,1.500000e+02,0.0,1.000000e+00,-1.340968e-15,1.046564e-15
4.800000e+01,1.500000e+02,0.0,1.000000e+00,-1.029929e-12,8.753458e-13
5.000000e+01,1.500000e+02,0.0,1.000000e+00,-8.293678e-10,8.293678e-10
5.200000e+01,1.500000e+02,0.0,1.000000e+00,-5.299698e-07,6.884207e-07
5.400000e+01,1.500000e+02,0.0,1.000202e+00,-2.158283e-04,4.529362e-04
5.600000e+01,1.500000e+02,0.0,1.095302e+00,-1.796583e-01,5.233589e-01
5.800000e+01,1.500000e+02,0.0,2.317808e+00,-5.347821e+00,8.868252e+00
6.000000e+01,1.500000e+02,0.0,3.469997e+00,-1.257212e+01,1.816233e+01
6.200000e+01,1.500000e+02,0.0,3.672359e+00,-1.454757e+01,2.005051e+01
6.400000e+01,1.500000e+02,0.0,3.672785e+00,-1.474609e+01,2.061590e+01
6.600000e+01,1.500000e+02,0.0,3.640812e+00,-1.456695e+01,2.104648e+01
6.800000e+01,1.500000e+02,0.0,3.594270e+00,-1.464801e+01,2.136645e+01
7.000000e+01,1.500000e+02,0.0,3.607127e+00,-1.465846e+01,2.186709e+01
7.200000e+01,1.500000e+02,0.0,3.723993e+00,-1.435893e+01,2.314201e+01
7.400000e+01,1.500000e+02,0.0,3.827129e+00,-1.346071e+01,2.447912e+01
7.600000e+01,1.500000e+02,0.0,3.768775e+00,-1.161216e+01,2.502257e+01
7.800000e+01,1.500000e+02,0.0,3.589829e+00,-9.921942e+00,2.486399e+01
8.000000e+01,1.500000e+02,0.0,3.373274e+00,-8.300134e+00,2.435854e+01
8.200000e+01,1.500000e+02,0.0,3.201417e+00,-7.048766e+00,2.377657e+01
8.400000e+01,1.500000e+02,0.0,3.168381e+00,-6.303096e+00,2.370712e+01
8.600000e+01,1.500000e+02,0.0,3.236256e+00,-5.824277e+00,2.421154e+01
8.800000e+01,1.500000e+02,0.0,3.399136e+00,-5.540974e+00,2.508779e+01
9.000000e+01,1.500000e+02,0.0,3.651807e+00,-4.985783e+00,2.588364e+01
9.200000e+01,1.500000e+02,0.0,3.865498e+00,-4.110510e+00,2.662991e+01
9.400000e+01,1.500000e+02,0.0,4.007899e+00,-2.904590e+00,2.713319e+01
9.600000e+01,1.500000e+02,0.0,4.105504e+00,-1.542534e+00,2.783280e+01
9.800000e+01,1.500000e+02,0.0,4.166933e+00,-6.158701e-01,2.832420e+01
1.000000e+02,1.500000e+02,0.0,4.193185e+00,9.488805e-16,2.801963e+01
1.020000e+02,1.500000e+02,0.0,4.166933e+00,6.158701e-01,2.832420e+01
1.040000e+02,1.500000e+02,0.0,4.105504e+00,1.542534e+00,2.783280e+01
1.060000e+02,1.500000e+02,0.0,4.007899e+00,2.904590e+00,2.713319e+01
1.080000e+02,1.500000e+02,0.0,3.865498e+00,4.110510e+00,2.662991e+01
1.100000e+02,1.500000e+02,0.0,3.651807e+00,4.985783e+00,2.588364e+01
1.120000e+02,1.500000e+02,0.0,3.399136e+00,5.540974e+00,2.508779e+01
1.140000e+02,1.500000e+02,0.0,3.236256e+00,5.824277e+00,2.421154e+01
1.160000e+02,1.500000e+02,0.0,3.168381e+00,6.303096e+00,2.370712e+01
1.180000e+02,1.500000e+02,0.0,3.201417e+00,7.048766e+00,2.377657e+01
1.200000e+02,1.500000e+02,0.0,3.373274e+00,8.300134e+00,2.435854e+01
1.220000e+02,1.500000e+02,0.0,3.589829e+00,9.921942e+00,2.486399e+01
1.240000e+02,1.500000e+02,0.0,3.768775e+00,1.161216e+01,2.502257e+01
1.260000e+02,1.500000e+02,0.0,3.827129e+00,1.346071e+01,2.447912e+01
1.280000e+02,1.500000e+02,0.0,3.723993e+00,1.435893e+01,2.314201e+01
1.300000e+02,1.500000e+02,0.0,3.607127e+00,1.465846e+01,2.186709e+01
1.320000e+02,1.500000e+02,0.0,3.594270e+00,1.464801e+01,2.136645e+01
1.340000e+02,1.500000e+02,0.0,3.640812e+00,1.456695e+01,2.104648e+01
1.360000e+02,1.500000e+02,0.0,3.672785e+00,1.474609e+01,2.061590e+01
1.380000e+02,1.500000e+02,0.0,3.672359e+00,1.454757e+01,2.005051e+01
1.400000e+02,1.500000e+02,0.0,3.469997e+00,1.257212e+01,1.816233e+01
1.420000e+02,1.500000e+02,0.0,2.317808e+00,5.347821e+00,8.868252e+00
1.440000e+02,1.500000e+02,0.0,1.095302e+00,1.796583e-01,5.233589e-01
1.460000e+02,1.500000e+02,0.0,1.000202e+00,2.158283e-04,4.529362e-04
1.480000e+02,1.500000e+02,0.0,1.000000e+00,5.299698e-07,6.884207e-07
1.500000e+02,1.500000e+02,0.0,1.000000e+00,8.293678e-10,8.293678e-10
1.520000e+02,1.500000e+02,0.0,1.000000e+00,1.029929e-12,8.753458e-13
1.540000e+02,1.500000e+02,0.0,1.000000e+00,1.340968e-15,1.046564e-15
1.560000e+02,1.500000e+02,0.0,1.000000e+00,-1.635539e-17,0.000000e+00
1.580000e+02,1.500000e+02,0.0,1.000000e+00,0.000000e+00,0.000000e+00
1.600000e+02,1.500000e+02,0.0,1.000000e+00,0.000000e+00,0.000000e+00
1.620000e+02,1.500000e+02,0.0,1.000000e+00,0.000000e+00,0.000000e+00
1.640000e+02,1.500000e+02,0.0,1.000000e+00,0.000000e+00,0.000000e+00
1.660000e+02,1.500000e+02,0.0,1.000000e+00,0.000000e+00,0.000000e+00
1.680000e+02,1.500000e+02,0.0,1.000000e+00,0.000000e+00,0.000000e+00
1.700000e+02,1.500000e+02,0.0,1.000000e+00,0.000000e+00,0.000000e+00
1.720000e+02,1.500000e+02,0.0,1.000000e+00,0.000000e+00,0.000000e+00
1.740000e+02,1.500000e+02,0.0,1.000000e+00,0.000000e+00,0.000000e+00
1.760000e+02,1.500000e+02,0.0,1.000000e+00,0.000000e+00,0.000000e+00
1.780000e+02,1.500000e+02,0.0,1.000000e+00,0.000000e+00,0.000000e+00
1.800000e+02,1.500000e+02,0.0,1.000000e+00,0.000000e+00,0.000000e+00
1.820000e+02,1.500000e+02,0.0,1.000000e+00,0.000000e+00,0.000000e+00
1.840000e+02,1.500000e+02,0.0,1.000000e+00,0.000000e+00,0.000000e+00
1.860000e+02,1.500000e+02,0.0,1.000000e+00,0.000000e+00,0.000000e+00
1.880000e+02,1.500000e+02,0.0,1.000000e+00,0.000000e+00,0.000000e+00
1.900000e+02,1.500000e+02,0.0,1.000000e+00,0.000000e+00,0.000000e+00
1.920000e+02,1.500000e+02,0.0,1.000000e+00,0.000000e+00,0.000000e+00
1.940000e+02,1.500000e+02,0.0,1.000000e+00,0.000000e+00,0.000000e+00
1.960000e+02,1.500000e+02,0.0,1.000000e+00,0.000000e+00,0.000000e+00
1.980000e+02,1.500000e+02,0.0,1.000000e+00,0.000000e+00,0.000000e+00
2.000000e+02,1.500000e+02,0.0,1.000000e+00,0.000000e+00,0.000000e+00
0.000000e+00,1.520000e+02,0.0,1.000000e+00,0.000000e+00,0.000000e+00
2.000000e+00,1.520000e+02,0.0,1.000000e+00,0.000000e+00,0.000000e+00
4.000000e+00,1.520000e+02,0.0,1.000000e+00,0.000000e+00,0.000000e+00
6.000000e+00,1.520000e+02,0.0,1.000000e+00,0.000000e+00,0.000000e+00
8.000000e+00,1.520000e+02,0.0,1.000000e+00,0.000000e+00,0.000000e+00
1.000000e+01,1.520000e+02,0.0,1.000000e+00,0.000000e+00,0.000000e+00
1.200000e+01,1.520000e+02,0.0,1.000000e+00,0.000000e+00,0.000000e+00
1.400000e+01,1.520000e+02,0.0,1.000000e+00,0.000000e+00,0.000000e+00
1.600000e+01,1.520000e+02,0.0,1.000000e+00,0.000000e+00,0.000000e+00
1.800000e+01,1.520000e+02,0.0,1.000000e+00,0.000000e+00,0.000000e+00
2.000000e+01,1.520000e+02,0.0,1.000000e+00,0.000000e+00,0.000000e+00
2.200000e+01,1.520000e+02,0.0,1.000000e+00,0.000000e+00,0.000000e+00
2.400000e+01,1.520000e+02,0.0,1.000000e+00,0.000000e+00,0.000000e+00
2.600000e+01,1.520000e+02,0.0,1.000000e+00,0.000000e+00,0.000000e+00
2.800000e+01,1.520000e+02,0.0,1.000000e+00,0.000000e+00,0.000000e+00
3.000000e+01,1.520000e+02,0.0,1.000000e+00,0.000000e+00,0.000000e+00
3.200000e+01,1.520000e+02,0.0,1.000000e+00,0.000000e+00,0.000000e+00
3.400000e+01,1.520000e+02,0.0,1.000000e+00,0.000000e+00,0.000000e+00
3.600000e+01,1.520000e+02,0.0,1.000000e+00,0.000000e+00,0.000000e+00
3.800000e+01,1.520000e+02,0.0,1.000000e+00,0.000000e+00,0.000000e+00
4.000000e+01,1.520000e+02,0.0,1.000000e+00,0.000000e+00,0.000000e+00
4.200000e+01,1.520000e+02,0.0,1.000000e+00,0.000000e+00,0.000000e+00
4.400000e+01,1.520000e+02,0.0,1.000000e+00,0.000000e+00,0.000000e+00
4.600000e+01,1.520000e+02,0.0,1.000000e+00,1.635539e-17,-1.635539e-17
4.800000e+01,1.520000e+02,0.0,1.000000e+00,-1.291881e-15,1.291881e-15
5.000000e+01,1.520000e+02,0.0,1.000000e+00,-8.753458e-13,1.029929e-12
5.200000e+01,1.520000e+02,0.0,1.000000e+00,-5.943117e-10,8.962157e-10
5.400000e+01,1.520000e+02,0.0,1.000000e+00,-2.874570e-07,6.574955e-07
5.600000e+01,1.520000e+02,0.0,1.000116e+00,-7.695211e-05,3.032695e-04
5.800000e+01,1.520000e+02,0.0,1.019049e+00,-2.620636e-02,8.544390e-02
6.000000e+01,1.520000e+02,0.0,1.712938e+00,-2.323710e+00,4.667092e+00
6.200000e+01,1.520000e+02,0.0,3.122813e+00,-9.683366e+00,1.537686e+01
6.400000e+01,1.520000e+02,0.0,3.668830e+00,-1.372201e+01,2.049308e+01
6.600000e+01,1.520000e+02,0.0,3.739895e+00,-1.429397e+01,2.197590e+01
6.800000e+01,1.520000e+02,0.0,3.686461e+00,-1.436378e+01,2.239331e+01
7.000000e+01,1.520000e+02,0.0,3.669043e+00,-1.432206e+01,2.252608e+01
7.200000e+01,1.520000e+02,0.0,3.760961e+00,-1.411712e+01,2.357763e+01
7.400000e+01,1.520000e+02,0.0,3.781313e+00,-1.295517e+01,2.445071e+01
7.600000e+01,1.520000e+02,0.0,3.684085e+00,-1.111501e+01,2.458753e+01
7.800000e+01,1.520000e+02,0.0,3.518155e+00,-9.385315e+00,2.427857e+01
8.000000e+01,1.520000e+02,0.0,3.330090e+00,-7.676799e+00,2.386558e+01
8.200000e+01,1.520000e+02,0.0,3.206178e+00,-6.772713e+00,2.365384e+01
8.400000e+01,1.520000e+02,0.0,3.180420e+00,-6.494217e+00,2.369806e+01
8.600000e+01,1.520000e+02,0.0,3.220854e+00,-6.335629e+00,2.408285e+01
8.800000e+01,1.520000e+02,0.0,3.311157e+00,-6.099792e+00,2.475122e+01
9.000000e+01,1.520000e+02,0.0,3.458891e+00,-5.484487e+00,2.541801e+01
9.200000e+01,1.520000e+02,0.0,3.589532e+00,-4.121655e+00,2.598256e+01
9.400000e+01,1.520000e+02,0.0,3.658468e+00,-2.495308e+00,2.650077e+01
9.600000e+01,1.520000e+02,0.0,3.707802e+00,-9.112276e-01,2.731330e+01
9.800000e+01,1.520000e+02,0.0,3.731950e+00,-1.308004e-01,2.785328e+01
1.000000e+02,1.520000e+02,0.0,3.720896e+00,3.121449e-15,2.747657e+01
1.020000e+02,1.520000e+02,0.0,3.731950e+00,1.308004e-01,2.785328e+01
1.040000e+02,1.520000e+02,0.0,3.707802e+00,9.112276e-01,2.731330e+01
1.060000e+02,1.520000e+02,0.0,3.658468e+00,2.495308e+00,2.650077e+01
1.080000e+02,1.520000e+02,0.0,3.589532e+00,4.121655e+00,2.598256e+01
1.100000e+02,1.520000e+02,0.0,3.458891e+00,5.484487e+00,2.541801e+01
1.120000e+02,1.520000e+02,0.0,3.311157e+00,6.099792e+00,2.475122e+01
1.140000e+02,1.520000e+02,0.0,3.220854e+00,6.335629e+00,2.408285e+01
1.160000e+02,1.520000e+02,0.0,3.180420e+00,6.494217e+00,2.369806e+01
1.180000e+02,1.520000e+02,0.0,3.206178e+00,6.772713e+00,2.365384e+01
1.200000e+02,1.520000e+02,0.0,3.330090e+00,7.676799e+00,2.386558e+01
1.220000e+02,1.520000e+02,0.0,3.518155e+00,9.385315e+00,2.427857e+01
1.240000e+02,1.520000e+02,0.0,3.684085e+00,1.111501e+01,2.458753e+01
1.260000e+02,1.520000e+02,0.0,3.781313e+00,1.295517e+01,2.445071e+01
1.280000e+02,1.520000e+02,0.0,3.760961e+00,1.411712e+01,2.357763e+01
1.300000e+02,1.520000e+02,0.0,3.669043e+00,1.432206e+01,2.252608e+01
1.320000e+02,1.520000e+02,0.0,3.686461e+00,1.436378e+01,2.239331e+01
1.340000e+02,1.520000e+02,0.0,3.739895e+00,1.429397e+01,2.197590e+01
1.360000e+02,1.520000e+02,0.0,3.668830e+00,1.372201e+01,2.049308e+01
1.380000e+02,1.520000e+02,0.0,3.122813e+00,9.683366e+00,1.537686e+01
1.400000e+02,1.520000e+02,0.0,1.712938e+00,2.323710e+00,4.667092e+00
1.420000e+02,1.520000e+02,0.0,1.019049e+00,2.620636e-02,8.544390e-02
1.440000e+02,1.520000e+02,0.0,1.000116e+00,7.695211e-05,3.032695e-04
1.460000e+02,1.520000e+02,0.0,1.000000e+00,2.874570e-07,6.574955e-07
1.480000e+02,1.520000e+02,0.0,1.000000e+00,5.943117e-10,8.962157e-10
1.500000e+02,1.520000e+02,0.0,1.000000e+00,8.753458e-13,1.029929e-12
1.520000e+02,1.520000e+02,0.0,1.000000e+00,1.291881e-15,1.291881e-15
1.540000e+02,1.520000e+02,0.0,1.000000e+00,-1.635539e-17,-1.635539e-17
1.560000e+02,1.520000e+02,0.0,1.000000e+00,0.000000e+00,0.000000e+00
1.580000e+02,1.520000e+02,0.0,1.000000e+00,0.000000e+00,0.000000e+00
1.600000e+02,1.520000e+02,0.0,1.000000e+00,0.000000e+00,0.000000e+00
1.620000e+02,1.520000e+02,0.0,1.000000e+00,0.000000e+00,0.000000e+00
1.640000e+02,1.520000e+02,0.0,1.000000e+00,0.000000e+00,0.000000e+00
1.660000e+02,1.520000e+02,0.0,1.000000e+00,0.000000e+00,0.000000e+00
1.680000e+02,1.520000e+02,0.0,1.000000e+00,0.000000e+00,0.000000e+00
1.700000e+02,1.520000e+02,0.0,1.000000e+00,0.000000e+00,0.000000e+00
1.720000e+02,1.520000e+02,0.0,1.000000e+00,0.000000e+00,0.000000e+00
1.740000e+02,1.520000e+02,0.0,1.000000e+00,0.000000e+00,0.000000e+00
1.760000e+02,1.520000e+02,0.0,1.000000e+00,0.000000e+00,0.000000e+00
1.780000e+02,1.520000e+02,0.0,1.000000e+00,0.000000e+00,0.000000e+00
1.800000e+02,1.520000e+02,0.0,1.000000e+00,0.000000e+00,0.000000e+00
1.820000e+02,1.520000e+02,0.0,1.000000e+00,0.000000e+00,0.000000e+00
1.840000e+02,1.520000e+02,0.0,1.000000e+00,0.000000e+00,0.000000e+00
1.860000e+02,1.520000e+02,0.0,1.000000e+00,0.000000e+00,0.000000e+00
1.880000e+02,1.520000e+02,0.0,1.000000e+00,0.000000e+00,0.000000e+00
1.900000e+02,1.520000e+02,0.0,1.000000e+00,0.000000e+00,0.000000e+00
1.920000e+02,1.520000e+02,0.0,1.000000e+00,0.000000e+00,0.000000e+00
1.940000e+02,1.520000e+02,0.0,1.000000e+00,0.000000e+00,0.000000e+00
1.960000e+02,1.520000e+02,0.0,1.000000e+00,0.000000e+00,0.000000e+00
1.980000e+02,1.520000e+02,0.0,1.000000e+00,0.000000e+00,0.000000e+00
2.000000e+02,1.520000e+02,0.0,1.000000e+00,0.000000e+00,0.000000e+00
0.000000e+00,1.540000e+02,0.0,1.000000e+00,0.000000e+00,0.000000e+00
2.000000e+00,1.540000e+02,0.0,1.000000e+00,0.000000e+00,0.000000e+00
4.000000e+00,1.540000e+02,0.0,1.000000e+00,0.000000e+00,0.000000e+00
6.000000e+00,1.540000e+02,0.0,1.000000e+00,0.000000e+00,0.000000e+00
8.000000e+00,1.540000e+02,0.0,1.000000e+00,0.000000e+00,0.000000e+00
1.000000e+01,1.540000e+02,0.0,1.000000e+00,0.000000e+00,0.000000e+00
1.200000e+01,1.540000e+02,0.0,1.000000e+00,0.000000e+00,0.000000e+00
1.400000e+01,1.540000e+02,0.0,1.000000e+00,0.000000e+00,0.000000e+00
1.600000e+01,1.540000e+02,0.0,1.000000e+00,0.000000e+00,0.000000e+00
1.800000e+01,1.540000e+02,0.0,1.000000e+00,0.000000e+00,0.000000e+00
2.000000e+01,1.540000e+02,0.0,1.000000e+00,0.000000e+00,0.000000e+00
2.200000e+01,1.540000e+02,0.0,1.000000e+00,0.000000e+00,0.000000e+00
2.400000e+01,1.540000e+02,0.0,1.000000e+00,0.000000e+00,0.000000e+00
2.600000e+01,1.540000e+02,0.0,1.000000e+00,0.000000e+00,0.000000e+00
2.800000e+01,1.540000e+02,0.0,1.000000e+00,0.000000e+00,0.000000e+00
3.000000e+01,1.540000e+02,0.0,1.000000e+00,0.000000e+00,0.000000e+00
3.200000e+01,1.540000e+02,0.0,1.000000e+00,0.000000e+00,0.000000e+00
3.400000e+01,1.540000e+02,0.0,1.000000e+00,0.000000e+00,0.000000e+00
3.600000e+01,1.540000e+02,0.0,1.000000e+00,0.000000e+00,0.000000e+00
3.800000e+01,1.540000e+02,0.0,1.000000e+00,0.000000e+00,0.000000e+00
4.000000e+01,1.540000e+02,0.0,1.000000e+00,0.000000e+00,0.000000e+00
4.200000e+01,1.540000e+02,0.0,1.000000e+00,0.000000e+00,0.000000e+00
4.400000e+01,1.540000e+02,0.0,1.000000e+00,0.000000e+00,0.000000e+00
4.600000e+01,1.540000e+02,0.0,1.000000e+00,0.000000e+00,0.000000e+00
4.800000e+01,1.540000e+02,0.0,1.000000e+00,1.635539e-17,-1.635539e-17
5.000000e+01,1.540000e+02,0.0,1.000000e+00,-1.046564e-15,1.340968e-15
5.200000e+01,1.540000e+02,0.0,1.000000e+00,-5.907086e-13,9.821627e-13
5.400000e+01,1.540000e+02,0.0,1.000000e+00,-3.015791e-10,7.585669e-10
5.600000e+01,1.540000e+02,0.0,1.000000e+00,-9.188232e-08,4.255149e-07
5.800000e+01,1.540000e+02,0.0,1.000041e+00,-1.496146e-05,1.189740e-04
6.000000e+01,1.540000e+02,0.0,1.004927e+00,-3.321195e-03,1.891624e-02
6.200000e+01,1.540000e+02,0.0,1.261769e+00,-6.079270e-01,1.615364e+00
6.400000e+01,1.540000e+02,0.0,2.585918e+00,-6.407056e+00,1.120824e+01
6.600000e+01,1.540000e+02,0.0,3.619145e+00,-1.252713e+01,2.067193e+01
6.800000e+01,1.540000e+02,0.0,3.742128e+00,-1.374754e+01,2.306952e+01
7.000000e+01,1.540000e+02,0.0,3.793818e+00,-1.376685e+01,2.416170e+01
7.200000e+01,1.540000e+02,0.0,3.851215e+00,-1.346416e+01,2.491457e+01
7.400000e+01,1.540000e+02,0.0,3.771162e+00,-1.231871e+01,2.466017e+01
7.600000e+01,1.540000e+02,0.0,3.625481e+00,-1.071218e+01,2.397359e+01
7.800000e+01,1.540000e+02,0.0,3.489398e+00,-9.261980e+00,2.344904e+01
8.000000e+01,1.540000e+02,0.0,3.374145e+00,-7.877888e+00,2.322701e+01
8.200000e+01,1.540000e+02,0.0,3.330251e+00,-7.073422e+00,2.350350e+01
8.400000e+01,1.540000e+02,0.0,3.321103e+00,-6.706250e+00,2.380423e+01
8.600000e+01,1.540000e+02,0.0,3.325126e+00,-6.508273e+00,2.420158e+01
8.800000e+01,1.540000e+02,0.0,3.367002e+00,-6.297445e+00,2.465579e+01
9.000000e+01,1.540000e+02,0.0,3.418766e+00,-5.617487e+00,2.486075e+01
9.200000e+01,1.540000e+02,0.0,3.448783e+00,-3.850979e+00,2.508439e+01
9.400000e+01,1.540000e+02,0.0,3.474652e+00,-2.013028e+00,2.561180e+01
9.600000e+01,1.540000e+02,0.0,3.638373e+00,-4.665362e-01,2.714166e+01
9.800000e+01,1.540000e+02,0.0,3.767054e+00,3.315055e-01,2.820361e+01
1.000000e+02,1.540000e+02,0.0,3.780028e+00,2.248715e-15,2.787124e+01
1.020000e+02,1.540000e+02,0.0,3.767054e+00,-3.315055e-01,2.820361e+01
1.040000e+02,1.540000e+02,0.0,3.638373e+00,4.665362e-01,2.714166e+01
1.060000e+02,1.540000e+02,0.0,3.474652e+00,2.013028e+00,2.561180e+01
1.080000e+02,1.540000e+02,0.0,3.448783e+00,3.850979e+00,2.508439e+01
1.100000e+02,1.540000e+02,0.0,3.418766e+00,5.617487e+00,2.486075e+01
1.120000e+02,1.540000e+02,0.0,3.367002e+00,6.297445e+00,2.465579e+01
1.140000e+02,1.540000e+02,0.0,3.325126e+00,6.508273e+00,2.420158e+01
1.160000e+02,1.540000e+02,0.0,3.321103e+00,6.706250e+00,2.380423e+01
1.180000e+02,1.540000e+02,0.0,3.330251e+00,7.073422e+00,2.350350e+01
1.200000e+02,1.540000e+02,0.0,3.374145e+00,7.877888e+00,2.322701e+01
1.220000e+02,1.540000e+02,0.0,3.489398e+00,9.261980e+00,2.344904e+01
1.240000e+02,1.540000e+02,0.0,3.625481e+00,1.071218e+01,2.397359e+01
1.260000e+02,1.540000e+02,0.0,3.771162e+00,1.231871e+01,2.466017e+01
1.280000e+02,1.540000e+02,0.0,3.851215e+00,1.346416e+01,2.491457e+01
1.300000e+02,1.540000e+02,0.0,3.793818e+00,1.376685e+01,2.416170e+01
1.320000e+02,1.540000e+02,0.0,3.742128e+00,1.374754e+01,2.306952e+01
1.340000e+02,1.540000e+02,0.0,3.619145e+00,1.252713e+01,2.067193e+01
1.360000e+02,1.540000e+02,0.0,2.585918e+00,6.407056e+00,1.120824e+01
1.380000e+02,1.540000e+02,0.0,1.261769e+00,6.079270e-01,1.615364e+00
1.400000e+02,1.540000e+02,0.0,1.004927e+00,3.321195e-03,1.891624e-02
1.420000e+02,1.540000e+02,0.0,1.000041e+00,1.496146e-05,1.189740e-04
1.440000e+02,1.540000e+02,0.0,1.000000e+00,9.188232e-08,4.255149e-07
1.460000e+02,1.540000e+02,0.0,1.000000e+00,3.015791e-10,7.585669e-10
1.480000e+02,1.540000e+02,0.0,1.000000e+00,5.907086e-13,9.821627e-13
1.500000e+02,1.540000e+02,0.0,1.000000e+00,1.046564e-15,1.340968e-15
1.520000e+02,1.540000e+02,0.0,1.000000e+00,-1.635539e-17,-1.635539e-17
1.540000e+02,1.540000e+02,0.0,1.000000e+00,0.000000e+00,0.000000e+00
1.560000e+02,1.540000e+02,0.0,1.000000e+00,0.000000e+00,0.000000e+00
1.580000e+02,1.540000e+02,0.0,1.000000e+00,0.000000e+00,0.000000e+00
1.600000e+02,1.540000e+02,0.0,1.000000e+00,0.000000e+00,0.000000e+00
1.620000e+02,1.540000e+02,0.0,1.000000e+00,0.000000e+00,0.000000e+00
1.640000e+02,1.540000e+02,0.0,1.000000e+00,0.000000e+00,0.000000e+00
1.660000e+02,1.540000e+02,0.0,1.000000e+00,0.000000e+00,0.000000e+00
1.680000e+02,1.540000e+02,0.0,1.000000e+00,0.000000e+00,0.000000e+00
1.700000e+02,1.540000e+02,0.0,1.000000e+00,0.000000e+00,0.000000e+00
1.720000e+02,1.540000e+02,0.0,1.000000e+00,0.000000e+00,0.000000e+00
1.740000e+02,1.540000e+02,0.0,1.000000e+00,0.000000e+00,0.000000e+00
1.760000e+02,1.540000e+02,0.0,1.000000e+00,0.000000e+00,0.000000e+00
1.780000e+02,1.540000e+02,0.0,1.000000e+00,0.000000e+00,0.000000e+00
1.800000e+02,1.540000e+02,0.0,1.000000e+00,0.000000e+00,0.000000e+00
1.820000e+02,1.540000e+02,0.0,1.000000e+00,0.000000e+00,0.000000e+00
1.840000e+02,1.540000e+02,0.0,1.000000e+00,0.000000e+00,0.000000e+00
1.860000e+02,1.540000e+02,0.0,1.000000e+00,0.000000e+00,0.000000e+00
1.880000e+02,1.540000e+02,0.0,1.000000e+00,0.000000e+00,0.000000e+00
1.900000e+02,1.540000e+02,0.0,1.000000e+00,0.000000e+00,0.000000e+00
1.920000e+02,1.540000e+02,0.0,1.000000e+00,0.000000e+00,0.000000e+00
1.940000e+02,1.540000e+02,0.0,1.000000e+00,0.000000e+00,0.000000e+00
1.960000e+02,1.540000e+02,0.0,1.000000e+00,0.000000e+00,0.000000e+00
1.980000e+02,1.540000e+02,0.0,1.000000e+00,0.000000e+00,0.000000e+00
2.000000e+02,1.540000e+02,0.0,1.000000e+00,0.000000e+00,0.000000e+00
0.000000e+00,1.560000e+02,0.0,1.000000e+00,0.000000e+00,0.000000e+00
2.000000e+00,1.560000e+02,0.0,1.000000e+00,0.000000e+00,0.000000e+00
4.000000e+00,1.560000e+02,0.0,1.000000e+00,0.000000e+00,0.000000e+00
6.000000e+00,1.560000e+02,0.0,1.000000e+00,0.000000e+00,0.000000e+00
8.000000e+00,1.560000e+02,0.0,1.000000e+00,0.000000e+00,0.000000e+00
1.000000e+01,1.560000e+02,0.0,1.000000e+00,0.000000e+00,0.000000e+00
1.200000e+01,1.560000e+02,0.0,1.000000e+00,0.000000e+00,0.000000e+00
1.400000e+01,1.560000e+02,0.0,1.000000e+00,0.000000e+00,0.000000e+00
1.600000e+01,1.560000e+02,0.0,1.000000e+00,0.000000e+00,0.000000e+00
1.800000e+01,1.560000e+02,0.0,1.000000e+00,0.000000e+00,0.000000e+00
2.000000e+01,1.560000e+02,0.0,1.000000e+00,0.000000e+00,0.000000e+00
2.200000e+01,1.560000e+02,0.0,1.000000e+00,0.000000e+00,0.000000e+00
2.400000e+01,1.560000e+02,0.0,1.000000e+00,0.000000e+00,0.000000e+00
2.600000e+01,1.560000e+02,0.0,1.000000e+00,0.000000e+00,0.000000e+00
2.800000e+01,1.560000e+02,0.0,1.000000e+00,0.000000e+00,0.000000e+00
3.000000e+01,1.560000e+02,0.0,1.000000e+00,0.000000e+00,0.000000e+00
3.200000e+01,1.560000e+02,0.0,1.000000e+00,0.000000e+00,0.000000e+00
3.400000e+01,1.560000e+02,0.0,1.000000e+00,0.000000e+00,0.000000e+00
3.600000e+01,1.560000e+02,0.0,1.000000e+00,0.000000e+00,0.000000e+00
3.800000e+01,1.560000e+02,0.0,1.000000e+00,0.000000e+00,0.000000e+00
4.000000e+01,1.560000e+02,0.0,1.000000e+00,0.000000e+00,0.000000e+00
4.200000e+01,1.560000e+02,0.0,1.000000e+00,0.000000e+00,0.000000e+00
4.400000e+01,1.560000e+02,0.0,1.000000e+00,0.000000e+00,0.000000e+00
4.600000e+01,1.560000e+02,0.0,1.000000e+00,0.000000e+00,0.000000e+00
4.800000e+01,1.560000e+02,0.0,1.000000e+00,0.000000e+00,0.000000e+00
5.000000e+01,1.560000e+02,0.0,1.000000e+00,-5.769130e-35,-1.635539e-17
5.200000e+01,1.560000e+02,0.0,1.000000e+00,-6.377579e-16,1.144707e-15
5.400000e+01,1.560000e+02,0.0,1.000000e+00,-2.961948e-13,7.540902e-13
5.600000e+01,1.560000e+02,0.0,1.000000e+00,-9.254008e-11,4.504811e-10
5.800000e+01,1.560000e+02,0.0,1.000000e+00,-1.576592e-08,1.442538e-07
6.000000e+01,1.560000e+02,0.0,1.000007e+00,-1.690190e-06,2.182928e-05
6.200000e+01,1.560000e+02,0.0,1.000788e+00,-2.307962e-04,2.589637e-03
6.400000e+01,1.560000e+02,0.0,1.057478e+00,-7.833150e-02,3.104376e-01
6.600000e+01,1.560000e+02,0.0,1.946111e+00,-3.135310e+00,6.568497e+00
6.800000e+01,1.560000e+02,0.0,3.328848e+00,-9.888230e+00,1.875828e+01
7.000000e+01,1.560000e+02,0.0,3.778812e+00,-1.221855e+01,2.406984e+01
7.200000e+01,1.560000e+02,0.0,3.853541e+00,-1.235563e+01,2.525015e+01
7.400000e+01,1.560000e+02,0.0,3.799572e+00,-1.178603e+01,2.506413e+01
7.600000e+01,1.560000e+02,0.0,3.639033e+00,-1.033155e+01,2.389623e+01
7.800000e+01,1.560000e+02,0.0,3.496376e+00,-9.078239e+00,2.289263e+01
8.000000e+01,1.560000e+02,0.0,3.430949e+00,-8.035984e+00,2.257867e+01
8.200000e+01,1.560000e+02,0.0,3.430326e+00,-7.302677e+00,2.288879e+01
8.400000e+01,1.560000e+02,0.0,3.493205e+00,-6.800665e+00,2.372851e+01
8.600000e+01,1.560000e+02,0.0,3.511932e+00,-6.537528e+00,2.439278e+01
8.800000e+01,1.560000e+02,0.0,3.518210e+00,-6.318990e+00,2.476610e+01
9.000000e+01,1.560000e+02,0.0,3.436245e+00,-5.289191e+00,2.439529e+01
9.200000e+01,1.560000e+02,0.0,3.360281e+00,-3.564792e+00,2.419661e+01
9.400000e+01,1.560000e+02,0.0,3.466467e+00,-1.815790e+00,2.529423e+01
9.600000e+01,1.560000e+02,0.0,3.672445e+00,-5.159370e-01,2.713251e+01
9.800000e+01,1.560000e+02,0.0,3.887381e+00,2.622741e-01,2.846929e+01
1.000000e+02,1.560000e+02,0.0,3.919410e+00,-2.370612e-15,2.853856e+01
1.020000e+02,1.560000e+02,0.0,3.887381e+00,-2.622741e-01,2.846929e+01
1.040000e+02,1.560000e+02,0.0,3.672445e+00,5.159370e-01,2.713251e+01
1.060000e+02,1.560000e+02,0.0,3.466467e+00,1.815790e+00,2.529423e+01
1.080000e+02,1.560000e+02,0.0,3.360281e+00,3.564792e+00,2.419661e+01
1.100000e+02,1.560000e+02,0.0,3.436245e+00,5.289191e+00,2.439529e+01
1.120000e+02,1.560000e+02,0.0,3.518210e+00,6.318990e+00,2.476610e+01
1.140000e+02,1.560000e+02,0.0,3.511932e+00,6.537528e+00,2.439278e+01
1.160000e+02,1.560000e+02,0.0,3.493205e+00,6.800665e+00,2.372851e+01
1.180000e+02,1.560000e+02,0.0,3.430326e+00,7.302677e+00,2.288879e+01
1.200000e+02,1.560000e+02,0.0,3.430949e+00,8.035984e+00,2.257867e+01
1.220000e+02,1.560000e+02,0.0,3.496376e+00,9.078239e+00,2.289263e+01
1.240000e+02,1.560000e+02,0.0,3.639033e+00,1.033155e+01,2.389623e+01
1.260000e+02,1.560000e+02,0.0,3.799572e+00,1.178603e+01,2.506413e+01
1.280000e+02,1.560000e+02,0.0,3.853541e+00,1.235563e+01,2.525015e+01
1.300000e+02,1.560000e+02,0.0,3.778812e+00,1.221855e+01,2.406984e+01
1.320000e+02,1.560000e+02,0.0,3.328848e+00,9.888230e+00,1.875828e+01
1.340000e+02,1.560000e+02,0.0,1.946111e+00,3.135310e+00,6.568497e+00
1.360000e+02,1.560000e+02,0.0,1.057478e+00,7.833150e-02,3.104376e-01
1.380000e+02,1.560000e+02,0.0,1.000788e+00,2.307962e-04,2.589637e-03
1.400000e+02,1.560000e+02,0.0,1.000007e+00,1.690190e-06,2.182928e-05
1.420000e+02,1.560000e+02,0.0,1.000000e+00,1.576592e-08,1.442538e-07
1.440000e+02,1.560000e+02,0.0,1.000000e+00,9.254008e-11,4.504811e-10
1.460000e+02,1.560000e+02,0.0,1.000000e+00,2.961948e-13,7.540902e-13
1.480000e+02,1.560000e+02,0.0,1.000000e+00,6.377579e-16,1.144707e-15
1.500000e+02,1.560000e+02,0.0,1.000000e+00,5.769130e-35,-1.635539e-17
1.520000e+02,1.560000e+02,0.0,1.000000e+00,0.000000e+00,0.000000e+00
1.540000e+02,1.560000e+02,0.0,1.000000e+00,0.000000e+00,0.000000e+00
1.560000e+02,1.560000e+02,0.0,1.000000e+00,0.000000e+00,0.000000e+00
1.580000e+02,1.560000e+02,0.0,1.000000e+00,0.000000e+00,0.000000e+00
1.600000e+02,1.560000e+02,0.0,1.000000e+00,0.000000e+00,0.000000e+00
1.620000e+02,1.560000e+02,0.0,1.000000e+00,0.000000e+00,0.000000e+00
1.640000e+02,1.560000e+02,0.0,1.000000e+00,0.000000e+00,0.000000e+00
1.660000e+02,1.560000e+02,0.0,1.000000e+00,0.000000e+00,0.000000e+00
1.680000e+02,1.560000e+02,0.0,1.000000e+00,0.000000e+00,0.000000e+00
1.700000e+02,1.560000e+02,0.0,1.000000e+00,0.000000e+00,0.000000e+00
1.720000e+02,1.560000e+02,0.0,1.000000e+00,0.000000e+00,0.000000e+00
1.740000e+02,1.560000e+02,0.0,1.000000e+00,0.000000e+00,0.000000e+00
1.760000e+02,1.560000e+02,0.0,1.000000e+00,0.000000e+00,0.000000e+00
1.780000e+02,1.560000e+02,0.0,1.000000e+00,0.000000e+00,0.000000e+00
1.800000e+02,1.560000e+02,0.0,1.000000e+00,0.000000e+00,0.000000e+00
1.820000e+02,1.560000e+02,0.0,1.000000e+00,0.000000e+00,0.000000e+00
1.840000e+02,1.560000e+02,0.0,1.000000e+00,0.000000e+00,0.000000e+00
1.860000e+02,1.560000e+02,0.0,1.000000e+00,0.000000e+00,0.000000e+00
1.880000e+02,1.560000e+02,0.0,1.000000e+00,0.000000e+00,0.000000e+00
1.900000e+02,1.560000e+02,0.0,1.000000e+00,0.000000e+00,0.000000e+00
1.920000e+02,1.560000e+02,0.0,1.000000e+00,0.000000e+00,0.000000e+00
1.940000e+02,1.560000e+02,0.0,1.000000e+00,0.000000e+00,0.000000e+00
1.960000e+02,1.560000e+02,0.0,1.000000e+00,0.000000e+00,0.000000e+00
1.980000e+02,1.560000e+02,0.0,1.000000e+00,0.000000e+00,0.000000e+00
2.000000e+02,1.560000e+02,0.0,1.000000e+00,0.000000e+00,0.000000e+00
0.000000e+00,1.580000e+02,0.0,1.000000e+00,0.000000e+00,0.000000e+00
2.000000e+00,1.580000e+02,0.0,1.000000e+00,0.000000e+00,0.000000e+00
4.000000e+00,1.580000e+02,0.0,1.000000e+00,0.000000e+00,0.000000e+00
6.000000e+00,1.580000e+02,0.0,1.000000e+00,0.000000e+00,0.000000e+00
8.000000e+00,1.580000e+02,0.0,1.000000e+00,0.000000e+00,0.000000e+00
1.000000e+01,1.580000e+02,0.0,1.000000e+00,0.000000e+00,0.000000e+00
1.200000e+01,1.580000e+02,0.0,1.000000e+00,0.000000e+00,0.000000e+00
1.400000e+01,1.580000e+02,0.0,1.000000e+00,0.000000e+00,0.000000e+00
1.600000e+01,1.580000e+02,0.0,1.000000e+00,0.000000e+00,0.000000e+00
1.800000e+01,1.580000e+02,0.0,1.000000e+00,0.000000e+00,0.000000e+00
2.000000e+01,1.580000e+02,0.0,1.000000e+00,0.000000e+00,0.000000e+00
2.200000e+01,1.580000e+02,0.0,1.000000e+00,0.000000e+00,0.000000e+00
2.400000e+01,1.580000e+02,0.0,1.000000e+00,0.000000e+00,0.000000e+00
2.600000e+01,1.580000e+02,0.0,1.000000e+00,0.000000e+00,0.000000e+00
2.800000e+01,1.580000e+02,0.0,1.000000e+00,0.000000e+00,0.000000e+00
3.000000e+01,1.580000e+02,0.0,1.000000e+00,0.000000e+00,0.000000e+00
3.200000e+01,1.580000e+02,0.0,1.000000e+00,0.000000e+00,0.000000e+00
3.400000e+01,1.580000e+02,0.0,1.000000e+00,0.000000e+00,0.000000e+00
3.600000e+01,1.580000e+02,0.0,1.000000e+00,0.000000e+00,0.000000e+00
3.800000e+01,1.580000e+02,0.0,1.000000e+00,0.000000e+00,0.000000e+00
4.000000e+01,1.580000e+02,0.0,1.000000e+00,0.000000e+00,0.000000e+00
4.200000e+01,1.580000e+02,0.0,1.000000e+00,0.000000e+00,0.000000e+00
4.400000e+01,1.580000e+02,0.0,1.000000e+00,0.000000e+00,0.000000e+00
4.600000e+01,1.580000e+02,0.0,1.000000e+00,0.000000e+00,0.000000e+00
4.800000e+01,1.580000e+02,0.0,1.000000e+00,0.000000e+00,0.000000e+00
5.000000e+01,1.580000e+02,0.0,1.000000e+00,0.000000e+00,0.000000e+00
5.200000e+01,1.580000e+02,0.0,1.000000e+00,-8.365982e-36,0.000000e+00
5.400000e+01,1.580000e+02,0.0,1.000000e+00,-2.780126e-16,8.176487e-16
5.600000e+01,1.580000e+02,0.0,1.000000e+00,-9.675744e-14,4.317753e-13
5.800000e+01,1.580000e+02,0.0,1.000000e+00,-1.736042e-11,1.442942e-10
6.000000e+01,1.580000e+02,0.0,1.000000e+00,-2.235157e-09,2.222008e-08
6.200000e+01,1.580000e+02,0.0,1.000001e+00,-2.593368e-07,2.061529e-06
6.400000e+01,1.580000e+02,0.0,1.000083e+00,-3.126436e-05,2.429888e-04
6.600000e+01,1.580000e+02,0.0,1.008948e+00,-7.605297e-03,3.762442e-02
6.800000e+01,1.580000e+02,0.0,1.382225e+00,-9.122032e-01,2.537038e+00
7.000000e+01,1.580000e+02,0.0,2.651826e+00,-5.184527e+00,1.315817e+01
7.200000e+01,1.580000e+02,0.0,3.519615e+00,-9.259984e+00,2.167804e+01
7.400000e+01,1.580000e+02,0.0,3.716847e+00,-1.007766e+01,2.416928e+01
7.600000e+01,1.580000e+02,0.0,3.650398e+00,-9.468195e+00,2.374099e+01
7.800000e+01,1.580000e+02,0.0,3.520630e+00,-8.482728e+00,2.265521e+01
8.000000e+01,1.580000e+02,0.0,3.477388e+00,-7.738735e+00,2.216210e+01
8.200000e+01,1.580000e+02,0.0,3.494200e+00,-7.146724e+00,2.231395e+01
8.400000e+01,1.580000e+02,0.0,3.578956e+00,-6.472258e+00,2.323519e+01
8.600000e+01,1.580000e+02,0.0,3.609450e+00,-5.908371e+00,2.433439e+01
8.800000e+01,1.580000e+02,0.0,3.613295e+00,-5.606743e+00,2.480822e+01
9.000000e+01,1.580000e+02,0.0,3.504587e+00,-4.612777e+00,2.453586e+01
9.200000e+01,1.580000e+02,0.0,3.389598e+00,-3.150275e+00,2.423229e+01
9.400000e+01,1.580000e+02,0.0,3.516094e+00,-1.789786e+00,2.551755e+01
9.600000e+01,1.580000e+02,0.0,3.740114e+00,-8.746513e-01,2.736690e+01
9.800000e+01,1.580000e+02,0.0,3.966065e+00,-3.109496e-02,2.838173e+01
1.000000e+02,1.580000e+02,0.0,3.972457e+00,-3.664619e-15,2.861897e+01
1.020000e+02,1.580000e+02,0.0,3.966065e+00,3.109496e-02,2.838173e+01
1.040000e+02,1.580000e+02,0.0,3.740114e+00,8.746513e-01,2.736690e+01
1.060000e+02,1.580000e+02,0.0,3.516094e+00,1.789786e+00,2.551755e+01
1.080000e+02,1.580000e+02,0.0,3.389598e+00,3.150275e+00,2.423229e+01
1.100000e+02,1.580000e+02,0.0,3.504587e+00,4.612777e+00,2.453586e+01
1.120000e+02,1.580000e+02,0.0,3.613295e+00,5.606743e+00,2.480822e+01
1.140000e+02,1.580000e+02,0.0,3.609450e+00,5.908371e+00,2.433439e+01
1.160000e+02,1.580000e+02,0.0,3.578956e+00,6.472258e+00,2.323519e+01
1.180000e+02,1.580000e+02,0.0,3.494200e+00,7.146724e+00,2.231395e+01
1.200000e+02,1.580000e+02,0.0,3.477388e+00,7.738735e+00,2.216210e+01
1.220000e+02,1.580000e+02,0.0,3.520630e+00,8.482728e+00,2.265521e+01
1.240000e+02,1.580000e+02,0.0,3.650398e+00,9.468195e+00,2.374099e+01
1.260000e+02,1.580000e+02,0.0,3.716847e+00,1.007766e+01,2.416928e+01
1.280000e+02,1.580000e+02,0.0,3.519615e+00,9.259984e+00,2.167804e+01
1.300000e+02,1.580000e+02,0.0,2.651826e+00,5.184527e+00,1.315817e+01
1.320000e+02,1.580000e+02,0.0,1.382225e+00,9.122032e-01,2.537038e+00
1.340000e+02,1.580000e+02,0.0,1.008948e+00,7.605297e-03,3.762442e-02
1.360000e+02,1.580000e+02,0.0,1.000083e+00,3.126436e-05,2.429888e-04
1.380000e+02,1.580000e+02,0.0,1.000001e+00,2.593368e-07,2.061529e-06
1.400000e+02,1.580000e+02,0.0,1.000000e+00,2.235157e-09,2.222008e-08
1.420000e+02,1.580000e+02,0.0,1.000000e+00,1.736042e-11,1.442942e-10
1.440000e+02,1.580000e+02,0.0,1.000000e+00,9.675744e-14,4.317753e-13
1.460000e+02,1.580000e+02,0.0,1.000000e+00,2.780126e-16,8.176487e-16
1.480000e+02,1.580000e+02,0.0,1.000000e+00,8.365982e-36,0.000000e+00
1.500000e+02,1.580000e+02,0.0,1.000000e+00,0.000000e+00,0.000000e+00
1.520000e+02,1.580000e+02,0.0,1.000000e+00,0.000000e+00,0.000000e+00
1.540000e+02,1.580000e+02,0.0,1.000000e+00,0.000000e+00,0.000000e+00
1.560000e+02,1.580000e+02,0.0,1.000000e+00,0.000000e+00,0.000000e+00
1.580000e+02,1.580000e+02,0.0,1.000000e+00,0.000000e+00,0.000000e+00
1.600000e+02,1.580000e+02,0.0,1.000000e+00,0.000000e+00,0.000000e+00
1.620000e+02,1.580000e+02,0.0,1.000000e+00,0.000000e+00,0.000000e+00
1.640000e+02,1.580000e+02,0.0,1.000000e+00,0.000000e+00,0.000000e+00
1.660000e+02,1.580000e+02,0.0,1.000000e+00,0.000000e+00,0.000000e+00
1.680000e+02,1.580000e+02,0.0,1.000000e+00,0.000000e+00,0.000000e+00
1.700000e+02,1.580000e+02,0.0,1.000000e+00,0.000000e+00,0.000000e+00
1.720000e+02,1.580000e+02,0.0,1.000000e+00,0.000000e+00,0.000000e+00
1.740000e+02,1.580000e+02,0.0,1.000000e+00,0.000000e+00,0.000000e+00
1.760000e+02,1.580000e+02,0.0,1.000000e+00,0.000000e+00,0.000000e+00
1.780000e+02,1.580000e+02,0.0,1.000000e+00,0.000000e+00,0.000000e+00
1.800000e+02,1.580000e+02,0.0,1.000000e+00,0.000000e+00,0.000000e+00
1.820000e+02,1.580000e+02,0.0,1.000000e+00,0.000000e+00,0.000000e+00
1.840000e+02,1.580000e+02,0.0,1.000000e+00,0.000000e+00,0.000000e+00
1.860000e+02,1.580000e+02,0.0,1.000000e+00,0.000000e+00,0.000000e+00
1.880000e+02,1.580000e+02,0.0,1.000000e+00,0.000000e+00,0.000000e+00
1.900000e+02,1.580000e+02,0.0,1.000000e+00,0.000000e+00,0.000000e+00
1.920000e+02,1.580000e+02,0.0,1.000000e+00,0.000000e+00,0.000000e+00
1.940000e+02,1.580000e+02,0.0,1.000000e+00,0.000000e+00,0.000000e+00
1.960000e+02,1.580000e+02,0.0,1.000000e+00,0.000000e+00,0.000000e+00
1.980000e+02,1.580000e+02,0.0,1.000000e+00,0.000000e+00,0.000000e+00
2.000000e+02,1.580000e+02,0.0,1.000000e+00,0.000000e+00,0.000000e+00
0.000000e+00,1.600000e+02,0.0,1.000000e+00,0.000000e+00,0.000000e+00
2.000000e+00,1.600000e+02,0.0,1.000000e+00,0.000000e+00,0.000000e+00
4.000000e+00,1.600000e+02,0.0,1.000000e+00,0.000000e+00,0.000000e+00
6.000000e+00,1.600000e+02,0.0,1.000000e+00,0.000000e+00,0.000000e+00
8.000000e+00,1.600000e+02,0.0,1.000000e+00,0.000000e+00,0.000000e+00
1.000000e+01,1.600000e+02,0.0,1.000000e+00,0.000000e+00,0.000000e+00
1.200000e+01,1.600000e+02,0.0,1.000000e+00,0.000000e+00,0.000000e+00
1.400000e+01,1.600000e+02,0.0,1.000000e+00,0.000000e+00,0.000000e+00
1.600000e+01,1.600000e+02,0.0,1.000000e+00,0.000000e+00,0.000000e+00
1.800000e+01,1.600000e+02,0.0,1.000000e+00,0.000000e+00,0.000000e+00
2.000000e+01,1.600000e+02,0.0,1.000000e+00,0.000000e+00,0.000000e+00
2.200000e+01,1.600000e+02,0.0,1.000000e+00,0.000000e+00,0.000000e+00
2.400000e+01,1.600000e+02,0.0,1.000000e+00,0.000000e+00,0.000000e+00
2.600000e+01,1.600000e+02,0.0,1.000000e+00,0.000000e+00,0.000000e+00
2.800000e+01,1.600000e+02,0.0,1.000000e+00,0.000000e+00,0.000000e+00
3.000000e+01,1.600000e+02,0.0,1.000000e+00,0.000000e+00,0.000000e+00
3.200000e+01,1.600000e+02,0.0,1.000000e+00,0.000000e+00,0.000000e+00
3.400000e+01,1.600000e+02,0.0,1.000000e+00,0.000000e+00,0.000000e+00
3.600000e+01,1.600000e+02,0.0,1.000000e+00,0.000000e+00,0.000000e+00
3.800000e+01,1.600000e+02,0.0,1.000000e+00,0.000000e+00,0.000000e+00
4.000000e+01,1.600000e+02,0.0,1.000000e+00,0.000000e+00,0.000000e+00
4.200000e+01,1.600000e+02,0.0,1.000000e+00,0.000000e+00,0.000000e+00
4.400000e+01,1.600000e+02,0.0,1.000000e+00,0.000000e+00,0.000000e+00
4.600000e+01,1.600000e+02,0.0,1.000000e+00,0.000000e+00,0.000000e+00
4.800000e+01,1.600000e+02,0.0,1.000000e+00,0.000000e+00,0.000000e+00
5.000000e+01,1.600000e+02,0.0,1.000000e+00,0.000000e+00,0.000000e+00
5.200000e+01,1.600000e+02,0.0,1.000000e+00,0.000000e+00,0.000000e+00
5.400000e+01,1.600000e+02,0.0,1.000000e+00,-2.127612e-36,0.000000e+00
5.600000e+01,1.600000e+02,0.0,1.000000e+00,-9.812179e-17,4.415246e-16
5.800000e+01,1.600000e+02,0.0,1.000000e+00,-2.008091e-14,1.478747e-13
6.000000e+01,1.600000e+02,0.0,1.000000e+00,-2.644490e-12,2.478311e-11
6.200000e+01,1.600000e+02,0.0,1.000000e+00,-3.013961e-10,2.974692e-09
6.400000e+01,1.600000e+02,0.0,1.000000e+00,-3.445243e-08,3.420507e-07
6.600000e+01,1.600000e+02,0.0,1.000015e+00,-3.607684e-06,4.380103e-05
6.800000e+01,1.600000e+02,0.0,1.001588e+00,-4.512974e-04,5.668979e-03
7.000000e+01,1.600000e+02,0.0,1.073078e+00,-7.435756e-02,4.380357e-01
7.200000e+01,1.600000e+02,0.0,1.589764e+00,-1.271468e+00,4.263954e+00
7.400000e+01,1.600000e+02,0.0,2.519757e+00,-3.902707e+00,1.215173e+01
7.600000e+01,1.600000e+02,0.0,3.140448e+00,-6.066362e+00,1.808910e+01
7.800000e+01,1.600000e+02,0.0,3.336672e+00,-6.310083e+00,2.035637e+01
8.000000e+01,1.600000e+02,0.0,3.397543e+00,-6.039006e+00,2.083029e+01
8.200000e+01,1.600000e+02,0.0,3.460046e+00,-5.986948e+00,2.126317e+01
8.400000e+01,1.600000e+02,0.0,3.573212e+00,-5.813990e+00,2.216181e+01
8.600000e+01,1.600000e+02,0.0,3.643848e+00,-5.382839e+00,2.379783e+01
8.800000e+01,1.600000e+02,0.0,3.647891e+00,-4.747184e+00,2.457552e+01
9.000000e+01,1.600000e+02,0.0,3.553821e+00,-3.938241e+00,2.474294e+01
9.200000e+01,1.600000e+02,0.0,3.470219e+00,-2.658731e+00,2.476846e+01
9.400000e+01,1.600000e+02,0.0,3.598455e+00,-1.437416e+00,2.630076e+01
9.600000e+01,1.600000e+02,0.0,3.759709e+00,-8.764045e-01,2.762506e+01
9.800000e+01,1.600000e+02,0.0,3.993870e+00,-2.336062e-01,2.794107e+01
1.000000e+02,1.600000e+02,0.0,3.985043e+00,-6.432466e-17,2.844789e+01
1.020000e+02,1.600000e+02,0.0,3.993870e+00,2.336062e-01,2.794107e+01
1.040000e+02,1.600000e+02,0.0,3.759709e+00,8.764045e-01,2.762506e+01
1.060000e+02,1.600000e+02,0.0,3.598455e+00,1.437416e+00,2.630076e+01
1.080000e+02,1.600000e+02,0.0,3.470219e+00,2.658731e+00,2.476846e+01
1.100000e+02,1.600000e+02,0.0,3.553821e+00,3.938241e+00,2.474294e+01
1.120000e+02,1.600000e+02,0.0,3.647891e+00,4.747184e+00,2.457552e+01
1.140000e+02,1.600000e+02,0.0,3.643848e+00,5.382839e+00,2.379783e+01
1.160000e+02,1.600000e+02,0.0,3.573212e+00,5.813990e+00,2.216181e+01
1.180000e+02,1.600000e+02,0.0,3.460046e+00,5.986948e+00,2.126317e+01
1.200000e+02,1.600000e+02,0.0,3.397543e+00,6.039006e+00,2.083029e+01
1.220000e+02,1.600000e+02,0.0,3.336672e+00,6.310083e+00,2.035637e+01
1.240000e+02,1.600000e+02,0.0,3.140448e+00,6.066362e+00,1.808910e+01
1.260000e+02,1.600000e+02,0.0,2.519757e+00,3.902707e+00,1.215173e+01
1.280000e+02,1.600000e+02,0.0,1.589764e+00,1.271468e+00,4.263954e+00
1.300000e+02,1.600000e+02,0.0,1.073078e+00,7.435756e-02,4.380357e-01
1.320000e+02,1.600000e+02,0.0,1.001588e+00,4.512974e-04,5.668979e-03
1.340000e+02,1.600000e+02,0.0,1.000015e+00,3.607684e-06,4.380103e-05
1.360000e+02,1.600000e+02,0.0,1.000000e+00,3.445243e-08,3.420507e-07
1.380000e+02,1.600000e+02,0.0,1.000000e+00,3.013961e-10,2.974692e-09
1.400000e+02,1.600000e+02,0.0,1.000000e+00,2.644490e-12,2.478311e-11
1.420000e+02,1.600000e+02,0.0,1.000000e+00,2.008091e-14,1.478747e-13
1.440000e+02,1.600000e+02,0.0,1.000000e+00,9.812179e-17,4.415246e-16
1.460000e+02,1.600000e+02,0.0,1.000000e+00,2.127612e-36,0.000000e+00
1.480000e+02,1.600000e+02,0.0,1.000000e+00,0.000000e+00,0.000000e+00
1.500000e+02,1.600000e+02,0.0,1.000000e+00,0.000000e+00,0.000000e+00
1.520000e+02,1.600000e+02,0.0,1.000000e+00,0.000000e+00,0.000000e+00
1.540000e+02,1.600000e+02,0.0,1.000000e+00,0.000000e+00,0.000000e+00
1.560000e+02,1.600000e+02,0.0,1.000000e+00,0.000000e+00,0.000000e+00
1.580000e+02,1.600000e+02,0.0,1.000000e+00,0.000000e+00,0.000000e+00
1.600000e+02,1.600000e+02,0.0,1.000000e+00,0.000000e+00,0.000000e+00
1.620000e+02,1.600000e+02,0.0,1.000000e+00,0.000000e+00,0.000000e+00
1.640000e+02,1.600000e+02,0.0,1.000000e+00,0.000000e+00,0.000000e+00
1.660000e+02,1.600000e+02,0.0,1.000000e+00,0.000000e+00,0.000000e+00
1.680000e+02,1.600000e+02,0.0,1.000000e+00,0.000000e+00,0.000000e+00
1.700000e+02,1.600000e+02,0.0,1.000000e+00,0.000000e+00,0.000000e+00
1.720000e+02,1.600000e+02,0.0,1.000000e+00,0.000000e+00,0.000000e+00
1.740000e+02,1.600000e+02,0.0,1.000000e+00,0.000000e+00,0.000000e+00
1.760000e+02,1.600000e+02,0.0,1.000000e+00,0.000000e+00,0.000000e+00
1.780000e+02,1.600000e+02,0.0,1.000000e+00,0.000000e+00,0.000000e+00
1.800000e+02,1.600000e+02,0.0,1.000000e+00,0.000000e+00,0.000000e+00
1.820000e+02,1.600000e+02,0.0,1.000000e+00,0.000000e+00,0.000000e+00
1.840000e+02,1.600000e+02,0.0,1.000000e+00,0.000000e+00,0.000000e+00
1.860000e+02,1.600000e+02,0.0,1.000000e+00,0.000000e+00,0.000000e+00
1.880000e+02,1.600000e+02,0.0,1.000000e+00,0.000000e+00,0.000000e+00
1.900000e+02,1.600000e+02,0.0,1.000000e+00,0.000000e+00,0.000000e+00
1.920000e+02,1.600000e+02,0.0,1.000000e+00,0.000000e+00,0.000000e+00
1.940000e+02,1.600000e+02,0.0,1.000000e+00,0.000000e+00,0.000000e+00
1.960000e+02,1.600000e+02,0.0,1.000000e+00,0.000000e+00,0.000000e+00
1.980000e+02,1.600000e+02,0.0,1.000000e+00,0.000000e+00,0.000000e+00
2.000000e+02,1.600000e+02,0.0,1.000000e+00,0.000000e+00,0.000000e+00
0.000000e+00,1.620000e+02,0.0,1.000000e+00,0.000000e+00,0.000000e+00
2.000000e+00,1.620000e+02,0.0,1.000000e+00,0.000000e+00,0.000000e+00
4.000000e+00,1.620000e+02,0.0,1.000000e+00,0.000000e+00,0.000000e+00
6.000000e+00,1.620000e+02,0.0,1.000000e+00,0.000000e+00,0.000000e+00
8.000000e+00,1.620000e+02,0.0,1.000000e+00,0.000000e+00,0.000000e+00
1.000000e+01,1.620000e+02,0.0,1.000000e+00,0.000000e+00,0.000000e+00
1.200000e+01,1.620000e+02,0.0,1.000000e+00,0.000000e+00,0.000000e+00
1.400000e+01,1.620000e+02,0.0,1.000000e+00,0.000000e+00,0.000000e+00
1.600000e+01,1.620000e+02,0.0,1.000000e+00,0.000000e+00,0.000000e+00
1.800000e+01,1.620000e+02,0.0,1.000000e+00,0.000000e+00,0.000000e+00
2.000000e+01,1.620000e+02,0.0,1.000000e+00,0.000000e+00,0.000000e+00
2.200000e+01,1.620000e+02,0.0,1.000000e+00,0.000000e+00,0.000000e+00
2.400000e+01,1.620000e+02,0.0,1.000000e+00,0.000000e+00,0.000000e+00
2.600000e+01,1.620000e+02,0.0,1.000000e+00,0.000000e+00,0.000000e+00
2.800000e+01,1.620000e+02,0.0,1.000000e+00,0.000000e+00,0.000000e+00
3.000000e+01,1.620000e+02,0.0,1.000000e+00,0.000000e+00,0.000000e+00
3.200000e+01,1.620000e+02,0.0,1.000000e+00,0.000000e+00,0.000000e+00
3.400000e+01,1.620000e+02,0.0,1.000000e+00,0.000000e+00,0.000000e+00
3.600000e+01,1.620000e+02,0.0,1.000000e+00,0.000000e+00,0.000000e+00
3.800000e+01,1.620000e+02,0.0,1.000000e+00,0.000000e+00,0.000000e+00
4.000000e+01,1.620000e+02,0.0,1.000000e+00,0.000000e+00,0.000000e+00
4.200000e+01,1.620000e+02,0.0,1.000000e+00,0.000000e+00,0.000000e+00
4.400000e+01,1.620000e+02,0.0,1.000000e+00,0.000000e+00,0.000000e+00
4.600000e+01,1.620000e+02,0.0,1.000000e+00,0.000000e+00,0.000000e+00
4.800000e+01,1.620000e+02,0.0,1.000000e+00,0.000000e+00,0.000000e+00
5.000000e+01,1.620000e+02,0.0,1.000000e+00,0.000000e+00,0.000000e+00
5.200000e+01,1.620000e+02,0.0,1.000000e+00,0.000000e+00,0.000000e+00
5.400000e+01,1.620000e+02,0.0,1.000000e+00,0.000000e+00,0.000000e+00
5.600000e+01,1.620000e+02,0.0,1.000000e+00,-4.255013e-37,0.000000e+00
5.800000e+01,1.620000e+02,0.0,1.000000e+00,-1.635539e-17,1.798700e-16
6.000000e+01,1.620000e+02,0.0,1.000000e+00,-2.861687e-15,2.931996e-14
6.200000e+01,1.620000e+02,0.0,1.000000e+00,-3.383753e-13,3.530742e-12
6.400000e+01,1.620000e+02,0.0,1.000000e+00,-3.718783e-11,3.964896e-10
6.600000e+01,1.620000e+02,0.0,1.000000e+00,-4.078616e-09,4.581498e-08
6.800000e+01,1.620000e+02,0.0,1.000002e+00,-3.764707e-07,4.721106e-06
7.000000e+01,1.620000e+02,0.0,1.000108e+00,-1.925098e-05,3.397280e-04
7.200000e+01,1.620000e+02,0.0,1.003794e+00,-1.218742e-03,1.521030e-02
7.400000e+01,1.620000e+02,0.0,1.053070e+00,-4.500518e-02,3.056101e-01
7.600000e+01,1.620000e+02,0.0,1.380777e+00,-5.685210e-01,2.563316e+00
7.800000e+01,1.620000e+02,0.0,1.922291e+00,-1.495003e+00,6.822787e+00
8.000000e+01,1.620000e+02,0.0,2.367723e+00,-2.146463e+00,1.059285e+01
8.200000e+01,1.620000e+02,0.0,2.692062e+00,-2.633392e+00,1.347606e+01
8.400000e+01,1.620000e+02,0.0,3.027520e+00,-3.593729e+00,1.628840e+01
8.600000e+01,1.620000e+02,0.0,3.387848e+00,-4.551922e+00,2.029303e+01
8.800000e+01,1.620000e+02,0.0,3.543261e+00,-4.380651e+00,2.270058e+01
9.000000e+01,1.620000e+02,0.0,3.560949e+00,-3.624061e+00,2.424260e+01
9.200000e+01,1.620000e+02,0.0,3.525560e+00,-2.273621e+00,2.487158e+01
9.400000e+01,1.620000e+02,0.0,3.614710e+00,-7.523508e-01,2.618246e+01
9.600000e+01,1.620000e+02,0.0,3.721570e+00,-7.537284e-02,2.720259e+01
9.800000e+01,1.620000e+02,0.0,3.917522e+00,1.814467e-01,2.652165e+01
1.000000e+02,1.620000e+02,0.0,3.917839e+00,3.391326e-16,2.744510e+01
1.020000e+02,1.620000e+02,0.0,3.917522e+00,-1.814467e-01,2.652165e+01
1.040000e+02,1.620000e+02,0.0,3.721570e+00,7.537284e-02,2.720259e+01
1.060000e+02,1.620000e+02,0.0,3.614710e+00,7.523508e-01,2.618246e+01
1.080000e+02,1.620000e+02,0.0,3.525560e+00,2.273621e+00,2.487158e+01
1.100000e+02,1.620000e+02,0.0,3.560949e+00,3.624061e+00,2.424260e+01
1.120000e+02,1.620000e+02,0.0,3.543261e+00,4.380651e+00,2.270058e+01
1.140000e+02,1.620000e+02,0.0,3.387848e+00,4.551922e+00,2.029303e+01
1.160000e+02,1.620000e+02,0.0,3.027520e+00,3.593729e+00,1.628840e+01
1.180000e+02,1.620000e+02,0.0,2.692062e+00,2.633392e+00,1.347606e+01
1.200000e+02,1.620000e+02,0.0,2.367723e+00,2.146463e+00,1.059285e+01
1.220000e+02,1.620000e+02,0.0,1.922291e+00,1.495003e+00,6.822787e+00
1.240000e+02,1.620000e+02,0.0,1.380777e+00,5.685210e-01,2.563316e+00
1.260000e+02,1.620000e+02,0.0,1.053070e+00,4.500518e-02,3.056101e-01
1.280000e+02,1.620000e+02,0.0,1.003794e+00,1.218742e-03,1.521030e-02
1.300000e+02,1.620000e+02,0.0,1.000108e+00,1.925098e-05,3.397280e-04
1.320000e+02,1.620000e+02,0.0,1.000002e+00,3.764707e-07,4.721106e-06
1.340000e+02,1.620000e+02,0.0,1.000000e+00,4.078616e-09,4.581498e-08
1.360000e+02,1.620000e+02,0.0,1.000000e+00,3.718783e-11,3.964896e-10
1.380000e+02,1.620000e+02,0.0,1.000000e+00,3.383753e-13,3.530742e-12
1.400000e+02,1.620000e+02,0.0,1.000000e+00,2.861687e-15,2.931996e-14
1.420000e+02,1.620000e+02,0.0,1.000000e+00,1.635539e-17,1.798700e-16
1.440000e+02,1.620000e+02,0.0,1.000000e+00,4.255013e-37,0.000000e+00
1.460000e+02,1.620000e+02,0.0,1.000000e+00,0.000000e+00,0.000000e+00
1.480000e+02,1.620000e+02,0.0,1.000000e+00,0.000000e+00,0.000000e+00
1.500000e+02,1.620000e+02,0.0,1.000000e+00,0.000000e+00,0.000000e+00
1.520000e+02,1.620000e+02,0.0,1.000000e+00,0.000000e+00,0.000000e+00
1.540000e+02,1.620000e+02,0.0,1.000000e+00,0.000000e+00,0.000000e+00
1.560000e+02,1.620000e+02,0.0,1.000000e+00,0.000000e+00,0.000000e+00
1.580000e+02,1.620000e+02,0.0,1.000000e+00,0.000000e+00,0.000000e+00
1.600000e+02,1.620000e+02,0.0,1.000000e+00,0.000000e+00,0.000000e+00
1.620000e+02,1.620000e+02,0.0,1.000000e+00,0.000000e+00,0.000000e+00
1.640000e+02,1.620000e+02,0.0,1.000000e+00,0.000000e+00,0.000000e+00
1.660000e+02,1.620000e+02,0.0,1.000000e+00,0.000000e+00,0.000000e+00
1.680000e+02,1.620000e+02,0.0,1.000000e+00,0.000000e+00,0.000000e+00
1.700000e+02,1.620000e+02,0.0,1.000000e+00,0.000000e+00,0.000000e+00
1.720000e+02,1.620000e+02,0.0,1.000000e+00,0.000000e+00,0.000000e+00
1.740000e+02,1.620000e+02,0.0,1.000000e+00,0.000000e+00,0.000000e+00
1.760000e+02,1.620000e+02,0.0,1.000000e+00,0.000000e+00,0.000000e+00
1.780000e+02,1.620000e+02,0.0,1.000000e+00,0.000000e+00,0.000000e+00
1.800000e+02,1.620000e+02,0.0,1.000000e+00,0.000000e+00,0.000000e+00
1.820000e+02,1.620000e+02,0.0,1.000000e+00,0.000000e+00,0.000000e+00
1.840000e+02,1.620000e+02,0.0,1.000000e+00,0.000000e+00,0.000000e+00
1.860000e+02,1.620000e+02,0.0,1.000000e+00,0.000000e+00,0.000000e+00
1.880000e+02,1.620000e+02,0.0,1.000000e+00,0.000000e+00,0.000000e+00
1.900000e+02,1.620000e+02,0.0,1.000000e+00,0.000000e+00,0.000000e+00
1.920000e+02,1.620000e+02,0.0,1.000000e+00,0.000000e+00,0.000000e+00
1.940000e+02,1.620000e+02,0.0,1.000000e+00,0.000000e+00,0.000000e+00
1.960000e+02,1.620000e+02,0.0,1.000000e+00,0.000000e+00,0.000000e+00
1.980000e+02,1.620000e+02,0.0,1.000000e+00,0.000000e+00,0.000000e+00
2.000000e+02,1.620000e+02,0.0,1.000000e+00,0.000000e+00,0.000000e+00
0.000000e+00,1.640000e+02,0.0,1.000000e+00,0.000000e+00,0.000000e+00
2.000000e+00,1.640000e+02,0.0,1.000000e+00,0.000000e+00,0.000000e+00
4.000000e+00,1.640000e+02,0.0,1.000000e+00,0.000000e+00,0.000000e+00
6.000000e+00,1.640000e+02,0.0,1.000000e+00,0.000000e+00,0.000000e+00
8.000000e+00,1.640000e+02,0.0,1.000000e+00,0.000000e+00,0.000000e+00
1.000000e+01,1.640000e+02,0.0,1.000000e+00,0.000000e+00,0.000000e+00
1.200000e+01,1.640000e+02,0.0,1.000000e+00,0.000000e+00,0.000000e+00
1.400000e+01,1.640000e+02,0.0,1.000000e+00,0.000000e+00,0.000000e+00
1.600000e+01,1.640000e+02,0.0,1.000000e+00,0.000000e+00,0.000000e+00
1.800000e+01,1.640000e+02,0.0,1.000000e+00,0.000000e+00,0.000000e+00
2.000000e+01,1.640000e+02,0.0,1.000000e+00,0.000000e+00,0.000000e+00
2.200000e+01,1.640000e+02,0.0,1.000000e+00,0.000000e+00,0.000000e+00
2.400000e+01,1.640000e+02,0.0,1.000000e+00,0.000000e+00,0.000000e+00
2.600000e+01,1.640000e+02,0.0,1.000000e+00,0.000000e+00,0.000000e+00
2.800000e+01,1.640000e+02,0.0,1.000000e+00,0.000000e+00,0.000000e+00
3.000000e+01,1.640000e+02,0.0,1.000000e+00,0.000000e+00,0.000000e+00
3.200000e+01,1.640000e+02,0.0,1.000000e+00,0.000000e+00,0.000000e+00
3.400000e+01,1.640000e+02,0.0,1.000000e+00,0.000000e+00,0.000000e+00
3.600000e+01,1.640000e+02,0.0,1.000000e+00,0.000000e+00,0.000000e+00
3.800000e+01,1.640000e+02,0.0,1.000000e+00,0.000000e+00,0.000000e+00
4.000000e+01,1.640000e+02,0.0,1.000000e+00,0.000000e+00,0.000000e+00
4.200000e+01,1.640000e+02,0.0,1.000000e+00,0.000000e+00,0.000000e+00
4.400000e+01,1.640000e+02,0.0,1.000000e+00,0.000000e+00,0.000000e+00
4.600000e+01,1.640000e+02,0.0,1.000000e+00,0.000000e+00,0.000000e+00
4.800000e+01,1.640000e+02,0.0,1.000000e+00,0.000000e+00,0.000000e+00
5.000000e+01,1.640000e+02,0.0,1.000000e+00,0.000000e+00,0.000000e+00
5.200000e+01,1.640000e+02,0.0,1.000000e+00,0.000000e+00,0.000000e+00
5.400000e+01,1.640000e+02,0.0,1.000000e+00,0.000000e+00,0.000000e+00
5.600000e+01,1.640000e+02,0.0,1.000000e+00,0.000000e+00,0.000000e+00
5.800000e+01,1.640000e+02,0.0,1.000000e+00,-6.103355e-53,0.000000e+00
6.000000e+01,1.640000e+02,0.0,1.000000e+00,-2.583328e-33,4.905562e-17
6.200000e+01,1.640000e+02,0.0,1.000000e+00,-3.107416e-16,3.875494e-15
6.400000e+01,1.640000e+02,0.0,1.000000e+00,-4.632587e-14,4.415398e-13
6.600000e+01,1.640000e+02,0.0,1.000000e+00,-4.955936e-12,4.830268e-11
6.800000e+01,1.640000e+02,0.0,1.000000e+00,-4.433760e-10,5.438077e-09
7.000000e+01,1.640000e+02,0.0,1.000000e+00,-2.062895e-08,4.843347e-07
7.200000e+01,1.640000e+02,0.0,1.000005e+00,-5.711324e-07,1.505058e-05
7.400000e+01,1.640000e+02,0.0,1.000101e+00,-1.503852e-05,3.205876e-04
7.600000e+01,1.640000e+02,0.0,1.001904e+00,-3.653653e-04,7.043277e-03
7.800000e+01,1.640000e+02,0.0,1.012905e+00,-5.776042e-03,5.974289e-02
8.000000e+01,1.640000e+02,0.0,1.068765e+00,-3.504140e-02,3.926227e-01
8.200000e+01,1.640000e+02,0.0,1.210208e+00,-1.205202e-01,1.335884e+00
8.400000e+01,1.640000e+02,0.0,1.383378e+00,-3.313102e-01,2.545785e+00
8.600000e+01,1.640000e+02,0.0,1.800180e+00,-1.041182e+00,5.700969e+00
8.800000e+01,1.640000e+02,0.0,2.398330e+00,-2.134409e+00,1.084225e+01
9.000000e+01,1.640000e+02,0.0,2.939933e+00,-2.495084e+00,1.670964e+01
9.200000e+01,1.640000e+02,0.0,3.219248e+00,-1.674696e+00,2.061741e+01
9.400000e+01,1.640000e+02,0.0,3.344337e+00,-2.347986e-01,2.202457e+01
9.600000e+01,1.640000e+02,0.0,3.240840e+00,1.042174e+00,2.113224e+01
9.800000e+01,1.640000e+02,0.0,3.025841e+00,7.757878e-01,1.689448e+01
1.000000e+02,1.640000e+02,0.0,3.048561e+00,2.799358e-16,1.796152e+01
1.020000e+02,1.640000e+02,0.0,3.025841e+00,-7.757878e-01,1.689448e+01
1.040000e+02,1.640000e+02,0.0,3.240840e+00,-1.042174e+00,2.113224e+01
1.060000e+02,1.640000e+02,0.0,3.344337e+00,2.347986e-01,2.202457e+01
1.080000e+02,1.640000e+02,0.0,3.219248e+00,1.674696e+00,2.061741e+01
1.100000e+02,1.640000e+02,0.0,2.939933e+00,2.495084e+00,1.670964e+01
1.120000e+02,1.640000e+02,0.0,2.398330e+00,2.134409e+00,1.084225e+01
1.140000e+02,1.640000e+02,0.0,1.800180e+00,1.041182e+00,5.700969e+00
1.160000e+02,1.640000e+02,0.0,1.383378e+00,3.313102e-01,2.545785e+00
1.180000e+02,1.640000e+02,0.0,1.210208e+00,1.205202e-01,1.335884e+00
1.200000e+02,1.640000e+02,0.0,1.068765e+00,3.504140e-02,3.926227e-01
1.220000e+02,1.640000e+02,0.0,1.012905e+00,5.776042e-03,5.974289e-02
1.240000e+02,1.640000e+02,0.0,1.001904e+00,3.653653e-04,7.043277e-03
1.260000e+02,1.640000e+02,0.0,1.000101e+00,1.503852e-05,3.205876e-04
1.280000e+02,1.640000e+02,0.0,1.000005e+00,5.711324e-07,1.505058e-05
1.300000e+02,1.640000e+02,0.0,1.000000e+00,2.062895e-08,4.843347e-07
1.320000e+02,1.640000e+02,0.0,1.000000e+00,4.433760e-10,5.438077e-09
1.340000e+02,1.640000e+02,0.0,1.000000e+00,4.955936e-12,4.830268e-11
1.360000e+02,1.640000e+02,0.0,1.000000e+00,4.632587e-14,4.415398e-13
1.380000e+02,1.640000e+02,0.0,1.000000e+00,3.107416e-16,3.875494e-15
1.400000e+02,1.640000e+02,0.0,1.000000e+00,2.583328e-33,4.905562e-17
1.420000e+02,1.640000e+02,0.0,1.000000e+00,6.103355e-53,0.000000e+00
1.440000e+02,1.640000e+02,0.0,1.000000e+00,0.000000e+00,0.000000e+00
1.460000e+02,1.640000e+02,0.0,1.000000e+00,0.000000e+00,0.000000e+00
1.480000e+02,1.640000e+02,0.0,1.000000e+00,0.000000e+00,0.000000e+00
1.500000e+02,1.640000e+02,0.0,1.000000e+00,0.000000e+00,0.000000e+00
1.520000e+02,1.640000e+02,0.0,1.000000e+00,0.000000e+00,0.000000e+00
1.540000e+02,1.640000e+02,0.0,1.000000e+00,0.000000e+00,0.000000e+00
1.560000e+02,1.640000e+02,0.0,1.000000e+00,0.000000e+00,0.000000e+00
1.580000e+02,1.640000e+02,0.0,1.000000e+00,0.000000e+00,0.000000e+00
1.600000e+02,1.640000e+02,0.0,1.000000e+00,0.000000e+00,0.000000e+00
1.620000e+02,1.640000e+02,0.0,1.000000e+00,0.000000e+00,0.000000e+00
1.640000e+02,1.640000e+02,0.0,1.000000e+00,0.000000e+00,0.000000e+00
1.660000e+02,1.640000e+02,0.0,1.000000e+00,0.000000e+00,0.000000e+00
1.680000e+02,1.640000e+02,0.0,1.000000e+00,0.000000e+00,0.000000e+00
1.700000e+02,1.640000e+02,0.0,1.000000e+00,0.000000e+00,0.000000e+00
1.720000e+02,1.640000e+02,0.0,1.000000e+00,0.000000e+00,0.000000e+00
1.740000e+02,1.640000e+02,0.0,1.000000e+00,0.000000e+00,0.000000e+00
1.760000e+02,1.640000e+02,0.0,1.000000e+00,0.000000e+00,0.000000e+00
1.780000e+02,1.640000e+02,0.0,1.000000e+00,0.000000e+00,0.000000e+00
1.800000e+02,1.640000e+02,0.0,1.000000e+00,0.000000e+00,0.000000e+00
1.820000e+02,1.640000e+02,0.0,1.000000e+00,0.000000e+00,0.000000e+00
1.840000e+02,1.640000e+02,0.0,1.000000e+00,0.000000e+00,0.000000e+00
1.860000e+02,1.640000e+02,0.0,1.000000e+00,0.000000e+00,0.000000e+00
1.880000e+02,1.640000e+02,0.0,1.000000e+00,0.000000e+00,0.000000e+00
1.900000e+02,1.640000e+02,0.0,1.000000e+00,0.000000e+00,0.000000e+00
1.920000e+02,1.640000e+02,0.0,1.000000e+00,0.000000e+00,0.000000e+00
1.940000e+02,1.640000e+02,0.0,1.000000e+00,0.000000e+00,0.000000e+00
1.960000e+02,1.640000e+02,0.0,1.000000e+00,0.000000e+00,0.000000e+00
1.980000e+02,1.640000e+02,0.0,1.000000e+00,0.000000e+00,0.000000e+00
2.000000e+02,1.640000e+02,0.0,1.000000e+00,0.000000e+00,0.000000e+00
0.000000e+00,1.660000e+02,0.0,1.000000e+00,0.000000e+00,0.000000e+00
2.000000e+00,1.660000e+02,0.0,1.000000e+00,0.000000e+00,0.000000e+00
4.000000e+00,1.660000e+02,0.0,1.000000e+00,0.000000e+00,0.000000e+00
6.000000e+00,1.660000e+02,0.0,1.000000e+00,0.000000e+00,0.000000e+00
8.000000e+00,1.660000e+02,0.0,1.000000e+00,0.000000e+00,0.000000e+00
1.000000e+01,1.660000e+02,0.0,1.000000e+00,0.000000e+00,0.000000e+00
1.200000e+01,1.660000e+02,0.0,1.000000e+00,0.000000e+00,0.000000e+00
1.400000e+01,1.660000e+02,0.0,1.000000e+00,0.000000e+00,0.000000e+00
1.600000e+01,1.660000e+02,0.0,1.000000e+00,0.000000e+00,0.000000e+00
1.800000e+01,1.660000e+02,0.0,1.000000e+00,0.000000e+00,0.000000e+00
2.000000e+01,1.660000e+02,0.0,1.000000e+00,0.000000e+00,0.000000e+00
2.200000e+01,1.660000e+02,0.0,1.000000e+00,0.000000e+00,0.000000e+00
2.400000e+01,1.660000e+02,0.0,1.000000e+00,0.000000e+00,0.000000e+00
2.600000e+01,1.660000e+02,0.0,1.000000e+00,0.000000e+00,0.000000e+00
2.800000e+01,1.660000e+02,0.0,1.000000e+00,0.000000e+00,0.000000e+00
3.000000e+01,1.660000e+02,0.0,1.000000e+00,0.000000e+00,0.000000e+00
3.200000e+01,1.660000e+02,0.0,1.000000e+00,0.000000e+00,0.000000e+00
3.400000e+01,1.660000e+02,0.0,1.000000e+00,0.000000e+00,0.000000e+00
3.600000e+01,1.660000e+02,0.0,1.000000e+00,0.000000e+00,0.000000e+00
3.800000e+01,1.660000e+02,0.0,1.000000e+00,0.000000e+00,0.000000e+00
4.000000e+01,1.660000e+02,0.0,1.000000e+00,0.000000e+00,0.000000e+00
4.200000e+01,1.660000e+02,0.0,1.000000e+00,0.000000e+00,0.000000e+00
4.400000e+01,1.660000e+02,0.0,1.000000e+00,0.000000e+00,0.000000e+00
4.600000e+01,1.660000e+02,0.0,1.000000e+00,0.000000e+00,0.000000e+00
4.800000e+01,1.660000e+02,0.0,1.000000e+00,0.000000e+00,0.000000e+00
5.000000e+01,1.660000e+02,0.0,1.000000e+00,0.000000e+00,0.000000e+00
5.200000e+01,1.660000e+02,0.0,1.000000e+00,0.000000e+00,0.000000e+00
5.400000e+01,1.660000e+02,0.0,1.000000e+00,0.000000e+00,0.000000e+00
5.600000e+01,1.660000e+02,0.0,1.000000e+00,0.000000e+00,0.000000e+00
5.800000e+01,1.660000e+02,0.0,1.000000e+00,0.000000e+00,0.000000e+00
6.000000e+01,1.660000e+02,0.0,1.000000e+00,-5.189192e-55,0.000000e+00
6.200000e+01,1.660000e+02,0.0,1.000000e+00,3.120149e-35,0.000000e+00
6.400000e+01,1.660000e+02,0.0,1.000000e+00,-3.270024e-17,4.742457e-16
6.600000e+01,1.660000e+02,0.0,1.000000e+00,-5.429025e-15,6.141913e-14
6.800000e+01,1.660000e+02,0.0,1.000000e+00,-4.728077e-13,6.538701e-12
7.000000e+01,1.660000e+02,0.0,1.000000e+00,-2.371745e-11,5.613888e-10
7.200000e+01,1.660000e+02,0.0,1.000000e+00,-7.433104e-10,1.438020e-08
7.400000e+01,1.660000e+02,0.0,1.000000e+00,-1.828126e-08,4.880951e-07
7.600000e+01,1.660000e+02,0.0,1.000002e+00,-2.801534e-07,7.138078e-06
7.800000e+01,1.660000e+02,0.0,1.000033e+00,-4.006125e-06,1.047418e-04
8.000000e+01,1.660000e+02,0.0,1.000148e+00,-2.122850e-05,4.748036e-04
8.200000e+01,1.660000e+02,0.0,1.000730e+00,-7.497799e-05,2.472331e-03
8.400000e+01,1.660000e+02,0.0,1.002470e+00,-3.777912e-04,9.222224e-03
8.600000e+01,1.660000e+02,0.0,1.010054e+00,-3.453000e-03,4.416763e-02
8.800000e+01,1.660000e+02,0.0,1.053681e+00,-3.175481e-02,2.917808e-01
9.000000e+01,1.660000e+02,0.0,1.306886e+00,-2.471712e-01,2.051687e+00
9.200000e+01,1.660000e+02,0.0,1.590203e+00,-2.731037e-01,4.409960e+00
9.400000e+01,1.660000e+02,0.0,1.708411e+00,-2.758726e-02,5.448410e+00
9.600000e+01,1.660000e+02,0.0,1.544074e+00,2.821576e-01,4.065745e+00
9.800000e+01,1.660000e+02,0.0,1.264684e+00,1.188769e-01,1.730909e+00
1.000000e+02,1.660000e+02,0.0,1.282892e+00,2.879895e-17,1.974375e+00
1.020000e+02,1.660000e+02,0.0,1.264684e+00,-1.188769e-01,1.730909e+00
1.040000e+02,1.660000e+02,0.0,1.544074e+00,-2.821576e-01,4.065745e+00
1.060000e+02,1.660000e+02,0.0,1.708411e+00,2.758726e-02,5.448410e+00
1.080000e+02,1.660000e+02,0.0,1.590203e+00,2.731037e-01,4.409960e+00
1.100000e+02,1.660000e+02,0.0,1.306886e+00,2.471712e-01,2.051687e+00
1.120000e+02,1.660000e+02,0.0,1.053681e+00,3.175481e-02,2.917808e-01
1.140000e+02,1.660000e+02,0.0,1.010054e+00,3.453000e-03,4.416763e-02
1.160000e+02,1.660000e+02,0.0,1.002470e+00,3.777912e-04,9.222224e-03
1.180000e+02,1.660000e+02,0.0,1.000730e+00,7.497799e-05,2.472331e-03
1.200000e+02,1.660000e+02,0.0,1.000148e+00,2.122850e-05,4.748036e-04
1.220000e+02,1.660000e+02,0.0,1.000033e+00,4.006125e-06,1.047418e-04
1.240000e+02,1.660000e+02,0.0,1.000002e+00,2.801534e-07,7.138078e-06
1.260000e+02,1.660000e+02,0.0,1.000000e+00,1.828126e-08,4.880951e-07
1.280000e+02,1.660000e+02,0.0,1.000000e+00,7.433104e-10,1.438020e-08
1.300000e+02,1.660000e+02,0.0,1.000000e+00,2.371745e-11,5.613888e-10
1.320000e+02,1.660000e+02,0.0,1.000000e+00,4.728077e-13,6.538701e-12
1.340000e+02,1.660000e+02,0.0,1.000000e+00,5.429025e-15,6.141913e-14
1.360000e+02,1.660000e+02,0.0,1.000000e+00,3.270024e-17,4.742457e-16
1.380000e+02,1.660000e+02,0.0,1.000000e+00,-3.120149e-35,0.000000e+00
1.400000e+02,1.660000e+02,0.0,1.000000e+00,5.189192e-55,0.000000e+00
1.420000e+02,1.660000e+02,0.0,1.000000e+00,0.000000e+00,0.000000e+00
1.440000e+02,1.660000e+02,0.0,1.000000e+00,0.000000e+00,0.000000e+00
1.460000e+02,1.660000e+02,0.0,1.000000e+00,0.000000e+00,0.000000e+00
1.480000e+02,1.660000e+02,0.0,1.000000e+00,0.000000e+00,0.000000e+00
1.500000e+02,1.660000e+02,0.0,1.000000e+00,0.000000e+00,0.000000e+00
1.520000e+02,1.660000e+02,0.0,1.000000e+00,0.000000e+00,0.000000e+00
1.540000e+02,1.660000e+02,0.0,1.000000e+00,0.000000e+00,0.000000e+00
1.560000e+02,1.660000e+02,0.0,1.000000e+00,0.000000e+00,0.000000e+00
1.580000e+02,1.660000e+02,0.0,1.000000e+00,0.000000e+00,0.000000e+00
1.600000e+02,1.660000e+02,0.0,1.000000e+00,0.000000e+00,0.000000e+00
1.620000e+02,1.660000e+02,0.0,1.000000e+00,0.000000e+00,0.000000e+00
1.640000e+02,1.660000e+02,0.0,1.000000e+00,0.000000e+00,0.000000e+00
1.660000e+02,1.660000e+02,0.0,1.000000e+00,0.000000e+00,0.000000e+00
1.680000e+02,1.660000e+02,0.0,1.000000e+00,0.000000e+00,0.000000e+00
1.700000e+02,1.660000e+02,0.0,1.000000e+00,0.000000e+00,0.000000e+00
1.720000e+02,1.660000e+02,0.0,1.000000e+00,0.000000e+00,0.000000e+00
1.740000e+02,1.660000e+02,0.0,1.000000e+00,0.000000e+00,0.000000e+00
1.760000e+02,1.660000e+02,0.0,1.000000e+00,0.000000e+00,0.000000e+00
1.780000e+02,1.660000e+02,0.0,1.000000e+00,0.000000e+00,0.000000e+00
1.800000e+02,1.660000e+02,0.0,1.000000e+00,0.000000e+00,0.000000e+00
1.820000e+02,1.660000e+02,0.0,1.000000e+00,0.000000e+00,0.000000e+00
1.840000e+02,1.660000e+02,0.0,1.000000e+00,0.000000e+00,0.000000e+00
1.860000e+02,1.660000e+02,0.0,1.000000e+00,0.000000e+00,0.000000e+00
1.880000e+02,1.660000e+02,0.0,1.000000e+00,0.000000e+00,0.000000e+00
1.900000e+02,1.660000e+02,0.0,1.000000e+00,0.000000e+00,0.000000e+00
1.920000e+02,1.660000e+02,0.0,1.000000e+00,0.000000e+00,0.000000e+00
1.940000e+02,1.660000e+02,0.0,1.000000e+00,0.000000e+00,0.000000e+00
1.960000e+02,1.660000e+02,0.0,1.000000e+00,0.000000e+00,0.000000e+00
1.980000e+02,1.660000e+02,0.0,1.000000e+00,0.000000e+00,0.000000e+00
2.000000e+02,1.660000e+02,0.0,1.000000e+00,0.000000e+00,0.000000e+00
0.000000e+00,1.680000e+02,0.0,1.000000e+00,0.000000e+00,0.000000e+00
2.000000e+00,1.680000e+02,0.0,1.000000e+00,0.000000e+00,0.000000e+00
4.000000e+00,1.680000e+02,0.0,1.000000e+00,0.000000e+00,0.000000e+00
6.000000e+00,1.680000e+02,0.0,1.000000e+00,0.000000e+00,0.000000e+00
8.000000e+00,1.680000e+02,0.0,1.000000e+00,0.000000e+00,0.000000e+00
1.000000e+01,1.680000e+02,0.0,1.000000e+00,0.000000e+00,0.000000e+00
1.200000e+01,1.680000e+02,0.0,1.000000e+00,0.000000e+00,0.000000e+00
1.400000e+01,1.680000e+02,0.0,1.000000e+00,0.000000e+00,0.000000e+00
1.600000e+01,1.680000e+02,0.0,1.000000e+00,0.000000e+00,0.000000e+00
1.800000e+01,1.680000e+02,0.0,1.000000e+00,0.000000e+00,0.000000e+00
2.000000e+01,1.680000e+02,0.0,1.000000e+00,0.000000e+00,0.000000e+00
2.200000e+01,1.680000e+02,0.0,1.000000e+00,0.000000e+00,0.000000e+00
2.400000e+01,1.680000e+02,0.0,1.000000e+00,0.000000e+00,0.000000e+00
2.600000e+01,1.680000e+02,0.0,1.000000e+00,0.000000e+00,0.000000e+00
2.800000e+01,1.680000e+02,0.0,1.000000e+00,0.000000e+00,0.000000e+00
3.000000e+01,1.680000e+02,0.0,1.000000e+00,0.000000e+00,0.000000e+00
3.200000e+01,1.680000e+02,0.0,1.000000e+00,0.000000e+00,0.000000e+00
3.400000e+01,1.680000e+02,0.0,1.000000e+00,0.000000e+00,0.000000e+00
3.600000e+01,1.680000e+02,0.0,1.000000e+00,0.000000e+00,0.000000e+00
3.800000e+01,1.680000e+02,0.0,1.000000e+00,0.000000e+00,0.000000e+00
4.000000e+01,1.680000e+02,0.0,1.000000e+00,0.000000e+00,0.000000e+00
4.200000e+01,1.680000e+02,0.0,1.000000e+00,0.000000e+00,0.000000e+00
4.400000e+01,1.680000e+02,0.0,1.000000e+00,0.000000e+00,0.000000e+00
4.600000e+01,1.680000e+02,0.0,1.000000e+00,0.000000e+00,0.000000e+00
4.800000e+01,1.680000e+02,0.0,1.000000e+00,0.000000e+00,0.000000e+00
5.000000e+01,1.680000e+02,0.0,1.000000e+00,0.000000e+00,0.000000e+00
5.200000e+01,1.680000e+02,0.0,1.000000e+00,0.000000e+00,0.000000e+00
5.400000e+01,1.680000e+02,0.0,1.000000e+00,0.000000e+00,0.000000e+00
5.600000e+01,1.680000e+02,0.0,1.000000e+00,0.000000e+00,0.000000e+00
5.800000e+01,1.680000e+02,0.0,1.000000e+00,0.000000e+00,0.000000e+00
6.000000e+01,1.680000e+02,0.0,1.000000e+00,0.000000e+00,0.000000e+00
6.200000e+01,1.680000e+02,0.0,1.000000e+00,0.000000e+00,0.000000e+00
6.400000e+01,1.680000e+02,0.0,1.000000e+00,-4.255459e-37,0.000000e+00
6.600000e+01,1.680000e+02,0.0,1.000000e+00,1.635539e-17,6.541101e-17
6.800000e+01,1.680000e+02,0.0,1.000000e+00,-5.886839e-16,7.145966e-15
7.000000e+01,1.680000e+02,0.0,1.000000e+00,-2.735724e-14,5.902144e-13
7.200000e+01,1.680000e+02,0.0,1.000000e+00,-8.370720e-13,1.925402e-11
7.400000e+01,1.680000e+02,0.0,1.000000e+00,-2.200142e-11,5.950237e-10
7.600000e+01,1.680000e+02,0.0,1.000000e+00,-4.020741e-10,9.264452e-09
7.800000e+01,1.680000e+02,0.0,1.000000e+00,-5.389951e-09,1.589027e-07
8.000000e+01,1.680000e+02,0.0,1.000000e+00,-3.901776e-08,1.020986e-06
8.200000e+01,1.680000e+02,0.0,1.000001e+00,-1.556011e-07,3.788321e-06
8.400000e+01,1.680000e+02,0.0,1.000004e+00,-4.063549e-07,1.358912e-05
8.600000e+01,1.680000e+02,0.0,1.000027e+00,-3.122935e-06,8.418528e-05
8.800000e+01,1.680000e+02,0.0,1.000131e+00,-1.964718e-05,4.185282e-04
9.000000e+01,1.680000e+02,0.0,1.001359e+00,-2.573755e-04,4.749719e-03
9.200000e+01,1.680000e+02,0.0,1.005365e+00,-7.202536e-04,2.216041e-02
9.400000e+01,1.680000e+02,0.0,1.007658e+00,-3.535517e-05,3.330635e-02
9.600000e+01,1.680000e+02,0.0,1.004818e+00,7.688800e-04,1.960464e-02
9.800000e+01,1.680000e+02,0.0,1.000915e+00,1.115269e-04,3.024946e-03
1.000000e+02,1.680000e+02,0.0,1.001062e+00,9.186872e-21,3.708630e-03
1.020000e+02,1.680000e+02,0.0,1.000915e+00,-1.115269e-04,3.024946e-03
1.040000e+02,1.680000e+02,0.0,1.004818e+00,-7.688800e-04,1.960464e-02
1.060000e+02,1.680000e+02,0.0,1.007658e+00,3.535517e-05,3.330635e-02
1.080000e+02,1.680000e+02,0.0,1.005365e+00,7.202536e-04,2.216041e-02
1.100000e+02,1.680000e+02,0.0,1.001359e+00,2.573755e-04,4.749719e-03
1.120000e+02,1.680000e+02,0.0,1.000131e+00,1.964718e-05,4.185282e-04
1.140000e+02,1.680000e+02,0.0,1.000027e+00,3.122935e-06,8.418528e-05
1.160000e+02,1.680000e+02,0.0,1.000004e+00,4.063549e-07,1.358912e-05
1.180000e+02,1.680000e+02,0.0,1.000001e+00,1.556011e-07,3.788321e-06
1.200000e+02,1.680000e+02,0.0,1.000000e+00,3.901776e-08,1.020986e-06
1.220000e+02,1.680000e+02,0.0,1.000000e+00,5.389951e-09,1.589027e-07
1.240000e+02,1.680000e+02,0.0,1.000000e+00,4.020741e-10,9.264452e-09
1.260000e+02,1.680000e+02,0.0,1.000000e+00,2.200142e-11,5.950237e-10
1.280000e+02,1.680000e+02,0.0,1.000000e+00,8.370720e-13,1.925402e-11
1.300000e+02,1.680000e+02,0.0,1.000000e+00,2.735724e-14,5.902144e-13
1.320000e+02,1.680000e+02,0.0,1.000000e+00,5.886839e-16,7.145966e-15
1.340000e+02,1.680000e+02,0.0,1.000000e+00,-1.635539e-17,6.541101e-17
1.360000e+02,1.680000e+02,0.0,1.000000e+00,4.255459e-37,0.000000e+00
1.380000e+02,1.680000e+02,0.0,1.000000e+00,0.000000e+00,0.000000e+00
1.400000e+02,1.680000e+02,0.0,1.000000e+00,0.000000e+00,0.000000e+00
1.420000e+02,1.680000e+02,0.0,1.000000e+00,0.000000e+00,0.000000e+00
1.440000e+02,1.680000e+02,0.0,1.000000e+00,0.000000e+00,0.000000e+00
1.460000e+02,1.680000e+02,0.0,1.000000e+00,0.000000e+00,0.000000e+00
1.480000e+02,1.680000e+02,0.0,1.000000e+00,0.000000e+00,0.000000e+00
1.500000e+02,1.680000e+02,0.0,1.000000e+00,0.000000e+00,0.000000e+00
1.520000e+02,1.680000e+02,0.0,1.000000e+00,0.000000e+00,0.000000e+00
1.540000e+02,1.680000e+02,0.0,1.000000e+00,0.000000e+00,0.000000e+00
1.560000e+02,1.680000e+02,0.0,1.000000e+00,0.000000e+00,0.000000e+00
1.580000e+02,1.680000e+02,0.0,1.000000e+00,0.000000e+00,0.000000e+00
1.600000e+02,1.680000e+02,0.0,1.000000e+00,0.000000e+00,0.000000e+00
1.620000e+02,1.680000e+02,0.0,1.000000e+00,0.000000e+00,0.000000e+00
1.640000e+02,1.680000e+02,0.0,1.000000e+00,0.000000e+00,0.000000e+00
1.660000e+02,1.680000e+02,0.0,1.000000e+00,0.000000e+00,0.000000e+00
1.680000e+02,1.680000e+02,0.0,1.000000e+00,0.000000e+00,0.000000e+00
1.700000e+02,1.680000e+02,0.0,1.000000e+00,0.000000e+00,0.000000e+00
1.720000e+02,1.680000e+02,0.0,1.000000e+00,0.000000e+00,0.000000e+00
1.740000e+02,1.680000e+02,0.0,1.000000e+00,0.000000e+00,0.000000e+00
1.760000e+02,1.680000e+02,0.0,1.000000e+00,0.000000e+00,0.000000e+00
1.780000e+02,1.680000e+02,0.0,1.000000e+00,0.000000e+00,0.000000e+00
1.800000e+02,1.680000e+02,0.0,1.000000e+00,0.000000e+00,0.000000e+00
1.820000e+02,1.680000e+02,0.0,1.000000e+00,0.000000e+00,0.000000e+00
1.840000e+02,1.680000e+02,0.0,1.000000e+00,0.000000e+00,0.000000e+00
1.860000e+02,1.680000e+02,0.0,1.000000e+00,0.000000e+00,0.000000e+00
1.880000e+02,1.680000e+02,0.0,1.000000e+00,0.000000e+00,0.000000e+00
1.900000e+02,1.680000e+02,0.0,1.000000e+00,0.000000e+00,0.000000e+00
1.920000e+02,1.680000e+02,0.0,1.000000e+00,0.000000e+00,0.000000e+00
1.940000e+02,1.680000e+02,0.0,1.000000e+00,0.000000e+00,0.000000e+00
1.960000e+02,1.680000e+02,0.0,1.000000e+00,0.000000e+00,0.000000e+00
1.980000e+02,1.680000e+02,0.0,1.000000e+00,0.000000e+00,0.000000e+00
2.000000e+02,1.680000e+02,0.0,1.000000e+00,0.000000e+00,0.000000e+00
0.000000e+00,1.700000e+02,0.0,1.000000e+00,0.000000e+00,0.000000e+00
2.000000e+00,1.700000e+02,0.0,1.000000e+00,0.000000e+00,0.000000e+00
4.000000e+00,1.700000e+02,0.0,1.000000e+00,0.000000e+00,0.000000e+00
6.000000e+00,1.700000e+02,0.0,1.000000e+00,0.000000e+00,0.000000e+00
8.000000e+00,1.700000e+02,0.0,1.000000e+00,0.000000e+00,0.000000e+00
1.000000e+01,1.700000e+02,0.0,1.000000e+00,0.000000e+00,0.000000e+00
1.200000e+01,1.700000e+02,0.0,1.000000e+00,0.000000e+00,0.000000e+00
1.400000e+01,1.700000e+02,0.0,1.000000e+00,0.000000e+00,0.000000e+00
1.600000e+01,1.700000e+02,0.0,1.000000e+00,0.000000e+00,0.000000e+00
1.800000e+01,1.700000e+02,0.0,1.000000e+00,0.000000e+00,0.000000e+00
2.000000e+01,1.700000e+02,0.0,1.000000e+00,0.000000e+00,0.000000e+00
2.200000e+01,1.700000e+02,0.0,1.000000e+00,0.000000e+00,0.000000e+00
2.400000e+01,1.700000e+02,0.0,1.000000e+00,0.000000e+00,0.000000e+00
2.600000e+01,1.700000e+02,0.0,1.000000e+00,0.000000e+00,0.000000e+00
2.800000e+01,1.700000e+02,0.0,1.000000e+00,0.000000e+00,0.000000e+00
3.000000e+01,1.700000e+02,0.0,1.000000e+00,0.000000e+00,0.000000e+00
3.200000e+01,1.700000e+02,0.0,1.000000e+00,0.000000e+00,0.000000e+00
3.400000e+01,1.700000e+02,0.0,1.000000e+00,0.000000e+00,0.000000e+00
3.600000e+01,1.700000e+02,0.0,1.000000e+00,0.000000e+00,0.000000e+00
3.800000e+01,1.700000e+02,0.0,1.000000e+00,0.000000e+00,0.000000e+00
4.000000e+01,1.700000e+02,0.0,1.000000e+00,0.000000e+00,0.000000e+00
4.200000e+01,1.700000e+02,0.0,1.000000e+00,0.000000e+00,0.000000e+00
4.400000e+01,1.700000e+02,0.0,1.000000e+00,0.000000e+00,0.000000e+00
4.600000e+01,1.700000e+02,0.0,1.000000e+00,0.000000e+00,0.000000e+00
4.800000e+01,1.700000e+02,0.0,1.000000e+00,0.000000e+00,0.000000e+00
5.000000e+01,1.700000e+02,0.0,1.000000e+00,0.000000e+00,0.000000e+00
5.200000e+01,1.700000e+02,0.0,1.000000e+00,0.000000e+00,0.000000e+00
5.400000e+01,1.700000e+02,0.0,1.000000e+00,0.000000e+00,0.000000e+00
5.600000e+01,1.700000e+02,0.0,1.000000e+00,0.000000e+00,0.000000e+00
5.800000e+01,1.700000e+02,0.0,1.000000e+00,0.000000e+00,0.000000e+00
6.000000e+01,1.700000e+02,0.0,1.000000e+00,0.000000e+00,0.000000e+00
6.200000e+01,1.700000e+02,0.0,1.000000e+00,0.000000e+00,0.000000e+00
6.400000e+01,1.700000e+02,0.0,1.000000e+00,0.000000e+00,0.000000e+00
6.600000e+01,1.700000e+02,0.0,1.000000e+00,-2.690079e-54,0.000000e+00
6.800000e+01,1.700000e+02,0.0,1.000000e+00,-1.589451e-34,0.000000e+00
7.000000e+01,1.700000e+02,0.0,1.000000e+00,-1.635539e-17,6.704321e-16
7.200000e+01,1.700000e+02,0.0,1.000000e+00,-8.503701e-16,2.160158e-14
7.400000e+01,1.700000e+02,0.0,1.000000e+00,-2.727522e-14,6.683874e-13
7.600000e+01,1.700000e+02,0.0,1.000000e+00,-5.242080e-13,1.337514e-11
7.800000e+01,1.700000e+02,0.0,1.000000e+00,-7.952328e-12,2.088984e-10
8.000000e+01,1.700000e+02,0.0,1.000000e+00,-5.990593e-11,1.750181e-09
8.200000e+01,1.700000e+02,0.0,1.000000e+00,-3.167421e-10,8.417141e-09
8.400000e+01,1.700000e+02,0.0,1.000000e+00,-9.156892e-10,2.505375e-08
8.600000e+01,1.700000e+02,0.0,1.000000e+00,-5.189010e-09,1.442564e-07
8.800000e+01,1.700000e+02,0.0,1.000000e+00,-3.556260e-08,8.846466e-07
9.000000e+01,1.700000e+02,0.0,1.000002e+00,-3.215080e-07,5.824157e-06
9.200000e+01,1.700000e+02,0.0,1.000009e+00,-5.620143e-07,2.957842e-05
9.400000e+01,1.700000e+02,0.0,1.000015e+00,-2.378377e-08,4.768604e-05
9.600000e+01,1.700000e+02,0.0,1.000009e+00,6.469900e-07,2.684880e-05
9.800000e+01,1.700000e+02,0.0,1.000001e+00,1.402493e-07,4.261748e-06
1.000000e+02,1.700000e+02,0.0,1.000002e+00,-1.338582e-27,4.869488e-06
1.020000e+02,1.700000e+02,0.0,1.000001e+00,-1.402493e-07,4.261748e-06
1.040000e+02,1.700000e+02,0.0,1.000009e+00,-6.469900e-07,2.684880e-05
1.060000e+02,1.700000e+02,0.0,1.000015e+00,2.378377e-08,4.768604e-05
1.080000e+02,1.700000e+02,0.0,1.000009e+00,5.620143e-07,2.957842e-05
1.100000e+02,1.700000e+02,0.0,1.000002e+00,3.215080e-07,5.824157e-06
1.120000e+02,1.700000e+02,0.0,1.000000e+00,3.556260e-08,8.846466e-07
1.140000e+02,1.700000e+02,0.0,1.000000e+00,5.189010e-09,1.442564e-07
1.160000e+02,1.700000e+02,0.0,1.000000e+00,9.156892e-10,2.505375e-08
1.180000e+02,1.700000e+02,0.0,1.000000e+00,3.167421e-10,8.417141e-09
1.200000e+02,1.700000e+02,0.0,1.000000e+00,5.990593e-11,1.750181e-09
1.220000e+02,1.700000e+02,0.0,1.000000e+00,7.952328e-12,2.088984e-10
1.240000e+02,1.700000e+02,0.0,1.000000e+00,5.242080e-13,1.337514e-11
1.260000e+02,1.700000e+02,0.0,1.000000e+00,2.727522e-14,6.683874e-13
1.280000e+02,1.700000e+02,0.0,1.000000e+00,8.503701e-16,2.160158e-14
1.300000e+02,1.700000e+02,0.0,1.000000e+00,1.635539e-17,6.704321e-16
1.320000e+02,1.700000e+02,0.0,1.000000e+00,1.589451e-34,0.000000e+00
1.340000e+02,1.700000e+02,0.0,1.000000e+00,2.690079e-54,0.000000e+00
1.360000e+02,1.700000e+02,0.0,1.000000e+00,0.000000e+00,0.000000e+00
1.380000e+02,1.700000e+02,0.0,1.000000e+00,0.000000e+00,0.000000e+00
1.400000e+02,1.700000e+02,0.0,1.000000e+00,0.000000e+00,0.000000e+00
1.420000e+02,1.700000e+02,0.0,1.000000e+00,0.000000e+00,0.000000e+00
1.440000e+02,1.700000e+02,0.0,1.000000e+00,0.000000e+00,0.000000e+00
1.460000e+02,1.700000e+02,0.0,1.000000e+00,0.000000e+00,0.000000e+00
1.480000e+02,1.700000e+02,0.0,1.000000e+00,0.000000e+00,0.000000e+00
1.500000e+02,1.700000e+02,0.0,1.000000e+00,0.000000e+00,0.000000e+00
1.520000e+02,1.700000e+02,0.0,1.000000e+00,0.000000e+00,0.000000e+00
1.540000e+02,1.700000e+02,0.0,1.000000e+00,0.000000e+00,0.000000e+00
1.560000e+02,1.700000e+02,0.0,1.000000e+00,0.000000e+00,0.000000e+00
1.580000e+02,1.700000e+02,0.0,1.000000e+00,0.000000e+00,0.000000e+00
1.600000e+02,1.700000e+02,0.0,1.000000e+00,0.000000e+00,0.000000e+00
1.620000e+02,1.700000e+02,0.0,1.000000e+00,0.000000e+00,0.000000e+00
1.640000e+02,1.700000e+02,0.0,1.000000e+00,0.000000e+00,0.000000e+00
1.660000e+02,1.700000e+02,0.0,1.000000e+00,0.000000e+00,0.000000e+00
1.680000e+02,1.700000e+02,0.0,1.000000e+00,0.000000e+00,0.000000e+00
1.700000e+02,1.700000e+02,0.0,1.000000e+00,0.000000e+00,0.000000e+00
1.720000e+02,1.700000e+02,0.0,1.000000e+00,0.000000e+00,0.000000e+00
1.740000e+02,1.700000e+02,0.0,1.000000e+00,0.000000e+00,0.000000e+00
1.760000e+02,1.700000e+02,0.0,1.000000e+00,0.000000e+00,0.000000e+00
1.780000e+02,1.700000e+02,0.0,1.000000e+00,0.000000e+00,0.000000e+00
1.800000e+02,1.700000e+02,0.0,1.000000e+00,0.000000e+00,0.000000e+00
1.820000e+02,1.700000e+02,0.0,1.000000e+00,0.000000e+00,0.000000e+00
1.840000e+02,1.700000e+02,0.0,1.000000e+00,0.000000e+00,0.000000e+00
1.860000e+02,1.700000e+02,0.0,1.000000e+00,0.000000e+00,0.000000e+00
1.880000e+02,1.700000e+02,0.0,1.000000e+00,0.000000e+00,0.000000e+00
1.900000e+02,1.700000e+02,0.0,1.000000e+00,0.000000e+00,0.000000e+00
1.920000e+02,1.700000e+02,0.0,1.000000e+00,0.000000e+00,0.000000e+00
1.940000e+02,1.700000e+02,0.0,1.000000e+00,0.000000e+00,0.000000e+00
1.960000e+02,1.700000e+02,0.0,1.000000e+00,0.000000e+00,0.000000e+00
1.980000e+02,1.700000e+02,0.0,1.000000e+00,0.000000e+00,0.000000e+00
2.000000e+02,1.700000e+02,0.0,1.000000e+00,0.000000e+00,0.000000e+00
0.000000e+00,1.720000e+02,0.0,1.000000e+00,0.000000e+00,0.000000e+00
2.000000e+00,1.720000e+02,0.0,1.000000e+00,0.000000e+00,0.000000e+00
4.000000e+00,1.720000e+02,0.0,1.000000e+00,0.000000e+00,0.000000e+00
6.000000e+00,1.720000e+02,0.0,1.000000e+00,0.000000e+00,0.000000e+00
8.000000e+00,1.720000e+02,0.0,1.000000e+00,0.000000e+00,0.000000e+00
1.000000e+01,1.720000e+02,0.0,1.000000e+00,0.000000e+00,0.000000e+00
1.200000e+01,1.720000e+02,0.0,1.000000e+00,0.000000e+00,0.000000e+00
1.400000e+01,1.720000e+02,0.0,1.000000e+00,0.000000e+00,0.000000e+00
1.600000e+01,1.720000e+02,0.0,1.000000e+00,0.000000e+00,0.000000e+00
1.800000e+01,1.720000e+02,0.0,1.000000e+00,0.000000e+00,0.000000e+00
2.000000e+01,1.720000e+02,0.0,1.000000e+00,0.000000e+00,0.000000e+00
2.200000e+01,1.720000e+02,0.0,1.000000e+00,0.000000e+00,0.000000e+00
2.400000e+01,1.720000e+02,0.0,1.000000e+00,0.000000e+00,0.000000e+00
2.600000e+01,1.720000e+02,0.0,1.000000e+00,0.000000e+00,0.000000e+00
2.800000e+01,1.720000e+02,0.0,1.000000e+00,0.000000e+00,0.000000e+00
3.000000e+01,1.720000e+02,0.0,1.000000e+00,0.000000e+00,0.000000e+00
3.200000e+01,1.720000e+02,0.0,1.000000e+00,0.000000e+00,0.000000e+00
3.400000e+01,1.720000e+02,0.0,1.000000e+00,0.000000e+00,0.000000e+00
3.600000e+01,1.720000e+02,0.0,1.000000e+00,0.000000e+00,0.000000e+00
3.800000e+01,1.720000e+02,0.0,1.000000e+00,0.000000e+00,0.000000e+00
4.000000e+01,1.720000e+02,0.0,1.000000e+00,0.000000e+00,0.000000e+00
4.200000e+01,1.720000e+02,0.0,1.000000e+00,0.000000e+00,0.000000e+00
4.400000e+01,1.720000e+02,0.0,1.000000e+00,0.000000e+00,0.000000e+00
4.600000e+01,1.720000e+02,0.0,1.000000e+00,0.000000e+00,0.000000e+00
4.800000e+01,1.720000e+02,0.0,1.000000e+00,0.000000e+00,0.000000e+00
5.000000e+01,1.720000e+02,0.0,1.000000e+00,0.000000e+00,0.000000e+00
5.200000e+01,1.720000e+02,0.0,1.000000e+00,0.000000e+00,0.000000e+00
5.400000e+01,1.720000e+02,0.0,1.000000e+00,0.000000e+00,0.000000e+00
5.600000e+01,1.720000e+02,0.0,1.000000e+00,0.000000e+00,0.000000e+00
5.800000e+01,1.720000e+02,0.0,1.000000e+00,0.000000e+00,0.000000e+00
6.000000e+01,1.720000e+02,0.0,1.000000e+00,0.000000e+00,0.000000e+00
6.200000e+01,1.720000e+02,0.0,1.000000e+00,0.000000e+00,0.000000e+00
6.400000e+01,1.720000e+02,0.0,1.000000e+00,0.000000e+00,0.000000e+00
6.600000e+01,1.720000e+02,0.0,1.000000e+00,0.000000e+00,0.000000e+00
6.800000e+01,1.720000e+02,0.0,1.000000e+00,0.000000e+00,0.000000e+00
7.000000e+01,1.720000e+02,0.0,1.000000e+00,-1.900148e-51,0.000000e+00
7.200000e+01,1.720000e+02,0.0,1.000000e+00,-4.045304e-34,1.635539e-17
7.400000e+01,1.720000e+02,0.0,1.000000e+00,-7.314112e-31,8.012515e-16
7.600000e+01,1.720000e+02,0.0,1.000000e+00,-6.050888e-16,1.661369e-14
7.800000e+01,1.720000e+02,0.0,1.000000e+00,-1.200205e-14,3.039065e-13
8.000000e+01,1.720000e+02,0.0,1.000000e+00,-9.266150e-14,2.605867e-12
8.200000e+01,1.720000e+02,0.0,1.000000e+00,-5.723725e-13,1.576431e-11
8.400000e+01,1.720000e+02,0.0,1.000000e+00,-1.854449e-12,5.392245e-11
8.600000e+01,1.720000e+02,0.0,1.000000e+00,-1.043531e-11,2.550920e-10
8.800000e+01,1.720000e+02,0.0,1.000000e+00,-6.262245e-11,1.607662e-09
9.000000e+01,1.720000e+02,0.0,1.000000e+00,-5.139007e-10,1.047315e-08
9.200000e+01,1.720000e+02,0.0,1.000000e+00,-7.584694e-10,3.670896e-08
9.400000e+01,1.720000e+02,0.0,1.000000e+00,-1.243588e-10,6.074568e-08
9.600000e+01,1.720000e+02,0.0,1.000000e+00,8.774916e-10,3.937156e-08
9.800000e+01,1.720000e+02,0.0,1.000000e+00,3.073459e-10,8.791110e-09
1.000000e+02,1.720000e+02,0.0,1.000000e+00,-4.023072e-37,9.935381e-09
1.020000e+02,1.720000e+02,0.0,1.000000e+00,-3.073459e-10,8.791110e-09
1.040000e+02,1.720000e+02,0.0,1.000000e+00,-8.774916e-10,3.937156e-08
1.060000e+02,1.720000e+02,0.0,1.000000e+00,1.243588e-10,6.074568e-08
1.080000e+02,1.720000e+02,0.0,1.000000e+00,7.584694e-10,3.670896e-08
1.100000e+02,1.720000e+02,0.0,1.000000e+00,5.139007e-10,1.047315e-08
1.120000e+02,1.720000e+02,0.0,1.000000e+00,6.262245e-11,1.607662e-09
1.140000e+02,1.720000e+02,0.0,1.000000e+00,1.043531e-11,2.550920e-10
1.160000e+02,1.720000e+02,0.0,1.000000e+00,1.854449e-12,5.392245e-11
1.180000e+02,1.720000e+02,0.0,1.000000e+00,5.723725e-13,1.576431e-11
1.200000e+02,1.720000e+02,0.0,1.000000e+00,9.266150e-14,2.605867e-12
1.220000e+02,1.720000e+02,0.0,1.000000e+00,1.200205e-14,3.039065e-13
1.240000e+02,1.720000e+02,0.0,1.000000e+00,6.050888e-16,1.661369e-14
1.260000e+02,1.720000e+02,0.0,1.000000e+00,7.314112e-31,8.012515e-16
1.280000e+02,1.720000e+02,0.0,1.000000e+00,4.045304e-34,1.635539e-17
1.300000e+02,1.720000e+02,0.0,1.000000e+00,1.900148e-51,0.000000e+00
1.320000e+02,1.720000e+02,0.0,1.000000e+00,0.000000e+00,0.000000e+00
1.340000e+02,1.720000e+02,0.0,1.000000e+00,0.000000e+00,0.000000e+00
1.360000e+02,1.720000e+02,0.0,1.000000e+00,0.000000e+00,0.000000e+00
1.380000e+02,1.720000e+02,0.0,1.000000e+00,0.000000e+00,0.000000e+00
1.400000e+02,1.720000e+02,0.0,1.000000e+00,0.000000e+00,0.000000e+00
1.420000e+02,1.720000e+02,0.0,1.000000e+00,0.000000e+00,0.000000e+00
1.440000e+02,1.720000e+02,0.0,1.000000e+00,0.000000e+00,0.000000e+00
1.460000e+02,1.720000e+02,0.0,1.000000e+00,0.000000e+00,0.000000e+00
1.480000e+02,1.720000e+02,0.0,1.000000e+00,0.000000e+00,0.000000e+00
1.500000e+02,1.720000e+02,0.0,1.000000e+00,0.000000e+00,0.000000e+00
1.520000e+02,1.720000e+02,0.0,1.000000e+00,0.000000e+00,0.000000e+00
1.540000e+02,1.720000e+02,0.0,1.000000e+00,0.000000e+00,0.000000e+00
1.560000e+02,1.720000e+02,0.0,1.000000e+00,0.000000e+00,0.000000e+00
1.580000e+02,1.720000e+02,0.0,1.000000e+00,0.000000e+00,0.000000e+00
1.600000e+02,1.720000e+02,0.0,1.000000e+00,0.000000e+00,0.000000e+00
1.620000e+02,1.720000e+02,0.0,1.000000e+00,0.000000e+00,0.000000e+00
1.640000e+02,1.720000e+02,0.0,1.000000e+00,0.000000e+00,0.000000e+00
1.660000e+02,1.720000e+02,0.0,1.000000e+00,0.000000e+00,0.000000e+00
1.680000e+02,1.720000e+02,0.0,1.000000e+00,0.000000e+00,0.000000e+00
1.700000e+02,1.720000e+02,0.0,1.000000e+00,0.000000e+00,0.000000e+00
1.720000e+02,1.720000e+02,0.0,1.000000e+00,0.000000e+00,0.000000e+00
1.740000e+02,1.720000e+02,0.0,1.000000e+00,0.000000e+00,0.000000e+00
1.760000e+02,1.720000e+02,0.0,1.000000e+00,0.000000e+00,0.000000e+00
1.780000e+02,1.720000e+02,0.0,1.000000e+00,0.000000e+00,0.000000e+00
1.800000e+02,1.720000e+02,0.0,1.000000e+00,0.000000e+00,0.000000e+00
1.820000e+02,1.720000e+02,0.0,1.000000e+00,0.000000e+00,0.000000e+00
1.840000e+02,1.720000e+02,0.0,1.000000e+00,0.000000e+00,0.000000e+00
1.860000e+02,1.720000e+02,0.0,1.000000e+00,0.000000e+00,0.000000e+00
1.880000e+02,1.720000e+02,0.0,1.000000e+00,0.000000e+00,0.000000e+00
1.900000e+02,1.720000e+02,0.0,1.000000e+00,0.000000e+00,0.000000e+00
1.920000e+02,1.720000e+02,0.0,1.000000e+00,0.000000e+00,0.000000e+00
1.940000e+02,1.720000e+02,0.0,1.000000e+00,0.000000e+00,0.000000e+00
1.960000e+02,1.720000e+02,0.0,1.000000e+00,0.000000e+00,0.000000e+00
1.980000e+02,1.720000e+02,0.0,1.000000e+00,0.000000e+00,0.000000e+00
2.000000e+02,1.720000e+02,0.0,1.000000e+00,0.000000e+00,0.000000e+00
0.000000e+00,1.740000e+02,0.0,1.000000e+00,0.000000e+00,0.000000e+00
2.000000e+00,1.740000e+02,0.0,1.000000e+00,0.000000e+00,0.000000e+00
4.000000e+00,1.740000e+02,0.0,1.000000e+00,0.000000e+00,0.000000e+00
6.000000e+00,1.740000e+02,0.0,1.000000e+00,0.000000e+00,0.000000e+00
8.000000e+00,1.740000e+02,0.0,1.000000e+00,0.000000e+00,0.000000e+00
1.000000e+01,1.740000e+02,0.0,1.000000e+00,0.000000e+00,0.000000e+00
1.200000e+01,1.740000e+02,0.0,1.000000e+00,0.000000e+00,0.000000e+00
1.400000e+01,1.740000e+02,0.0,1.000000e+00,0.000000e+00,0.000000e+00
1.600000e+01,1.740000e+02,0.0,1.000000e+00,0.000000e+00,0.000000e+00
1.800000e+01,1.740000e+02,0.0,1.000000e+00,0.000000e+00,0.000000e+00
2.000000e+01,1.740000e+02,0.0,1.000000e+00,0.000000e+00,0.000000e+00
2.200000e+01,1.740000e+02,0.0,1.000000e+00,0.000000e+00,0.000000e+00
2.400000e+01,1.740000e+02,0.0,1.000000e+00,0.000000e+00,0.000000e+00
2.600000e+01,1.740000e+02,0.0,1.000000e+00,0.000000e+00,0.000000e+00
2.800000e+01,1.740000e+02,0.0,1.000000e+00,0.000000e+00,0.000000e+00
3.000000e+01,1.740000e+02,0.0,1.000000e+00,0.000000e+00,0.000000e+00
3.200000e+01,1.740000e+02,0.0,1.000000e+00,0.000000e+00,0.000000e+00
3.400000e+01,1.740000e+02,0.0,1.000000e+00,0.000000e+00,0.000000e+00
3.600000e+01,1.740000e+02,0.0,1.000000e+00,0.000000e+00,0.000000e+00
3.800000e+01,1.740000e+02,0.0,1.000000e+00,0.000000e+00,0.000000e+00
4.000000e+01,1.740000e+02,0.0,1.000000e+00,0.000000e+00,0.000000e+00
4.200000e+01,1.740000e+02,0.0,1.000000e+00,0.000000e+00,0.000000e+00
4.400000e+01,1.740000e+02,0.0,1.000000e+00,0.000000e+00,0.000000e+00
4.600000e+01,1.740000e+02,0.0,1.000000e+00,0.000000e+00,0.000000e+00
4.800000e+01,1.740000e+02,0.0,1.000000e+00,0.000000e+00,0.000000e+00
5.000000e+01,1.740000e+02,0.0,1.000000e+00,0.000000e+00,0.000000e+00
5.200000e+01,1.740000e+02,0.0,1.000000e+00,0.000000e+00,0.000000e+00
5.400000e+01,1.740000e+02,0.0,1.000000e+00,0.000000e+00,0.000000e+00
5.600000e+01,1.740000e+02,0.0,1.000000e+00,0.000000e+00,0.000000e+00
5.800000e+01,1.740000e+02,0.0,1.000000e+00,0.000000e+00,0.000000e+00
6.000000e+01,1.740000e+02,0.0,1.000000e+00,0.000000e+00,0.000000e+00
6.200000e+01,1.740000e+02,0.0,1.000000e+00,0.000000e+00,0.000000e+00
6.400000e+01,1.740000e+02,0.0,1.000000e+00,0.000000e+00,0.000000e+00
6.600000e+01,1.740000e+02,0.0,1.000000e+00,0.000000e+00,0.000000e+00
6.800000e+01,1.740000e+02,0.0,1.000000e+00,0.000000e+00,0.000000e+00
7.000000e+01,1.740000e+02,0.0,1.000000e+00,0.000000e+00,0.000000e+00
7.200000e+01,1.740000e+02,0.0,1.000000e+00,0.000000e+00,0.000000e+00
7.400000e+01,1.740000e+02,0.0,1.000000e+00,-2.826852e-51,0.000000e+00
7.600000e+01,1.740000e+02,0.0,1.000000e+00,-1.700359e-34,1.635539e-17
7.800000e+01,1.740000e+02,0.0,1.000000e+00,-1.938349e-31,4.414959e-16
8.000000e+01,1.740000e+02,0.0,1.000000e+00,-8.177694e-17,3.875254e-15
8.200000e+01,1.740000e+02,0.0,1.000000e+00,-1.013782e-15,2.725680e-14
8.400000e+01,1.740000e+02,0.0,1.000000e+00,-3.564404e-15,1.032709e-13
8.600000e+01,1.740000e+02,0.0,1.000000e+00,-2.096131e-14,5.138900e-13
8.800000e+01,1.740000e+02,0.0,1.000000e+00,-1.252228e-13,2.926657e-12
9.000000e+01,1.740000e+02,0.0,1.000000e+00,-7.415259e-13,1.804618e-11
9.200000e+01,1.740000e+02,0.0,1.000000e+00,-1.168358e-12,5.506736e-11
9.400000e+01,1.740000e+02,0.0,1.000000e+00,-2.470746e-13,8.753334e-11
9.600000e+01,1.740000e+02,0.0,1.000000e+00,1.218808e-12,6.977612e-11
9.800000e+01,1.740000e+02,0.0,1.000000e+00,5.949418e-13,1.564862e-11
1.000000e+02,1.740000e+02,0.0,1.000000e+00,-2.352836e-51,1.749059e-11
1.020000e+02,1.740000e+02,0.0,1.000000e+00,-5.949418e-13,1.564862e-11
1.040000e+02,1.740000e+02,0.0,1.000000e+00,-1.218808e-12,6.977612e-11
1.060000e+02,1.740000e+02,0.0,1.000000e+00,2.470746e-13,8.753334e-11
1.080000e+02,1.740000e+02,0.0,1.000000e+00,1.168358e-12,5.506736e-11
1.100000e+02,1.740000e+02,0.0,1.000000e+00,7.415259e-13,1.804618e-11
1.120000e+02,1.740000e+02,0.0,1.000000e+00,1.252228e-13,2.926657e-12
1.140000e+02,1.740000e+02,0.0,1.000000e+00,2.096131e-14,5.138900e-13
1.160000e+02,1.740000e+02,0.0,1.000000e+00,3.564404e-15,1.032709e-13
1.180000e+02,1.740000e+02,0.0,1.000000e+00,1.013782e-15,2.725680e-14
1.200000e+02,1.740000e+02,0.0,1.000000e+00,8.177694e-17,3.875254e-15
1.220000e+02,1.740000e+02,0.0,1.000000e+00,1.938349e-31,4.414959e-16
1.240000e+02,1.740000e+02,0.0,1.000000e+00,1.700359e-34,1.635539e-17
1.260000e+02,1.740000e+02,0.0,1.000000e+00,2.826852e-51,0.000000e+00
1.280000e+02,1.740000e+02,0.0,1.000000e+00,0.000000e+00,0.000000e+00
1.300000e+02,1.740000e+02,0.0,1.000000e+00,0.000000e+00,0.000000e+00
1.320000e+02,1.740000e+02,0.0,1.000000e+00,0.000000e+00,0.000000e+00
1.340000e+02,1.740000e+02,0.0,1.000000e+00,0.000000e+00,0.000000e+00
1.360000e+02,1.740000e+02,0.0,1.000000e+00,0.000000e+00,0.000000e+00
1.380000e+02,1.740000e+02,0.0,1.000000e+00,0.000000e+00,0.000000e+00
1.400000e+02,1.740000e+02,0.0,1.000000e+00,0.000000e+00,0.000000e+00
1.420000e+02,1.740000e+02,0.0,1.000000e+00,0.000000e+00,0.000000e+00
1.440000e+02,1.740000e+02,0.0,1.000000e+00,0.000000e+00,0.000000e+00
1.460000e+02,1.740000e+02,0.0,1.000000e+00,0.000000e+00,0.000000e+00
1.480000e+02,1.740000e+02,0.0,1.000000e+00,0.000000e+00,0.000000e+00
1.500000e+02,1.740000e+02,0.0,1.000000e+00,0.000000e+00,0.000000e+00
1.520000e+02,1.740000e+02,0.0,1.000000e+00,0.000000e+00,0.000000e+00
1.540000e+02,1.740000e+02,0.0,1.000000e+00,0.000000e+00,0.000000e+00
1.560000e+02,1.740000e+02,0.0,1.000000e+00,0.000000e+00,0.000000e+00
1.580000e+02,1.740000e+02,0.0,1.000000e+00,0.000000e+00,0.000000e+00
1.600000e+02,1.740000e+02,0.0,1.000000e+00,0.000000e+00,0.000000e+00
1.620000e+02,1.740000e+02,0.0,1.000000e+00,0.000000e+00,0.000000e+00
1.640000e+02,1.740000e+02,0.0,1.000000e+00,0.000000e+00,0.000000e+00
1.660000e+02,1.740000e+02,0.0,1.000000e+00,0.000000e+00,0.000000e+00
1.680000e+02,1.740000e+02,0.0,1.000000e+00,0.000000e+00,0.000000e+00
1.700000e+02,1.740000e+02,0.0,1.000000e+00,0.000000e+00,0.000000e+00
1.720000e+02,1.740000e+02,0.0,1.000000e+00,0.000000e+00,0.000000e+00
1.740000e+02,1.740000e+02,0.0,1.000000e+00,0.000000e+00,0.000000e+00
1.760000e+02,1.740000e+02,0.0,1.000000e+00,0.000000e+00,0.000000e+00
1.780000e+02,1.740000e+02,0.0,1.000000e+00,0.000000e+00,0.000000e+00
1.800000e+02,1.740000e+02,0.0,1.000000e+00,0.000000e+00,0.000000e+00
1.820000e+02,1.740000e+02,0.0,1.000000e+00,0.000000e+00,0.000000e+00
1.840000e+02,1.740000e+02,0.0,1.000000e+00,0.000000e+00,0.000000e+00
1.860000e+02,1.740000e+02,0.0,1.000000e+00,0.000000e+00,0.000000e+00
1.880000e+02,1.740000e+02,0.0,1.000000e+00,0.000000e+00,0.000000e+00
1.900000e+02,1.740000e+02,0.0,1.000000e+00,0.000000e+00,0.000000e+00
1.920000e+02,1.740000e+02,0.0,1.000000e+00,0.000000e+00,0.000000e+00
1.940000e+02,1.740000e+02,0.0,1.000000e+00,0.000000e+00,0.000000e+00
1.960000e+02,1.740000e+02,0.0,1.000000e+00,0.000000e+00,0.000000e+00
1.980000e+02,1.740000e+02,0.0,1.000000e+00,0.000000e+00,0.000000e+00
2.000000e+02,1.740000e+02,0.0,1.000000e+00,0.000000e+00,0.000000e+00
0.000000e+00,1.760000e+02,0.0,1.000000e+00,0.000000e+00,0.000000e+00
2.000000e+00,1.760000e+02,0.0,1.000000e+00,0.000000e+00,0.000000e+00
4.000000e+00,1.760000e+02,0.0,1.000000e+00,0.000000e+00,0.000000e+00
6.000000e+00,1.760000e+02,0.0,1.000000e+00,0.000000e+00,0.000000e+00
8.000000e+00,1.760000e+02,0.0,1.000000e+00,0.000000e+00,0.000000e+00
1.000000e+01,1.760000e+02,0.0,1.000000e+00,0.000000e+00,0.000000e+00
1.200000e+01,1.760000e+02,0.0,1.000000e+00,0.000000e+00,0.000000e+00
1.400000e+01,1.760000e+02,0.0,1.000000e+00,0.000000e+00,0.000000e+00
1.600000e+01,1.760000e+02,0.0,1.000000e+00,0.000000e+00,0.000000e+00
1.800000e+01,1.760000e+02,0.0,1.000000e+00,0.000000e+00,0.000000e+00
2.000000e+01,1.760000e+02,0.0,1.000000e+00,0.000000e+00,0.000000e+00
2.200000e+01,1.760000e+02,0.0,1.000000e+00,0.000000e+00,0.000000e+00
2.400000e+01,1.760000e+02,0.0,1.000000e+00,0.000000e+00,0.000000e+00
2.600000e+01,1.760000e+02,0.0,1.000000e+00,0.000000e+00,0.000000e+00
2.800000e+01,1.760000e+02,0.0,1.000000e+00,0.000000e+00,0.000000e+00
3.000000e+01,1.760000e+02,0.0,1.000000e+00,0.000000e+00,0.000000e+00
3.200000e+01,1.760000e+02,0.0,1.000000e+00,0.000000e+00,0.000000e+00
3.400000e+01,1.760000e+02,0.0,1.000000e+00,0.000000e+00,0.000000e+00
3.600000e+01,1.760000e+02,0.0,1.000000e+00,0.000000e+00,0.000000e+00
3.800000e+01,1.760000e+02,0.0,1.000000e+00,0.000000e+00,0.000000e+00
4.000000e+01,1.760000e+02,0.0,1.000000e+00,0.000000e+00,0.000000e+00
4.200000e+01,1.760000e+02,0.0,1.000000e+00,0.000000e+00,0.000000e+00
4.400000e+01,1.760000e+02,0.0,1.000000e+00,0.000000e+00,0.000000e+00
4.600000e+01,1.760000e+02,0.0,1.000000e+00,0.000000e+00,0.000000e+00
4.800000e+01,1.760000e+02,0.0,1.000000e+00,0.000000e+00,0.000000e+00
5.000000e+01,1.760000e+02,0.0,1.000000e+00,0.000000e+00,0.000000e+00
5.200000e+01,1.760000e+02,0.0,1.000000e+00,0.000000e+00,0.000000e+00
5.400000e+01,1.760000e+02,0.0,1.000000e+00,0.000000e+00,0.000000e+00
5.600000e+01,1.760000e+02,0.0,1.000000e+00,0.000000e+00,0.000000e+00
5.800000e+01,1.760000e+02,0.0,1.000000e+00,0.000000e+00,0.000000e+00
6.000000e+01,1.760000e+02,0.0,1.000000e+00,0.000000e+00,0.000000e+00
6.200000e+01,1.760000e+02,0.0,1.000000e+00,0.000000e+00,0.000000e+00
6.400000e+01,1.760000e+02,0.0,1.000000e+00,0.000000e+00,0.000000e+00
6.600000e+01,1.760000e+02,0.0,1.000000e+00,0.000000e+00,0.000000e+00
6.800000e+01,1.760000e+02,0.0,1.000000e+00,0.000000e+00,0.000000e+00
7.000000e+01,1.760000e+02,0.0,1.000000e+00,0.000000e+00,0.000000e+00
7.200000e+01,1.760000e+02,0.0,1.000000e+00,0.000000e+00,0.000000e+00
7.400000e+01,1.760000e+02,0.0,1.000000e+00,0.000000e+00,0.000000e+00
7.600000e+01,1.760000e+02,0.0,1.000000e+00,0.000000e+00,0.000000e+00
7.800000e+01,1.760000e+02,0.0,1.000000e+00,-5.584302e-52,0.000000e+00
8.000000e+01,1.760000e+02,0.0,1.000000e+00,-7.452395e-49,0.000000e+00
8.200000e+01,1.760000e+02,0.0,1.000000e+00,-1.740160e-33,4.905562e-17
8.400000e+01,1.760000e+02,0.0,1.000000e+00,-2.810236e-32,1.798387e-16
8.600000e+01,1.760000e+02,0.0,1.000000e+00,1.635539e-17,9.483305e-16
8.800000e+01,1.760000e+02,0.0,1.000000e+00,-2.452887e-16,5.853401e-15
9.000000e+01,1.760000e+02,0.0,1.000000e+00,-1.046496e-15,2.858179e-14
9.200000e+01,1.760000e+02,0.0,1.000000e+00,-1.520768e-15,8.170944e-14
9.400000e+01,1.760000e+02,0.0,1.000000e+00,-3.433665e-16,1.361596e-13
9.600000e+01,1.760000e+02,0.0,1.000000e+00,1.340883e-15,1.177613e-13
9.800000e+01,1.760000e+02,0.0,1.000000e+00,1.046475e-15,2.686439e-14
1.000000e+02,1.760000e+02,0.0,1.000000e+00,-5.806366e-68,2.985635e-14
1.020000e+02,1.760000e+02,0.0,1.000000e+00,-1.046475e-15,2.686439e-14
1.040000e+02,1.760000e+02,0.0,1.000000e+00,-1.340883e-15,1.177613e-13
1.060000e+02,1.760000e+02,0.0,1.000000e+00,3.433665e-16,1.361596e-13
1.080000e+02,1.760000e+02,0.0,1.000000e+00,1.520768e-15,8.170944e-14
1.100000e+02,1.760000e+02,0.0,1.000000e+00,1.046496e-15,2.858179e-14
1.120000e+02,1.760000e+02,0.0,1.000000e+00,2.452887e-16,5.853401e-15
1.140000e+02,1.760000e+02,0.0,1.000000e+00,-1.635539e-17,9.483305e-16
1.160000e+02,1.760000e+02,0.0,1.000000e+00,2.810236e-32,1.798387e-16
1.180000e+02,1.760000e+02,0.0,1.000000e+00,1.740160e-33,4.905562e-17
1.200000e+02,1.760000e+02,0.0,1.000000e+00,7.452395e-49,0.000000e+00
1.220000e+02,1.760000e+02,0.0,1.000000e+00,5.584302e-52,0.000000e+00
1.240000e+02,1.760000e+02,0.0,1.000000e+00,0.000000e+00,0.000000e+00
1.260000e+02,1.760000e+02,0.0,1.000000e+00,0.000000e+00,0.000000e+00
1.280000e+02,1.760000e+02,0.0,1.000000e+00,0.000000e+00,0.000000e+00
1.300000e+02,1.760000e+02,0.0,1.000000e+00,0.000000e+00,0.000000e+00
1.320000e+02,1.760000e+02,0.0,1.000000e+00,0.000000e+00,0.000000e+00
1.340000e+02,1.760000e+02,0.0,1.000000e+00,0.000000e+00,0.000000e+00
1.360000e+02,1.760000e+02,0.0,1.000000e+00,0.000000e+00,0.000000e+00
1.380000e+02,1.760000e+02,0.0,1.000000e+00,0.000000e+00,0.000000e+00
1.400000e+02,1.760000e+02,0.0,1.000000e+00,0.000000e+00,0.000000e+00
1.420000e+02,1.760000e+02,0.0,1.000000e+00,0.000000e+00,0.000000e+00
1.440000e+02,1.760000e+02,0.0,1.000000e+00,0.000000e+00,0.000000e+00
1.460000e+02,1.760000e+02,0.0,1.000000e+00,0.000000e+00,0.000000e+00
1.480000e+02,1.760000e+02,0.0,1.000000e+00,0.000000e+00,0.000000e+00
1.500000e+02,1.760000e+02,0.0,1.000000e+00,0.000000e+00,0.000000e+00
1.520000e+02,1.760000e+02,0.0,1.000000e+00,0.000000e+00,0.000000e+00
1.540000e+02,1.760000e+02,0.0,1.000000e+00,0.000000e+00,0.000000e+00
1.560000e+02,1.760000e+02,0.0,1.000000e+00,0.000000e+00,0.000000e+00
1.580000e+02,1.760000e+02,0.0,1.000000e+00,0.000000e+00,0.000000e+00
1.600000e+02,1.760000e+02,0.0,1.000000e+00,0.000000e+00,0.000000e+00
1.620000e+02,1.760000e+02,0.0,1.000000e+00,0.000000e+00,0.000000e+00
1.640000e+02,1.760000e+02,0.0,1.000000e+00,0.000000e+00,0.000000e+00
1.660000e+02,1.760000e+02,0.0,1.000000e+00,0.000000e+00,0.000000e+00
1.680000e+02,1.760000e+02,0.0,1.000000e+00,0.000000e+00,0.000000e+00
1.700000e+02,1.760000e+02,0.0,1.000000e+00,0.000000e+00,0.000000e+00
1.720000e+02,1.760000e+02,0.0,1.000000e+00,0.000000e+00,0.000000e+00
1.740000e+02,1.760000e+02,0.0,1.000000e+00,0.000000e+00,0.000000e+00
1.760000e+02,1.760000e+02,0.0,1.000000e+00,0.000000e+00,0.000000e+00
1.780000e+02,1.760000e+02,0.0,1.000000e+00,0.000000e+00,0.000000e+00
1.800000e+02,1.760000e+02,0.0,1.000000e+00,0.000000e+00,0.000000e+00
1.820000e+02,1.760000e+02,0.0,1.000000e+00,0.000000e+00,0.000000e+00
1.840000e+02,1.760000e+02,0.0,1.000000e+00,0.000000e+00,0.000000e+00
1.860000e+02,1.760000e+02,0.0,1.000000e+00,0.000000e+00,0.000000e+00
1.880000e+02,1.760000e+02,0.0,1.000000e+00,0.000000e+00,0.000000e+00
1.900000e+02,1.760000e+02,0.0,1.000000e+00,0.000000e+00,0.000000e+00
1.920000e+02,1.760000e+02,0.0,1.000000e+00,0.000000e+00,0.000000e+00
1.940000e+02,1.760000e+02,0.0,1.000000e+00,0.000000e+00,0.000000e+00
1.960000e+02,1.760000e+02,0.0,1.000000e+00,0.000000e+00,0.000000e+00
1.980000e+02,1.760000e+02,0.0,1.000000e+00,0.000000e+00,0.000000e+00
2.000000e+02,1.760000e+02,0.0,1.000000e+00,0.000000e+00,0.000000e+00
0.000000e+00,1.780000e+02,0.0,1.000000e+00,0.000000e+00,0.000000e+00
2.000000e+00,1.780000e+02,0.0,1.000000e+00,0.000000e+00,0.000000e+00
4.000000e+00,1.780000e+02,0.0,1.000000e+00,0.000000e+00,0.000000e+00
6.000000e+00,1.780000e+02,0.0,1.000000e+00,0.000000e+00,0.000000e+00
8.000000e+00,1.780000e+02,0.0,1.000000e+00,0.000000e+00,0.000000e+00
1.000000e+01,1.780000e+02,0.0,1.000000e+00,0.000000e+00,0.000000e+00
1.200000e+01,1.780000e+02,0.0,1.000000e+00,0.000000e+00,0.000000e+00
1.400000e+01,1.780000e+02,0.0,1.000000e+00,0.000000e+00,0.000000e+00
1.600000e+01,1.780000e+02,0.0,1.000000e+00,0.000000e+00,0.000000e+00
1.800000e+01,1.780000e+02,0.0,1.000000e+00,0.000000e+00,0.000000e+00
2.000000e+01,1.780000e+02,0.0,1.000000e+00,0.000000e+00,0.000000e+00
2.200000e+01,1.780000e+02,0.0,1.000000e+00,0.000000e+00,0.000000e+00
2.400000e+01,1.780000e+02,0.0,1.000000e+00,0.000000e+00,0.000000e+00
2.600000e+01,1.780000e+02,0.0,1.000000e+00,0.000000e+00,0.000000e+00
2.800000e+01,1.780000e+02,0.0,1.000000e+00,0.000000e+00,0.000000e+00
3.000000e+01,1.780000e+02,0.0,1.000000e+00,0.000000e+00,0.000000e+00
3.200000e+01,1.780000e+02,0.0,1.000000e+00,0.000000e+00,0.000000e+00
3.400000e+01,1.780000e+02,0.0,1.000000e+00,0.000000e+00,0.000000e+00
3.600000e+01,1.780000e+02,0.0,1.000000e+00,0.000000e+00,0.000000e+00
3.800000e+01,1.780000e+02,0.0,1.000000e+00,0.000000e+00,0.000000e+00
4.000000e+01,1.780000e+02,0.0,1.000000e+00,0.000000e+00,0.000000e+00
4.200000e+01,1.780000e+02,0.0,1.000000e+00,0.000000e+00,0.000000e+00
4.400000e+01,1.780000e+02,0.0,1.000000e+00,0.000000e+00,0.000000e+00
4.600000e+01,1.780000e+02,0.0,1.000000e+00,0.000000e+00,0.000000e+00
4.800000e+01,1.780000e+02,0.0,1.000000e+00,0.000000e+00,0.000000e+00
5.000000e+01,1.780000e+02,0.0,1.000000e+00,0.000000e+00,0.000000e+00
5.200000e+01,1.780000e+02,0.0,1.000000e+00,0.000000e+00,0.000000e+00
5.400000e+01,1.780000e+02,0.0,1.000000e+00,0.000000e+00,0.000000e+00
5.600000e+01,1.780000e+02,0.0,1.000000e+00,0.000000e+00,0.000000e+00
5.800000e+01,1.780000e+02,0.0,1.000000e+00,0.000000e+00,0.000000e+00
6.000000e+01,1.780000e+02,0.0,1.000000e+00,0.000000e+00,0.000000e+00
6.200000e+01,1.780000e+02,0.0,1.000000e+00,0.000000e+00,0.000000e+00
6.400000e+01,1.780000e+02,0.0,1.000000e+00,0.000000e+00,0.000000e+00
6.600000e+01,1.780000e+02,0.0,1.000000e+00,0.000000e+00,0.000000e+00
6.800000e+01,1.780000e+02,0.0,1.000000e+00,0.000000e+00,0.000000e+00
7.000000e+01,1.780000e+02,0.0,1.000000e+00,0.000000e+00,0.000000e+00
7.200000e+01,1.780000e+02,0.0,1.000000e+00,0.000000e+00,0.000000e+00
7.400000e+01,1.780000e+02,0.0,1.000000e+00,0.000000e+00,0.000000e+00
7.600000e+01,1.780000e+02,0.0,1.000000e+00,0.000000e+00,0.000000e+00
7.800000e+01,1.780000e+02,0.0,1.000000e+00,0.000000e+00,0.000000e+00
8.000000e+01,1.780000e+02,0.0,1.000000e+00,0.000000e+00,0.000000e+00
8.200000e+01,1.780000e+02,0.0,1.000000e+00,-5.949376e-55,0.000000e+00
8.400000e+01,1.780000e+02,0.0,1.000000e+00,-7.838137e-53,0.000000e+00
8.600000e+01,1.780000e+02,0.0,1.000000e+00,-1.080728e-50,0.000000e+00
8.800000e+01,1.780000e+02,0.0,1.000000e+00,-7.421351e-35,0.000000e+00
9.000000e+01,1.780000e+02,0.0,1.000000e+00,-1.654457e-33,3.271078e-17
9.200000e+01,1.780000e+02,0.0,1.000000e+00,-4.993008e-33,8.177402e-17
9.400000e+01,1.780000e+02,0.0,1.000000e+00,-2.738998e-33,1.798700e-16
9.600000e+01,1.780000e+02,0.0,1.000000e+00,7.137277e-33,1.798700e-16
9.800000e+01,1.780000e+02,0.0,1.000000e+00,1.822554e-33,4.905562e-17
1.000000e+02,1.780000e+02,0.0,1.000000e+00,-1.941964e-89,4.905562e-17
1.020000e+02,1.780000e+02,0.0,1.000000e+00,-1.822554e-33,4.905562e-17
1.040000e+02,1.780000e+02,0.0,1.000000e+00,-7.137277e-33,1.798700e-16
1.060000e+02,1.780000e+02,0.0,1.000000e+00,2.738998e-33,1.798700e-16
1.080000e+02,1.780000e+02,0.0,1.000000e+00,4.993008e-33,8.177402e-17
1.100000e+02,1.780000e+02,0.0,1.000000e+00,1.654457e-33,3.271078e-17
1.120000e+02,1.780000e+02,0.0,1.000000e+00,7.421351e-35,0.000000e+00
1.140000e+02,1.780000e+02,0.0,1.000000e+00,1.080728e-50,0.000000e+00
1.160000e+02,1.780000e+02,0.0,1.000000e+00,7.838137e-53,0.000000e+00
1.180000e+02,1.780000e+02,0.0,1.000000e+00,5.949376e-55,0.000000e+00
1.200000e+02,1.780000e+02,0.0,1.000000e+00,0.000000e+00,0.000000e+00
1.220000e+02,1.780000e+02,0.0,1.000000e+00,0.000000e+00,0.000000e+00
1.240000e+02,1.780000e+02,0.0,1.000000e+00,0.000000e+00,0.000000e+00
1.260000e+02,1.780000e+02,0.0,1.000000e+00,0.000000e+00,0.000000e+00
1.280000e+02,1.780000e+02,0.0,1.000000e+00,0.000000e+00,0.000000e+00
1.300000e+02,1.780000e+02,0.0,1.000000e+00,0.000000e+00,0.000000e+00
1.320000e+02,1.780000e+02,0.0,1.000000e+00,0.000000e+00,0.000000e+00
1.340000e+02,1.780000e+02,0.0,1.000000e+00,0.000000e+00,0.000000e+00
1.360000e+02,1.780000e+02,0.0,1.000000e+00,0.000000e+00,0.000000e+00
1.380000e+02,1.780000e+02,0.0,1.000000e+00,0.000000e+00,0.000000e+00
1.400000e+02,1.780000e+02,0.0,1.000000e+00,0.000000e+00,0.000000e+00
1.420000e+02,1.780000e+02,0.0,1.000000e+00,0.000000e+00,0.000000e+00
1.440000e+02,1.780000e+02,0.0,1.000000e+00,0.000000e+00,0.000000e+00
1.460000e+02,1.780000e+02,0.0,1.000000e+00,0.000000e+00,0.000000e+00
1.480000e+02,1.780000e+02,0.0,1.000000e+00,0.000000e+00,0.000000e+00
1.500000e+02,1.780000e+02,0.0,1.000000e+00,0.000000e+00,0.000000e+00
1.520000e+02,1.780000e+02,0.0,1.000000e+00,0.000000e+00,0.000000e+00
1.540000e+02,1.780000e+02,0.0,1.000000e+00,0.000000e+00,0.000000e+00
1.560000e+02,1.780000e+02,0.0,1.000000e+00,0.000000e+00,0.000000e+00
1.580000e+02,1.780000e+02,0.0,1.000000e+00,0.000000e+00,0.000000e+00
1.600000e+02,1.780000e+02,0.0,1.000000e+00,0.000000e+00,0.000000e+00
1.620000e+02,1.780000e+02,0.0,1.000000e+00,0.000000e+00,0.000000e+00
1.640000e+02,1.780000e+02,0.0,1.000000e+00,0.000000e+00,0.000000e+00
1.660000e+02,1.780000e+02,0.0,1.000000e+00,0.000000e+00,0.000000e+00
1.680000e+02,1.780000e+02,0.0,1.000000e+00,0.000000e+00,0.000000e+00
1.700000e+02,1.780000e+02,0.0,1.000000e+00,0.000000e+00,0.000000e+00
1.720000e+02,1.780000e+02,0.0,1.000000e+00,0.000000e+00,0.000000e+00
1.740000e+02,1.780000e+02,0.0,1.000000e+00,0.000000e+00,0.000000e+00
1.760000e+02,1.780000e+02,0.0,1.000000e+00,0.000000e+00,0.000000e+00
1.780000e+02,1.780000e+02,0.0,1.000000e+00,0.000000e+00,0.000000e+00
1.800000e+02,1.780000e+02,0.0,1.000000e+00,0.000000e+00,0.000000e+00
1.820000e+02,1.780000e+02,0.0,1.000000e+00,0.000000e+00,0.000000e+00
1.840000e+02,1.780000e+02,0.0,1.000000e+00,0.000000e+00,0.000000e+00
1.860000e+02,1.780000e+02,0.0,1.000000e+00,0.000000e+00,0.000000e+00
1.880000e+02,1.780000e+02,0.0,1.000000e+00,0.000000e+00,0.000000e+00
1.900000e+02,1.780000e+02,0.0,1.000000e+00,0.000000e+00,0.000000e+00
1.920000e+02,1.780000e+02,0.0,1.000000e+00,0.000000e+00,0.000000e+00
1.940000e+02,1.780000e+02,0.0,1.000000e+00,0.000000e+00,0.000000e+00
1.960000e+02,1.780000e+02,0.0,1.000000e+00,0.000000e+00,0.000000e+00
1.980000e+02,1.780000e+02,0.0,1.000000e+00,0.000000e+00,0.000000e+00
2.000000e+02,1.780000e+02,0.0,1.000000e+00,0.000000e+00,0.000000e+00
0.000000e+00,1.800000e+02,0.0,1.000000e+00,0.000000e+00,0.000000e+00
2.000000e+00,1.800000e+02,0.0,1.000000e+00,0.000000e+00,0.000000e+00
4.000000e+00,1.800000e+02,0.0,1.000000e+00,0.000000e+00,0.000000e+00
6.000000e+00,1.800000e+02,0.0,1.000000e+00,0.000000e+00,0.000000e+00
8.000000e+00,1.800000e+02,0.0,1.000000e+00,0.000000e+00,0.000000e+00
1.000000e+01,1.800000e+02,0.0,1.000000e+00,0.000000e+00,0.000000e+00
1.200000e+01,1.800000e+02,0.0,1.000000e+00,0.000000e+00,0.000000e+00
1.400000e+01,1.800000e+02,0.0,1.000000e+00,0.000000e+00,0.000000e+00
1.600000e+01,1.800000e+02,0.0,1.000000e+00,0.000000e+00,0.000000e+00
1.800000e+01,1.800000e+02,0.0,1.000000e+00,0.000000e+00,0.000000e+00
2.000000e+01,1.800000e+02,0.0,1.000000e+00,0.000000e+00,0.000000e+00
2.200000e+01,1.800000e+02,0.0,1.000000e+00,0.000000e+00,0.000000e+00
2.400000e+01,1.800000e+02,0.0,1.000000e+00,0.000000e+00,0.000000e+00
2.600000e+01,1.800000e+02,0.0,1.000000e+00,0.000000e+00,0.000000e+00
2.800000e+01,1.800000e+02,0.0,1.000000e+00,0.000000e+00,0.000000e+00
3.000000e+01,1.800000e+02,0.0,1.000000e+00,0.000000e+00,0.000000e+00
3.200000e+01,1.800000e+02,0.0,1.000000e+00,0.000000e+00,0.000000e+00
3.400000e+01,1.800000e+02,0.0,1.000000e+00,0.000000e+00,0.000000e+00
3.600000e+01,1.800000e+02,0.0,1.000000e+00,0.000000e+00,0.000000e+00
3.800000e+01,1.800000e+02,0.0,1.000000e+00,0.000000e+00,0.000000e+00
4.000000e+01,1.800000e+02,0.0,1.000000e+00,0.000000e+00,0.000000e+00
4.200000e+01,1.800000e+02,0.0,1.000000e+00,0.000000e+00,0.000000e+00
4.400000e+01,1.800000e+02,0.0,1.000000e+00,0.000000e+00,0.000000e+00
4.600000e+01,1.800000e+02,0.0,1.000000e+00,0.000000e+00,0.000000e+00
4.800000e+01,1.800000e+02,0.0,1.000000e+00,0.000000e+00,0.000000e+00
5.000000e+01,1.800000e+02,0.0,1.000000e+00,0.000000e+00,0.000000e+00
5.200000e+01,1.800000e+02,0.0,1.000000e+00,0.000000e+00,0.000000e+00
5.400000e+01,1.800000e+02,0.0,1.000000e+00,0.000000e+00,0.000000e+00
5.600000e+01,1.800000e+02,0.0,1.000000e+00,0.000000e+00,0.000000e+00
5.800000e+01,1.800000e+02,0.0,1.000000e+00,0.000000e+00,0.000000e+00
6.000000e+01,1.800000e+02,0.0,1.000000e+00,0.000000e+00,0.000000e+00
6.200000e+01,1.800000e+02,0.0,1.000000e+00,0.000000e+00,0.000000e+00
6.400000e+01,1.800000e+02,0.0,1.000000e+00,0.000000e+00,0.000000e+00
6.600000e+01,1.800000e+02,0.0,1.000000e+00,0.000000e+00,0.000000e+00
6.800000e+01,1.800000e+02,0.0,1.000000e+00,0.000000e+00,0.000000e+00
7.000000e+01,1.800000e+02,0.0,1.000000e+00,0.000000e+00,0.000000e+00
7.200000e+01,1.800000e+02,0.0,1.000000e+00,0.000000e+00,0.000000e+00
7.400000e+01,1.800000e+02,0.0,1.000000e+00,0.000000e+00,0.000000e+00
7.600000e+01,1.800000e+02,0.0,1.000000e+00,0.000000e+00,0.000000e+00
7.800000e+01,1.800000e+02,0.0,1.000000e+00,0.000000e+00,0.000000e+00
8.000000e+01,1.800000e+02,0.0,1.000000e+00,0.000000e+00,0.000000e+00
8.200000e+01,1.800000e+02,0.0,1.000000e+00,0.000000e+00,0.000000e+00
8.400000e+01,1.800000e+02,0.0,1.000000e+00,0.000000e+00,0.000000e+00
8.600000e+01,1.800000e+02,0.0,1.000000e+00,0.000000e+00,0.000000e+00
8.800000e+01,1.800000e+02,0.0,1.000000e+00,0.000000e+00,0.000000e+00
9.000000e+01,1.800000e+02,0.0,1.000000e+00,0.000000e+00,0.000000e+00
9.200000e+01,1.800000e+02,0.0,1.000000e+00,-2.427109e-56,0.000000e+00
9.400000e+01,1.800000e+02,0.0,1.000000e+00,-3.860901e-54,0.000000e+00
9.600000e+01,1.800000e+02,0.0,1.000000e+00,8.370723e-54,0.000000e+00
9.800000e+01,1.800000e+02,0.0,1.000000e+00,7.027915e-55,0.000000e+00
1.000000e+02,1.800000e+02,0.0,1.000000e+00,-1.105860e-114,0.000000e+00
1.020000e+02,1.800000e+02,0.0,1.000000e+00,-7.027915e-55,0.000000e+00
1.040000e+02,1.800000e+02,0.0,1.000000e+00,-8.370723e-54,0.000000e+00
1.060000e+02,1.800000e+02,0.0,1.000000e+00,3.860901e-54,0.000000e+00
1.080000e+02,1.800000e+02,0.0,1.000000e+00,2.427109e-56,0.000000e+00
1.100000e+02,1.800000e+02,0.0,1.000000e+00,0.000000e+00,0.000000e+00
1.120000e+02,1.800000e+02,0.0,1.000000e+00,0.000000e+00,0.000000e+00
1.140000e+02,1.800000e+02,0.0,1.000000e+00,0.000000e+00,0.000000e+00
1.160000e+02,1.800000e+02,0.0,1.000000e+00,0.000000e+00,0.000000e+00
1.180000e+02,1.800000e+02,0.0,1.000000e+00,0.000000e+00,0.000000e+00
1.200000e+02,1.800000e+02,0.0,1.000000e+00,0.000000e+00,0.000000e+00
1.220000e+02,1.800000e+02,0.0,1.000000e+00,0.000000e+00,0.000000e+00
1.240000e+02,1.800000e+02,0.0,1.000000e+00,0.000000e+00,0.000000e+00
1.260000e+02,1.800000e+02,0.0,1.000000e+00,0.000000e+00,0.000000e+00
1.280000e+02,1.800000e+02,0.0,1.000000e+00,0.000000e+00,0.000000e+00
1.300000e+02,1.800000e+02,0.0,1.000000e+00,0.000000e+00,0.000000e+00
1.320000e+02,1.800000e+02,0.0,1.000000e+00,0.000000e+00,0.000000e+00
1.340000e+02,1.800000e+02,0.0,1.000000e+00,0.000000e+00,0.000000e+00
1.360000e+02,1.800000e+02,0.0,1.000000e+00,0.000000e+00,0.000000e+00
1.380000e+02,1.800000e+02,0.0,1.000000e+00,0.000000e+00,0.000000e+00
1.400000e+02,1.800000e+02,0.0,1.000000e+00,0.000000e+00,0.000000e+00
1.420000e+02,1.800000e+02,0.0,1.000000e+00,0.000000e+00,0.000000e+00
1.440000e+02,1.800000e+02,0.0,1.000000e+00,0.000000e+00,0.000000e+00
1.460000e+02,1.800000e+02,0.0,1.000000e+00,0.000000e+00,0.000000e+00
1.480000e+02,1.800000e+02,0.0,1.000000e+00,0.000000e+00,0.000000e+00
1.500000e+02,1.800000e+02,0.0,1.000000e+00,0.000000e+00,0.000000e+00
1.520000e+02,1.800000e+02,0.0,1.000000e+00,0.000000e+00,0.000000e+00
1.540000e+02,1.800000e+02,0.0,1.000000e+00,0.000000e+00,0.000000e+00
1.560000e+02,1.800000e+02,0.0,1.000000e+00,0.000000e+00,0.000000e+00
1.580000e+02,1.800000e+02,0.0,1.000000e+00,0.000000e+00,0.000000e+00
1.600000e+02,1.800000e+02,0.0,1.000000e+00,0.000000e+00,0.000000e+00
1.620000e+02,1.800000e+02,0.0,1.000000e+00,0.000000e+00,0.000000e+00
1.640000e+02,1.800000e+02,0.0,1.000000e+00,0.000000e+00,0.000000e+00
1.660000e+02,1.800000e+02,0.0,1.000000e+00,0.000000e+00,0.000000e+00
1.680000e+02,1.800000e+02,0.0,1.000000e+00,0.000000e+00,0.000000e+00
1.700000e+02,1.800000e+02,0.0,1.000000e+00,0.000000e+00,0.000000e+00
1.720000e+02,1.800000e+02,0.0,1.000000e+00,0.000000e+00,0.000000e+00
1.740000e+02,1.800000e+02,0.0,1.000000e+00,0.000000e+00,0.000000e+00
1.760000e+02,1.800000e+02,0.0,1.000000e+00,0.000000e+00,0.000000e+00
1.780000e+02,1.800000e+02,0.0,1.000000e+00,0.000000e+00,0.000000e+00
1.800000e+02,1.800000e+02,0.0,1.000000e+00,0.000000e+00,0.000000e+00
1.820000e+02,1.800000e+02,0.0,1.000000e+00,0.000000e+00,0.000000e+00
1.840000e+02,1.800000e+02,0.0,1.000000e+00,0.000000e+00,0.000000e+00
1.860000e+02,1.800000e+02,0.0,1.000000e+00,0.000000e+00,0.000000e+00
1.880000e+02,1.800000e+02,0.0,1.000000e+00,0.000000e+00,0.000000e+00
1.900000e+02,1.800000e+02,0.0,1.000000e+00,0.000000e+00,0.000000e+00
1.920000e+02,1.800000e+02,0.0,1.000000e+00,0.000000e+00,0.000000e+00
1.940000e+02,1.800000e+02,0.0,1.000000e+00,0.000000e+00,0.000000e+00
1.960000e+02,1.800000e+02,0.0,1.000000e+00,0.000000e+00,0.000000e+00
1.980000e+02,1.800000e+02,0.0,1.000000e+00,0.000000e+00,0.000000e+00
2.000000e+02,1.800000e+02,0.0,1.000000e+00,0.000000e+00,0.000000e+00
0.000000e+00,1.820000e+02,0.0,1.000000e+00,0.000000e+00,0.000000e+00
2.000000e+00,1.820000e+02,0.0,1.000000e+00,0.000000e+00,0.000000e+00
4.000000e+00,1.820000e+02,0.0,1.000000e+00,0.000000e+00,0.000000e+00
6.000000e+00,1.820000e+02,0.0,1.000000e+00,0.000000e+00,0.000000e+00
8.000000e+00,1.820000e+02,0.0,1.000000e+00,0.000000e+00,0.000000e+00
1.000000e+01,1.820000e+02,0.0,1.000000e+00,0.000000e+00,0.000000e+00
1.200000e+01,1.820000e+02,0.0,1.000000e+00,0.000000e+00,0.000000e+00
1.400000e+01,1.820000e+02,0.0,1.000000e+00,0.000000e+00,0.000000e+00
1.600000e+01,1.820000e+02,0.0,1.000000e+00,0.000000e+00,0.000000e+00
1.800000e+01,1.820000e+02,0.0,1.000000e+00,0.000000e+00,0.000000e+00
2.000000e+01,1.820000e+02,0.0,1.000000e+00,0.000000e+00,0.000000e+00
2.200000e+01,1.820000e+02,0.0,1.000000e+00,0.000000e+00,0.000000e+00
2.400000e+01,1.820000e+02,0.0,1.000000e+00,0.000000e+00,0.000000e+00
2.600000e+01,1.820000e+02,0.0,1.000000e+00,0.000000e+00,0.000000e+00
2.800000e+01,1.820000e+02,0.0,1.000000e+00,0.000000e+00,0.000000e+00
3.000000e+01,1.820000e+02,0.0,1.000000e+00,0.000000e+00,0.000000e+00
3.200000e+01,1.820000e+02,0.0,1.000000e+00,0.000000e+00,0.000000e+00
3.400000e+01,1.820000e+02,0.0,1.000000e+00,0.000000e+00,0.000000e+00
3.600000e+01,1.820000e+02,0.0,1.000000e+00,0.000000e+00,0.000000e+00
3.800000e+01,1.820000e+02,0.0,1.000000e+00,0.000000e+00,0.000000e+00
4.000000e+01,1.820000e+02,0.0,1.000000e+00,0.000000e+00,0.000000e+00
4.200000e+01,1.820000e+02,0.0,1.000000e+00,0.000000e+00,0.000000e+00
4.400000e+01,1.820000e+02,0.0,1.000000e+00,0.000000e+00,0.000000e+00
4.600000e+01,1.820000e+02,0.0,1.000000e+00,0.000000e+00,0.000000e+00
4.800000e+01,1.820000e+02,0.0,1.000000e+00,0.000000e+00,0.000000e+00
5.000000e+01,1.820000e+02,0.0,1.000000e+00,0.000000e+00,0.000000e+00
5.200000e+01,1.820000e+02,0.0,1.000000e+00,0.000000e+00,0.000000e+00
5.400000e+01,1.820000e+02,0.0,1.000000e+00,0.000000e+00,0.000000e+00
5.600000e+01,1.820000e+02,0.0,1.000000e+00,0.000000e+00,0.000000e+00
5.800000e+01,1.820000e+02,0.0,1.000000e+00,0.000000e+00,0.000000e+00
6.000000e+01,1.820000e+02,0.0,1.000000e+00,0.000000e+00,0.000000e+00
6.200000e+01,1.820000e+02,0.0,1.000000e+00,0.000000e+00,0.000000e+00
6.400000e+01,1.820000e+02,0.0,1.000000e+00,0.000000e+00,0.000000e+00
6.600000e+01,1.820000e+02,0.0,1.000000e+00,0.000000e+00,0.000000e+00
6.800000e+01,1.820000e+02,0.0,1.000000e+00,0.000000e+00,0.000000e+00
7.000000e+01,1.820000e+02,0.0,1.000000e+00,0.000000e+00,0.000000e+00
7.200000e+01,1.820000e+02,0.0,1.000000e+00,0.000000e+00,0.000000e+00
7.400000e+01,1.820000e+02,0.0,1.000000e+00,0.000000e+00,0.000000e+00
7.600000e+01,1.820000e+02,0.0,1.000000e+00,0.000000e+00,0.000000e+00
7.800000e+01,1.820000e+02,0.0,1.000000e+00,0.000000e+00,0.000000e+00
8.000000e+01,1.820000e+02,0.0,1.000000e+00,0.000000e+00,0.000000e+00
8.200000e+01,1.820000e+02,0.0,1.000000e+00,0.000000e+00,0.000000e+00
8.400000e+01,1.820000e+02,0.0,1.000000e+00,0.000000e+00,0.000000e+00
8.600000e+01,1.820000e+02,0.0,1.000000e+00,0.000000e+00,0.000000e+00
8.800000e+01,1.820000e+02,0.0,1.000000e+00,0.000000e+00,0.000000e+00
9.000000e+01,1.820000e+02,0.0,1.000000e+00,0.000000e+00,0.000000e+00
9.200000e+01,1.820000e+02,0.0,1.000000e+00,0.000000e+00,0.000000e+00
9.400000e+01,1.820000e+02,0.0,1.000000e+00,0.000000e+00,0.000000e+00
9.600000e+01,1.820000e+02,0.0,1.000000e+00,0.000000e+00,0.000000e+00
9.800000e+01,1.820000e+02,0.0,1.000000e+00,0.000000e+00,0.000000e+00
1.000000e+02,1.820000e+02,0.0,1.000000e+00,0.000000e+00,0.000000e+00
1.020000e+02,1.820000e+02,0.0,1.000000e+00,0.000000e+00,0.000000e+00
1.040000e+02,1.820000e+02,0.0,1.000000e+00,0.000000e+00,0.000000e+00
1.060000e+02,1.820000e+02,0.0,1.000000e+00,0.000000e+00,0.000000e+00
1.080000e+02,1.820000e+02,0.0,1.000000e+00,0.000000e+00,0.000000e+00
1.100000e+02,1.820000e+02,0.0,1.000000e+00,0.000000e+00,0.000000e+00
1.120000e+02,1.820000e+02,0.0,1.000000e+00,0.000000e+00,0.000000e+00
1.140000e+02,1.820000e+02,0.0,1.000000e+00,0.000000e+00,0.000000e+00
1.160000e+02,1.820000e+02,0.0,1.000000e+00,0.000000e+00,0.000000e+00
1.180000e+02,1.820000e+02,0.0,1.000000e+00,0.000000e+00,0.000000e+00
1.200000e+02,1.820000e+02,0.0,1.000000e+00,0.000000e+00,0.000000e+00
1.220000e+02,1.820000e+02,0.0,1.000000e+00,0.000000e+00,0.000000e+00
1.240000e+02,1.820000e+02,0.0,1.000000e+00,0.000000e+00,0.000000e+00
1.260000e+02,1.820000e+02,0.0,1.000000e+00,0.000000e+00,0.000000e+00
1.280000e+02,1.820000e+02,0.0,1.000000e+00,0.000000e+00,0.000000e+00
1.300000e+02,1.820000e+02,0.0,1.000000e+00,0.000000e+00,0.000000e+00
1.320000e+02,1.820000e+02,0.0,1.000000e+00,0.000000e+00,0.000000e+00
1.340000e+02,1.820000e+02,0.0,1.000000e+00,0.000000e+00,0.000000e+00
1.360000e+02,1.820000e+02,0.0,1.000000e+00,0.000000e+00,0.000000e+00
1.380000e+02,1.820000e+02,0.0,1.000000e+00,0.000000e+00,0.000000e+00
1.400000e+02,1.820000e+02,0.0,1.000000e+00,0.000000e+00,0.000000e+00
1.420000e+02,1.820000e+02,0.0,1.000000e+00,0.000000e+00,0.000000e+00
1.440000e+02,1.820000e+02,0.0,1.000000e+00,0.000000e+00,0.000000e+00
1.460000e+02,1.820000e+02,0.0,1.000000e+00,0.000000e+00,0.000000e+00
1.480000e+02,1.820000e+02,0.0,1.000000e+00,0.000000e+00,0.000000e+00
1.500000e+02,1.820000e+02,0.0,1.000000e+00,0.000000e+00,0.000000e+00
1.520000e+02,1.820000e+02,0.0,1.000000e+00,0.000000e+00,0.000000e+00
1.540000e+02,1.820000e+02,0.0,1.000000e+00,0.000000e+00,0.000000e+00
1.560000e+02,1.820000e+02,0.0,1.000000e+00,0.000000e+00,0.000000e+00
1.580000e+02,1.820000e+02,0.0,1.000000e+00,0.000000e+00,0.000000e+00
1.600000e+02,1.820000e+02,0.0,1.000000e+00,0.000000e+00,0.000000e+00
1.620000e+02,1.820000e+02,0.0,1.000000e+00,0.000000e+00,0.000000e+00
1.640000e+02,1.820000e+02,0.0,1.000000e+00,0.000000e+00,0.000000e+00
1.660000e+02,1.820000e+02,0.0,1.000000e+00,0.000000e+00,0.000000e+00
1.680000e+02,1.820000e+02,0.0,1.000000e+00,0.000000e+00,0.000000e+00
1.700000e+02,1.820000e+02,0.0,1.000000e+00,0.000000e+00,0.000000e+00
1.720000e+02,1.820000e+02,0.0,1.000000e+00,0.000000e+00,0.000000e+00
1.740000e+02,1.820000e+02,0.0,1.000000e+00,0.000000e+00,0.000000e+00
1.760000e+02,1.820000e+02,0.0,1.000000e+00,0.000000e+00,0.000000e+00
1.780000e+02,1.820000e+02,0.0,1.000000e+00,0.000000e+00,0.000000e+00
1.800000e+02,1.820000e+02,0.0,1.000000e+00,0.000000e+00,0.000000e+00
1.820000e+02,1.820000e+02,0.0,1.000000e+00,0.000000e+00,0.000000e+00
1.840000e+02,1.820000e+02,0.0,1.000000e+00,0.000000e+00,0.000000e+00
1.860000e+02,1.820000e+02,0.0,1.000000e+00,0.000000e+00,0.000000e+00
1.880000e+02,1.820000e+02,0.0,1.000000e+00,0.000000e+00,0.000000e+00
1.900000e+02,1.820000e+02,0.0,1.000000e+00,0.000000e+00,0.000000e+00
1.920000e+02,1.820000e+02,0.0,1.000000e+00,0.000000e+00,0.000000e+00
1.940000e+02,1.820000e+02,0.0,1.000000e+00,0.000000e+00,0.000000e+00
1.960000e+02,1.820000e+02,0.0,1.000000e+00,0.000000e+00,0.000000e+00
1.980000e+02,1.820000e+02,0.0,1.000000e+00,0.000000e+00,0.000000e+00
2.000000e+02,1.820000e+02,0.0,1.000000e+00,0.000000e+00,0.000000e+00
0.000000e+00,1.840000e+02,0.0,1.000000e+00,0.000000e+00,0.000000e+00
2.000000e+00,1.840000e+02,0.0,1.000000e+00,0.000000e+00,0.000000e+00
4.000000e+00,1.840000e+02,0.0,1.000000e+00,0.000000e+00,0.000000e+00
6.000000e+00,1.840000e+02,0.0,1.000000e+00,0.000000e+00,0.000000e+00
8.000000e+00,1.840000e+02,0.0,1.000000e+00,0.000000e+00,0.000000e+00
1.000000e+01,1.840000e+02,0.0,1.000000e+00,0.000000e+00,0.000000e+00
1.200000e+01,1.840000e+02,0.0,1.000000e+00,0.000000e+00,0.000000e+00
1.400000e+01,1.840000e+02,0.0,1.000000e+00,0.000000e+00,0.000000e+00
1.600000e+01,1.840000e+02,0.0,1.000000e+00,0.000000e+00,0.000000e+00
1.800000e+01,1.840000e+02,0.0,1.000000e+00,0.000000e+00,0.000000e+00
2.000000e+01,1.840000e+02,0.0,1.000000e+00,0.000000e+00,0.000000e+00
2.200000e+01,1.840000e+02,0.0,1.000000e+00,0.000000e+00,0.000000e+00
2.400000e+01,1.840000e+02,0.0,1.000000e+00,0.000000e+00,0.000000e+00
2.600000e+01,1.840000e+02,0.0,1.000000e+00,0.000000e+00,0.000000e+00
2.800000e+01,1.840000e+02,0.0,1.000000e+00,0.000000e+00,0.000000e+00
3.000000e+01,1.840000e+02,0.0,1.000000e+00,0.000000e+00,0.000000e+00
3.200000e+01,1.840000e+02,0.0,1.000000e+00,0.000000e+00,0.000000e+00
3.400000e+01,1.840000e+02,0.0,1.000000e+00,0.000000e+00,0.000000e+00
3.600000e+01,1.840000e+02,0.0,1.000000e+00,0.000000e+00,0.000000e+00
3.800000e+01,1.840000e+02,0.0,1.000000e+00,0.000000e+00,0.000000e+00
4.000000e+01,1.840000e+02,0.0,1.000000e+00,0.000000e+00,0.000000e+00
4.200000e+01,1.840000e+02,0.0,1.000000e+00,0.000000e+00,0.000000e+00
4.400000e+01,1.840000e+02,0.0,1.000000e+00,0.000000e+00,0.000000e+00
4.600000e+01,1.840000e+02,0.0,1.000000e+00,0.000000e+00,0.000000e+00
4.800000e+01,1.840000e+02,0.0,1.000000e+00,0.000000e+00,0.000000e+00
5.000000e+01,1.840000e+02,0.0,1.000000e+00,0.000000e+00,0.000000e+00
5.200000e+01,1.840000e+02,0.0,1.000000e+00,0.000000e+00,0.000000e+00
5.400000e+01,1.840000e+02,0.0,1.000000e+00,0.000000e+00,0.000000e+00
5.600000e+01,1.840000e+02,0.0,1.000000e+00,0.000000e+00,0.000000e+00
5.800000e+01,1.840000e+02,0.0,1.000000e+00,0.000000e+00,0.000000e+00
6.000000e+01,1.840000e+02,0.0,1.000000e+00,0.000000e+00,0.000000e+00
6.200000e+01,1.840000e+02,0.0,1.000000e+00,0.000000e+00,0.000000e+00
6.400000e+01,1.840000e+02,0.0,1.000000e+00,0.000000e+00,0.000000e+00
6.600000e+01,1.840000e+02,0.0,1.000000e+00,0.000000e+00,0.000000e+00
6.800000e+01,1.840000e+02,0.0,1.000000e+00,0.000000e+00,0.000000e+00
7.000000e+01,1.840000e+02,0.0,1.000000e+00,0.000000e+00,0.000000e+00
7.200000e+01,1.840000e+02,0.0,1.000000e+00,0.000000e+00,0.000000e+00
7.400000e+01,1.840000e+02,0.0,1.000000e+00,0.000000e+00,0.000000e+00
7.600000e+01,1.840000e+02,0.0,1.000000e+00,0.000000e+00,0.000000e+00
7.800000e+01,1.840000e+02,0.0,1.000000e+00,0.000000e+00,0.000000e+00
8.000000e+01,1.840000e+02,0.0,1.000000e+00,0.000000e+00,0.000000e+00
8.200000e+01,1.840000e+02,0.0,1.000000e+00,0.000000e+00,0.000000e+00
8.400000e+01,1.840000e+02,0.0,1.000000e+00,0.000000e+00,0.000000e+00
8.600000e+01,1.840000e+02,0.0,1.000000e+00,0.000000e+00,0.000000e+00
8.800000e+01,1.840000e+02,0.0,1.000000e+00,0.000000e+00,0.000000e+00
9.000000e+01,1.840000e+02,0.0,1.000000e+00,0.000000e+00,0.000000e+00
9.200000e+01,1.840000e+02,0.0,1.000000e+00,0.000000e+00,0.000000e+00
9.400000e+01,1.840000e+02,0.0,1.000000e+00,0.000000e+00,0.000000e+00
9.600000e+01,1.840000e+02,0.0,1.000000e+00,0.000000e+00,0.000000e+00
9.800000e+01,1.840000e+02,0.0,1.000000e+00,0.000000e+00,0.000000e+00
1.000000e+02,1.840000e+02,0.0,1.000000e+00,0.000000e+00,0.000000e+00
1.020000e+02,1.840000e+02,0.0,1.000000e+00,0.000000e+00,0.000000e+00
1.040000e+02,1.840000e+02,0.0,1.000000e+00,0.000000e+00,0.000000e+00
1.060000e+02,1.840000e+02,0.0,1.000000e+00,0.000000e+00,0.000000e+00
1.080000e+02,1.840000e+02,0.0,1.000000e+00,0.000000e+00,0.000000e+00
1.100000e+02,1.840000e+02,0.0,1.000000e+00,0.000000e+00,0.000000e+00
1.120000e+02,1.840000e+02,0.0,1.000000e+00,0.000000e+00,0.000000e+00
1.140000e+02,1.840000e+02,0.0,1.000000e+00,0.000000e+00,0.000000e+00
1.160000e+02,1.840000e+02,0.0,1.000000e+00,0.000000e+00,0.000000e+00
1.180000e+02,1.840000e+02,0.0,1.000000e+00,0.000000e+00,0.000000e+00
1.200000e+02,1.840000e+02,0.0,1.000000e+00,0.000000e+00,0.000000e+00
1.220000e+02,1.840000e+02,0.0,1.000000e+00,0.000000e+00,0.000000e+00
1.240000e+02,1.840000e+02,0.0,1.000000e+00,0.000000e+00,0.000000e+00
1.260000e+02,1.840000e+02,0.0,1.000000e+00,0.000000e+00,0.000000e+00
1.280000e+02,1.840000e+02,0.0,1.000000e+00,0.000000e+00,0.000000e+00
1.300000e+02,1.840000e+02,0.0,1.000000e+00,0.000000e+00,0.000000e+00
1.320000e+02,1.840000e+02,0.0,1.000000e+00,0.000000e+00,0.000000e+00
1.340000e+02,1.840000e+02,0.0,1.000000e+00,0.000000e+00,0.000000e+00
1.360000e+02,1.840000e+02,0.0,1.000000e+00,0.000000e+00,0.000000e+00
1.380000e+02,1.840000e+02,0.0,1.000000e+00,0.000000e+00,0.000000e+00
1.400000e+02,1.840000e+02,0.0,1.000000e+00,0.000000e+00,0.000000e+00
1.420000e+02,1.840000e+02,0.0,1.000000e+00,0.000000e+00,0.000000e+00
1.440000e+02,1.840000e+02,0.0,1.000000e+00,0.000000e+00,0.000000e+00
1.460000e+02,1.840000e+02,0.0,1.000000e+00,0.000000e+00,0.000000e+00
1.480000e+02,1.840000e+02,0.0,1.000000e+00,0.000000e+00,0.000000e+00
1.500000e+02,1.840000e+02,0.0,1.000000e+00,0.000000e+00,0.000000e+00
1.520000e+02,1.840000e+02,0.0,1.000000e+00,0.000000e+00,0.000000e+00
1.540000e+02,1.840000e+02,0.0,1.000000e+00,0.000000e+00,0.000000e+00
1.560000e+02,1.840000e+02,0.0,1.000000e+00,0.000000e+00,0.000000e+00
1.580000e+02,1.840000e+02,0.0,1.000000e+00,0.000000e+00,0.000000e+00
1.600000e+02,1.840000e+02,0.0,1.000000e+00,0.000000e+00,0.000000e+00
1.620000e+02,1.840000e+02,0.0,1.000000e+00,0.000000e+00,0.000000e+00
1.640000e+02,1.840000e+02,0.0,1.000000e+00,0.000000e+00,0.000000e+00
1.660000e+02,1.840000e+02,0.0,1.000000e+00,0.000000e+00,0.000000e+00
1.680000e+02,1.840000e+02,0.0,1.000000e+00,0.000000e+00,0.000000e+00
1.700000e+02,1.840000e+02,0.0,1.000000e+00,0.000000e+00,0.000000e+00
1.720000e+02,1.840000e+02,0.0,1.000000e+00,0.000000e+00,0.000000e+00
1.740000e+02,1.840000e+02,0.0,1.000000e+00,0.000000e+00,0.000000e+00
1.760000e+02,1.840000e+02,0.0,1.000000e+00,0.000000e+00,0.000000e+00
1.780000e+02,1.840000e+02,0.0,1.000000e+00,0.000000e+00,0.000000e+00
1.800000e+02,1.840000e+02,0.0,1.000000e+00,0.000000e+00,0.000000e+00
1.820000e+02,1.840000e+02,0.0,1.000000e+00,0.000000e+00,0.000000e+00
1.840000e+02,1.840000e+02,0.0,1.000000e+00,0.000000e+00,0.000000e+00
1.860000e+02,1.840000e+02,0.0,1.000000e+00,0.000000e+00,0.000000e+00
1.880000e+02,1.840000e+02,0.0,1.000000e+00,0.000000e+00,0.000000e+00
1.900000e+02,1.840000e+02,0.0,1.000000e+00,0.000000e+00,0.000000e+00
1.920000e+02,1.840000e+02,0.0,1.000000e+00,0.000000e+00,0.000000e+00
1.940000e+02,1.840000e+02,0.0,1.000000e+00,0.000000e+00,0.000000e+00
1.960000e+02,1.840000e+02,0.0,1.000000e+00,0.000000e+00,0.000000e+00
1.980000e+02,1.840000e+02,0.0,1.000000e+00,0.000000e+00,0.000000e+00
2.000000e+02,1.840000e+02,0.0,1.000000e+00,0.000000e+00,0.000000e+00
0.000000e+00,1.860000e+02,0.0,1.000000e+00,0.000000e+00,0.000000e+00
2.000000e+00,1.860000e+02,0.0,1.000000e+00,0.000000e+00,0.000000e+00
4.000000e+00,1.860000e+02,0.0,1.000000e+00,0.000000e+00,0.000000e+00
6.000000e+00,1.860000e+02,0.0,1.000000e+00,0.000000e+00,0.000000e+00
8.000000e+00,1.860000e+02,0.0,1.000000e+00,0.000000e+00,0.000000e+00
1.000000e+01,1.860000e+02,0.0,1.000000e+00,0.000000e+00,0.000000e+00
1.200000e+01,1.860000e+02,0.0,1.000000e+00,0.000000e+00,0.000000e+00
1.400000e+01,1.860000e+02,0.0,1.000000e+00,0.000000e+00,0.000000e+00
1.600000e+01,1.860000e+02,0.0,1.000000e+00,0.000000e+00,0.000000e+00
1.800000e+01,1.860000e+02,0.0,1.000000e+00,0.000000e+00,0.000000e+00
2.000000e+01,1.860000e+02,0.0,1.000000e+00,0.000000e+00,0.000000e+00
2.200000e+01,1.860000e+02,0.0,1.000000e+00,0.000000e+00,0.000000e+00
2.400000e+01,1.860000e+02,0.0,1.000000e+00,0.000000e+00,0.000000e+00
2.600000e+01,1.860000e+02,0.0,1.000000e+00,0.000000e+00,0.000000e+00
2.800000e+01,1.860000e+02,0.0,1.000000e+00,0.000000e+00,0.000000e+00
3.000000e+01,1.860000e+02,0.0,1.000000e+00,0.000000e+00,0.000000e+00
3.200000e+01,1.860000e+02,0.0,1.000000e+00,0.000000e+00,0.000000e+00
3.400000e+01,1.860000e+02,0.0,1.000000e+00,0.000000e+00,0.000000e+00
3.600000e+01,1.860000e+02,0.0,1.000000e+00,0.000000e+00,0.000000e+00
3.800000e+01,1.860000e+02,0.0,1.000000e+00,0.000000e+00,0.000000e+00
4.000000e+01,1.860000e+02,0.0,1.000000e+00,0.000000e+00,0.000000e+00
4.200000e+01,1.860000e+02,0.0,1.000000e+00,0.000000e+00,0.000000e+00
4.400000e+01,1.860000e+02,0.0,1.000000e+00,0.000000e+00,0.000000e+00
4.600000e+01,1.860000e+02,0.0,1.000000e+00,0.000000e+00,0.000000e+00
4.800000e+01,1.860000e+02,0.0,1.000000e+00,0.000000e+00,0.000000e+00
5.000000e+01,1.860000e+02,0.0,1.000000e+00,0.000000e+00,0.000000e+00
5.200000e+01,1.860000e+02,0.0,1.000000e+00,0.000000e+00,0.000000e+00
5.400000e+01,1.860000e+02,0.0,1.000000e+00,0.000000e+00,0.000000e+00
5.600000e+01,1.860000e+02,0.0,1.000000e+00,0.000000e+00,0.000000e+00
5.800000e+01,1.860000e+02,0.0,1.000000e+00,0.000000e+00,0.000000e+00
6.000000e+01,1.860000e+02,0.0,1.000000e+00,0.000000e+00,0.000000e+00
6.200000e+01,1.860000e+02,0.0,1.000000e+00,0.000000e+00,0.000000e+00
6.400000e+01,1.860000e+02,0.0,1.000000e+00,0.000000e+00,0.000000e+00
6.600000e+01,1.860000e+02,0.0,1.000000e+00,0.000000e+00,0.000000e+00
6.800000e+01,1.860000e+02,0.0,1.000000e+00,0.000000e+00,0.000000e+00
7.000000e+01,1.860000e+02,0.0,1.000000e+00,0.000000e+00,0.000000e+00
7.200000e+01,1.860000e+02,0.0,1.000000e+00,0.000000e+00,0.000000e+00
7.400000e+01,1.860000e+02,0.0,1.000000e+00,0.000000e+00,0.000000e+00
7.600000e+01,1.860000e+02,0.0,1.000000e+00,0.000000e+00,0.000000e+00
7.800000e+01,1.860000e+02,0.0,1.000000e+00,0.000000e+00,0.000000e+00
8.000000e+01,1.860000e+02,0.0,1.000000e+00,0.000000e+00,0.000000e+00
8.200000e+01,1.860000e+02,0.0,1.000000e+00,0.000000e+00,0.000000e+00
8.400000e+01,1.860000e+02,0.0,1.000000e+00,0.000000e+00,0.000000e+00
8.600000e+01,1.860000e+02,0.0,1.000000e+00,0.000000e+00,0.000000e+00
8.800000e+01,1.860000e+02,0.0,1.000000e+00,0.000000e+00,0.000000e+00
9.000000e+01,1.860000e+02,0.0,1.000000e+00,0.000000e+00,0.000000e+00
9.200000e+01,1.860000e+02,0.0,1.000000e+00,0.000000e+00,0.000000e+00
9.400000e+01,1.860000e+02,0.0,1.000000e+00,0.000000e+00,0.000000e+00
9.600000e+01,1.860000e+02,0.0,1.000000e+00,0.000000e+00,0.000000e+00
9.800000e+01,1.860000e+02,0.0,1.000000e+00,0.000000e+00,0.000000e+00
1.000000e+02,1.860000e+02,0.0,1.000000e+00,0.000000e+00,0.000000e+00
1.020000e+02,1.860000e+02,0.0,1.000000e+00,0.000000e+00,0.000000e+00
1.040000e+02,1.860000e+02,0.0,1.000000e+00,0.000000e+00,0.000000e+00
1.060000e+02,1.860000e+02,0.0,1.000000e+00,0.000000e+00,0.000000e+00
1.080000e+02,1.860000e+02,0.0,1.000000e+00,0.000000e+00,0.000000e+00
1.100000e+02,1.860000e+02,0.0,1.000000e+00,0.000000e+00,0.000000e+00
1.120000e+02,1.860000e+02,0.0,1.000000e+00,0.000000e+00,0.000000e+00
1.140000e+02,1.860000e+02,0.0,1.000000e+00,0.000000e+00,0.000000e+00
1.160000e+02,1.860000e+02,0.0,1.000000e+00,0.000000e+00,0.000000e+00
1.180000e+02,1.860000e+02,0.0,1.000000e+00,0.000000e+00,0.000000e+00
1.200000e+02,1.860000e+02,0.0,1.000000e+00,0.000000e+00,0.000000e+00
1.220000e+02,1.860000e+02,0.0,1.000000e+00,0.000000e+00,0.000000e+00
1.240000e+02,1.860000e+02,0.0,1.000000e+00,0.000000e+00,0.000000e+00
1.260000e+02,1.860000e+02,0.0,1.000000e+00,0.000000e+00,0.000000e+00
1.280000e+02,1.860000e+02,0.0,1.000000e+00,0.000000e+00,0.000000e+00
1.300000e+02,1.860000e+02,0.0,1.000000e+00,0.000000e+00,0.000000e+00
1.320000e+02,1.860000e+02,0.0,1.000000e+00,0.000000e+00,0.000000e+00
1.340000e+02,1.860000e+02,0.0,1.000000e+00,0.000000e+00,0.000000e+00
1.360000e+02,1.860000e+02,0.0,1.000000e+00,0.000000e+00,0.000000e+00
1.380000e+02,1.860000e+02,0.0,1.000000e+00,0.000000e+00,0.000000e+00
1.400000e+02,1.860000e+02,0.0,1.000000e+00,0.000000e+00,0.000000e+00
1.420000e+02,1.860000e+02,0.0,1.000000e+00,0.000000e+00,0.000000e+00
1.440000e+02,1.860000e+02,0.0,1.000000e+00,0.000000e+00,0.000000e+00
1.460000e+02,1.860000e+02,0.0,1.000000e+00,0.000000e+00,0.000000e+00
1.480000e+02,1.860000e+02,0.0,1.000000e+00,0.000000e+00,0.000000e+00
1.500000e+02,1.860000e+02,0.0,1.000000e+00,0.000000e+00,0.000000e+00
1.520000e+02,1.860000e+02,0.0,1.000000e+00,0.000000e+00,0.000000e+00
1.540000e+02,1.860000e+02,0.0,1.000000e+00,0.000000e+00,0.000000e+00
1.560000e+02,1.860000e+02,0.0,1.000000e+00,0.000000e+00,0.000000e+00
1.580000e+02,1.860000e+02,0.0,1.000000e+00,0.000000e+00,0.000000e+00
1.600000e+02,1.860000e+02,0.0,1.000000e+00,0.000000e+00,0.000000e+00
1.620000e+02,1.860000e+02,0.0,1.000000e+00,0.000000e+00,0.000000e+00
1.640000e+02,1.860000e+02,0.0,1.000000e+00,0.000000e+00,0.000000e+00
1.660000e+02,1.860000e+02,0.0,1.000000e+00,0.000000e+00,0.000000e+00
1.680000e+02,1.860000e+02,0.0,1.000000e+00,0.000000e+00,0.000000e+00
1.700000e+02,1.860000e+02,0.0,1.000000e+00,0.000000e+00,0.000000e+00
1.720000e+02,1.860000e+02,0.0,1.000000e+00,0.000000e+00,0.000000e+00
1.740000e+02,1.860000e+02,0.0,1.000000e+00,0.000000e+00,0.000000e+00
1.760000e+02,1.860000e+02,0.0,1.000000e+00,0.000000e+00,0.000000e+00
1.780000e+02,1.860000e+02,0.0,1.000000e+00,0.000000e+00,0.000000e+00
1.800000e+02,1.860000e+02,0.0,1.000000e+00,0.000000e+00,0.000000e+00
1.820000e+02,1.860000e+02,0.0,1.000000e+00,0.000000e+00,0.000000e+00
1.840000e+02,1.860000e+02,0.0,1.000000e+00,0.000000e+00,0.000000e+00
1.860000e+02,1.860000e+02,0.0,1.000000e+00,0.000000e+00,0.000000e+00
1.880000e+02,1.860000e+02,0.0,1.000000e+00,0.000000e+00,0.000000e+00
1.900000e+02,1.860000e+02,0.0,1.000000e+00,0.000000e+00,0.000000e+00
1.920000e+02,1.860000e+02,0.0,1.000000e+00,0.000000e+00,0.000000e+00
1.940000e+02,1.860000e+02,0.0,1.000000e+00,0.000000e+00,0.000000e+00
1.960000e+02,1.860000e+02,0.0,1.000000e+00,0.000000e+00,0.000000e+00
1.980000e+02,1.860000e+02,0.0,1.000000e+00,0.000000e+00,0.000000e+00
2.000000e+02,1.860000e+02,0.0,1.000000e+00,0.000000e+00,0.000000e+00
0.000000e+00,1.880000e+02,0.0,1.000000e+00,0.000000e+00,0.000000e+00
2.000000e+00,1.880000e+02,0.0,1.000000e+00,0.000000e+00,0.000000e+00
4.000000e+00,1.880000e+02,0.0,1.000000e+00,0.000000e+00,0.000000e+00
6.000000e+00,1.880000e+02,0.0,1.000000e+00,0.000000e+00,0.000000e+00
8.000000e+00,1.880000e+02,0.0,1.000000e+00,0.000000e+00,0.000000e+00
1.000000e+01,1.880000e+02,0.0,1.000000e+00,0.000000e+00,0.000000e+00
1.200000e+01,1.880000e+02,0.0,1.000000e+00,0.000000e+00,0.000000e+00
1.400000e+01,1.880000e+02,0.0,1.000000e+00,0.000000e+00,0.000000e+00
1.600000e+01,1.880000e+02,0.0,1.000000e+00,0.000000e+00,0.000000e+00
1.800000e+01,1.880000e+02,0.0,1.000000e+00,0.000000e+00,0.000000e+00
2.000000e+01,1.880000e+02,0.0,1.000000e+00,0.000000e+00,0.000000e+00
2.200000e+01,1.880000e+02,0.0,1.000000e+00,0.000000e+00,0.000000e+00
2.400000e+01,1.880000e+02,0.0,1.000000e+00,0.000000e+00,0.000000e+00
2.600000e+01,1.880000e+02,0.0,1.000000e+00,0.000000e+00,0.000000e+00
2.800000e+01,1.880000e+02,0.0,1.000000e+00,0.000000e+00,0.000000e+00
3.000000e+01,1.880000e+02,0.0,1.000000e+00,0.000000e+00,0.000000e+00
3.200000e+01,1.880000e+02,0.0,1.000000e+00,0.000000e+00,0.000000e+00
3.400000e+01,1.880000e+02,0.0,1.000000e+00,0.000000e+00,0.000000e+00
3.600000e+01,1.880000e+02,0.0,1.000000e+00,0.000000e+00,0.000000e+00
3.800000e+01,1.880000e+02,0.0,1.000000e+00,0.000000e+00,0.000000e+00
4.000000e+01,1.880000e+02,0.0,1.000000e+00,0.000000e+00,0.000000e+00
4.200000e+01,1.880000e+02,0.0,1.000000e+00,0.000000e+00,0.000000e+00
4.400000e+01,1.880000e+02,0.0,1.000000e+00,0.000000e+00,0.000000e+00
4.600000e+01,1.880000e+02,0.0,1.000000e+00,0.000000e+00,0.000000e+00
4.800000e+01,1.880000e+02,0.0,1.000000e+00,0.000000e+00,0.000000e+00
5.000000e+01,1.880000e+02,0.0,1.000000e+00,0.000000e+00,0.000000e+00
5.200000e+01,1.880000e+02,0.0,1.000000e+00,0.000000e+00,0.000000e+00
5.400000e+01,1.880000e+02,0.0,1.000000e+00,0.000000e+00,0.000000e+00
5.600000e+01,1.880000e+02,0.0,1.000000e+00,0.000000e+00,0.000000e+00
5.800000e+01,1.880000e+02,0.0,1.000000e+00,0.000000e+00,0.000000e+00
6.000000e+01,1.880000e+02,0.0,1.000000e+00,0.000000e+00,0.000000e+00
6.200000e+01,1.880000e+02,0.0,1.000000e+00,0.000000e+00,0.000000e+00
6.400000e+01,1.880000e+02,0.0,1.000000e+00,0.000000e+00,0.000000e+00
6.600000e+01,1.880000e+02,0.0,1.000000e+00,0.000000e+00,0.000000e+00
6.800000e+01,1.880000e+02,0.0,1.000000e+00,0.000000e+00,0.000000e+00
7.000000e+01,1.880000e+02,0.0,1.000000e+00,0.000000e+00,0.000000e+00
7.200000e+01,1.880000e+02,0.0,1.000000e+00,0.000000e+00,0.000000e+00
7.400000e+01,1.880000e+02,0.0,1.000000e+00,0.000000e+00,0.000000e+00
7.600000e+01,1.880000e+02,0.0,1.000000e+00,0.000000e+00,0.000000e+00
7.800000e+01,1.880000e+02,0.0,1.000000e+00,0.000000e+00,0.000000e+00
8.000000e+01,1.880000e+02,0.0,1.000000e+00,0.000000e+00,0.000000e+00
8.200000e+01,1.880000e+02,0.0,1.000000e+00,0.000000e+00,0.000000e+00
8.400000e+01,1.880000e+02,0.0,1.000000e+00,0.000000e+00,0.000000e+00
8.600000e+01,1.880000e+02,0.0,1.000000e+00,0.000000e+00,0.000000e+00
8.800000e+01,1.880000e+02,0.0,1.000000e+00,0.000000e+00,0.000000e+00
9.000000e+01,1.880000e+02,0.0,1.000000e+00,0.000000e+00,0.000000e+00
9.200000e+01,1.880000e+02,0.0,1.000000e+00,0.000000e+00,0.000000e+00
9.400000e+01,1.880000e+02,0.0,1.000000e+00,0.000000e+00,0.000000e+00
9.600000e+01,1.880000e+02,0.0,1.000000e+00,0.000000e+00,0.000000e+00
9.800000e+01,1.880000e+02,0.0,1.000000e+00,0.000000e+00,0.000000e+00
1.000000e+02,1.880000e+02,0.0,1.000000e+00,0.000000e+00,0.000000e+00
1.020000e+02,1.880000e+02,0.0,1.000000e+00,0.000000e+00,0.000000e+00
1.040000e+02,1.880000e+02,0.0,1.000000e+00,0.000000e+00,0.000000e+00
1.060000e+02,1.880000e+02,0.0,1.000000e+00,0.000000e+00,0.000000e+00
1.080000e+02,1.880000e+02,0.0,1.000000e+00,0.000000e+00,0.000000e+00
1.100000e+02,1.880000e+02,0.0,1.000000e+00,0.000000e+00,0.000000e+00
1.120000e+02,1.880000e+02,0.0,1.000000e+00,0.000000e+00,0.000000e+00
1.140000e+02,1.880000e+02,0.0,1.000000e+00,0.000000e+00,0.000000e+00
1.160000e+02,1.880000e+02,0.0,1.000000e+00,0.000000e+00,0.000000e+00
1.180000e+02,1.880000e+02,0.0,1.000000e+00,0.000000e+00,0.000000e+00
1.200000e+02,1.880000e+02,0.0,1.000000e+00,0.000000e+00,0.000000e+00
1.220000e+02,1.880000e+02,0.0,1.000000e+00,0.000000e+00,0.000000e+00
1.240000e+02,1.880000e+02,0.0,1.000000e+00,0.000000e+00,0.000000e+00
1.260000e+02,1.880000e+02,0.0,1.000000e+00,0.000000e+00,0.000000e+00
1.280000e+02,1.880000e+02,0.0,1.000000e+00,0.000000e+00,0.000000e+00
1.300000e+02,1.880000e+02,0.0,1.000000e+00,0.000000e+00,0.000000e+00
1.320000e+02,1.880000e+02,0.0,1.000000e+00,0.000000e+00,0.000000e+00
1.340000e+02,1.880000e+02,0.0,1.000000e+00,0.000000e+00,0.000000e+00
1.360000e+02,1.880000e+02,0.0,1.000000e+00,0.000000e+00,0.000000e+00
1.380000e+02,1.880000e+02,0.0,1.000000e+00,0.000000e+00,0.000000e+00
1.400000e+02,1.880000e+02,0.0,1.000000e+00,0.000000e+00,0.000000e+00
1.420000e+02,1.880000e+02,0.0,1.000000e+00,0.000000e+00,0.000000e+00
1.440000e+02,1.880000e+02,0.0,1.000000e+00,0.000000e+00,0.000000e+00
1.460000e+02,1.880000e+02,0.0,1.000000e+00,0.000000e+00,0.000000e+00
1.480000e+02,1.880000e+02,0.0,1.000000e+00,0.000000e+00,0.000000e+00
1.500000e+02,1.880000e+02,0.0,1.000000e+00,0.000000e+00,0.000000e+00
1.520000e+02,1.880000e+02,0.0,1.000000e+00,0.000000e+00,0.000000e+00
1.540000e+02,1.880000e+02,0.0,1.000000e+00,0.000000e+00,0.000000e+00
1.560000e+02,1.880000e+02,0.0,1.000000e+00,0.000000e+00,0.000000e+00
1.580000e+02,1.880000e+02,0.0,1.000000e+00,0.000000e+00,0.000000e+00
1.600000e+02,1.880000e+02,0.0,1.000000e+00,0.000000e+00,0.000000e+00
1.620000e+02,1.880000e+02,0.0,1.000000e+00,0.000000e+00,0.000000e+00
1.640000e+02,1.880000e+02,0.0,1.000000e+00,0.000000e+00,0.000000e+00
1.660000e+02,1.880000e+02,0.0,1.000000e+00,0.000000e+00,0.000000e+00
1.680000e+02,1.880000e+02,0.0,1.000000e+00,0.000000e+00,0.000000e+00
1.700000e+02,1.880000e+02,0.0,1.000000e+00,0.000000e+00,0.000000e+00
1.720000e+02,1.880000e+02,0.0,1.000000e+00,0.000000e+00,0.000000e+00
1.740000e+02,1.880000e+02,0.0,1.000000e+00,0.000000e+00,0.000000e+00
1.760000e+02,1.880000e+02,0.0,1.000000e+00,0.000000e+00,0.000000e+00
1.780000e+02,1.880000e+02,0.0,1.000000e+00,0.000000e+00,0.000000e+00
1.800000e+02,1.880000e+02,0.0,1.000000e+00,0.000000e+00,0.000000e+00
1.820000e+02,1.880000e+02,0.0,1.000000e+00,0.000000e+00,0.000000e+00
1.840000e+02,1.880000e+02,0.0,1.000000e+00,0.000000e+00,0.000000e+00
1.860000e+02,1.880000e+02,0.0,1.000000e+00,0.000000e+00,0.000000e+00
1.880000e+02,1.880000e+02,0.0,1.000000e+00,0.000000e+00,0.000000e+00
1.900000e+02,1.880000e+02,0.0,1.000000e+00,0.000000e+00,0.000000e+00
1.920000e+02,1.880000e+02,0.0,1.000000e+00,0.000000e+00,0.000000e+00
1.940000e+02,1.880000e+02,0.0,1.000000e+00,0.000000e+00,0.000000e+00
1.960000e+02,1.880000e+02,0.0,1.000000e+00,0.000000e+00,0.000000e+00
1.980000e+02,1.880000e+02,0.0,1.000000e+00,0.000000e+00,0.000000e+00
2.000000e+02,1.880000e+02,0.0,1.000000e+00,0.000000e+00,0.000000e+00
0.000000e+00,1.900000e+02,0.0,1.000000e+00,0.000000e+00,0.000000e+00
2.000000e+00,1.900000e+02,0.0,1.000000e+00,0.000000e+00,0.000000e+00
4.000000e+00,1.900000e+02,0.0,1.000000e+00,0.000000e+00,0.000000e+00
6.000000e+00,1.900000e+02,0.0,1.000000e+00,0.000000e+00,0.000000e+00
8.000000e+00,1.900000e+02,0.0,1.000000e+00,0.000000e+00,0.000000e+00
1.000000e+01,1.900000e+02,0.0,1.000000e+00,0.000000e+00,0.000000e+00
1.200000e+01,1.900000e+02,0.0,1.000000e+00,0.000000e+00,0.000000e+00
1.400000e+01,1.900000e+02,0.0,1.000000e+00,0.000000e+00,0.000000e+00
1.600000e+01,1.900000e+02,0.0,1.000000e+00,0.000000e+00,0.000000e+00
1.800000e+01,1.900000e+02,0.0,1.000000e+00,0.000000e+00,0.000000e+00
2.000000e+01,1.900000e+02,0.0,1.000000e+00,0.000000e+00,0.000000e+00
2.200000e+01,1.900000e+02,0.0,1.000000e+00,0.000000e+00,0.000000e+00
2.400000e+01,1.900000e+02,0.0,1.000000e+00,0.000000e+00,0.000000e+00
2.600000e+01,1.900000e+02,0.0,1.000000e+00,0.000000e+00,0.000000e+00
2.800000e+01,1.900000e+02,0.0,1.000000e+00,0.000000e+00,0.000000e+00
3.000000e+01,1.900000e+02,0.0,1.000000e+00,0.000000e+00,0.000000e+00
3.200000e+01,1.900000e+02,0.0,1.000000e+00,0.000000e+00,0.000000e+00
3.400000e+01,1.900000e+02,0.0,1.000000e+00,0.000000e+00,0.000000e+00
3.600000e+01,1.900000e+02,0.0,1.000000e+00,0.000000e+00,0.000000e+00
3.800000e+01,1.900000e+02,0.0,1.000000e+00,0.000000e+00,0.000000e+00
4.000000e+01,1.900000e+02,0.0,1.000000e+00,0.000000e+00,0.000000e+00
4.200000e+01,1.900000e+02,0.0,1.000000e+00,0.000000e+00,0.000000e+00
4.400000e+01,1.900000e+02,0.0,1.000000e+00,0.000000e+00,0.000000e+00
4.600000e+01,1.900000e+02,0.0,1.000000e+00,0.000000e+00,0.000000e+00
4.800000e+01,1.900000e+02,0.0,1.000000e+00,0.000000e+00,0.000000e+00
5.000000e+01,1.900000e+02,0.0,1.000000e+00,0.000000e+00,0.000000e+00
5.200000e+01,1.900000e+02,0.0,1.000000e+00,0.000000e+00,0.000000e+00
5.400000e+01,1.900000e+02,0.0,1.000000e+00,0.000000e+00,0.000000e+00
5.600000e+01,1.900000e+02,0.0,1.000000e+00,0.000000e+00,0.000000e+00
5.800000e+01,1.900000e+02,0.0,1.000000e+00,0.000000e+00,0.000000e+00
6.000000e+01,1.900000e+02,0.0,1.000000e+00,0.000000e+00,0.000000e+00
6.200000e+01,1.900000e+02,0.0,1.000000e+00,0.000000e+00,0.000000e+00
6.400000e+01,1.900000e+02,0.0,1.000000e+00,0.000000e+00,0.000000e+00
6.600000e+01,1.900000e+02,0.0,1.000000e+00,0.000000e+00,0.000000e+00
6.800000e+01,1.900000e+02,0.0,1.000000e+00,0.000000e+00,0.000000e+00
7.000000e+01,1.900000e+02,0.0,1.000000e+00,0.000000e+00,0.000000e+00
7.200000e+01,1.900000e+02,0.0,1.000000e+00,0.000000e+00,0.000000e+00
7.400000e+01,1.900000e+02,0.0,1.000000e+00,0.000000e+00,0.000000e+00
7.600000e+01,1.900000e+02,0.0,1.000000e+00,0.000000e+00,0.000000e+00
7.800000e+01,1.900000e+02,0.0,1.000000e+00,0.000000e+00,0.000000e+00
8.000000e+01,1.900000e+02,0.0,1.000000e+00,0.000000e+00,0.000000e+00
8.200000e+01,1.900000e+02,0.0,1.000000e+00,0.000000e+00,0.000000e+00
8.400000e+01,1.900000e+02,0.0,1.000000e+00,0.000000e+00,0.000000e+00
8.600000e+01,1.900000e+02,0.0,1.000000e+00,0.000000e+00,0.000000e+00
8.800000e+01,1.900000e+02,0.0,1.000000e+00,0.000000e+00,0.000000e+00
9.000000e+01,1.900000e+02,0.0,1.000000e+00,0.000000e+00,0.000000e+00
9.200000e+01,1.900000e+02,0.0,1.000000e+00,0.000000e+00,0.000000e+00
9.400000e+01,1.900000e+02,0.0,1.000000e+00,0.000000e+00,0.000000e+00
9.600000e+01,1.900000e+02,0.0,1.000000e+00,0.000000e+00,0.000000e+00
9.800000e+01,1.900000e+02,0.0,1.000000e+00,0.000000e+00,0.000000e+00
1.000000e+02,1.900000e+02,0.0,1.000000e+00,0.000000e+00,0.000000e+00
1.020000e+02,1.900000e+02,0.0,1.000000e+00,0.000000e+00,0.000000e+00
1.040000e+02,1.900000e+02,0.0,1.000000e+00,0.000000e+00,0.000000e+00
1.060000e+02,1.900000e+02,0.0,1.000000e+00,0.000000e+00,0.000000e+00
1.080000e+02,1.900000e+02,0.0,1.000000e+00,0.000000e+00,0.000000e+00
1.100000e+02,1.900000e+02,0.0,1.000000e+00,0.000000e+00,0.000000e+00
1.120000e+02,1.900000e+02,0.0,1.000000e+00,0.000000e+00,0.000000e+00
1.140000e+02,1.900000e+02,0.0,1.000000e+00,0.000000e+00,0.000000e+00
1.160000e+02,1.900000e+02,0.0,1.000000e+00,0.000000e+00,0.000000e+00
1.180000e+02,1.900000e+02,0.0,1.000000e+00,0.000000e+00,0.000000e+00
1.200000e+02,1.900000e+02,0.0,1.000000e+00,0.000000e+00,0.000000e+00
1.220000e+02,1.900000e+02,0.0,1.000000e+00,0.000000e+00,0.000000e+00
1.240000e+02,1.900000e+02,0.0,1.000000e+00,0.000000e+00,0.000000e+00
1.260000e+02,1.900000e+02,0.0,1.000000e+00,0.000000e+00,0.000000e+00
1.280000e+02,1.900000e+02,0.0,1.000000e+00,0.000000e+00,0.000000e+00
1.300000e+02,1.900000e+02,0.0,1.000000e+00,0.000000e+00,0.000000e+00
1.320000e+02,1.900000e+02,0.0,1.000000e+00,0.000000e+00,0.000000e+00
1.340000e+02,1.900000e+02,0.0,1.000000e+00,0.000000e+00,0.000000e+00
1.360000e+02,1.900000e+02,0.0,1.000000e+00,0.000000e+00,0.000000e+00
1.380000e+02,1.900000e+02,0.0,1.000000e+00,0.000000e+00,0.000000e+00
1.400000e+02,1.900000e+02,0.0,1.000000e+00,0.000000e+00,0.000000e+00
1.420000e+02,1.900000e+02,0.0,1.000000e+00,0.000000e+00,0.000000e+00
1.440000e+02,1.900000e+02,0.0,1.000000e+00,0.000000e+00,0.000000e+00
1.460000e+02,1.900000e+02,0.0,1.000000e+00,0.000000e+00,0.000000e+00
1.480000e+02,1.900000e+02,0.0,1.000000e+00,0.000000e+00,0.000000e+00
1.500000e+02,1.900000e+02,0.0,1.000000e+00,0.000000e+00,0.000000e+00
1.520000e+02,1.900000e+02,0.0,1.000000e+00,0.000000e+00,0.000000e+00
1.540000e+02,1.900000e+02,0.0,1.000000e+00,0.000000e+00,0.000000e+00
1.560000e+02,1.900000e+02,0.0,1.000000e+00,0.000000e+00,0.000000e+00
1.580000e+02,1.900000e+02,0.0,1.000000e+00,0.000000e+00,0.000000e+00
1.600000e+02,1.900000e+02,0.0,1.000000e+00,0.000000e+00,0.000000e+00
1.620000e+02,1.900000e+02,0.0,1.000000e+00,0.000000e+00,0.000000e+00
1.640000e+02,1.900000e+02,0.0,1.000000e+00,0.000000e+00,0.000000e+00
1.660000e+02,1.900000e+02,0.0,1.000000e+00,0.000000e+00,0.000000e+00
1.680000e+02,1.900000e+02,0.0,1.000000e+00,0.000000e+00,0.000000e+00
1.700000e+02,1.900000e+02,0.0,1.000000e+00,0.000000e+00,0.000000e+00
1.720000e+02,1.900000e+02,0.0,1.000000e+00,0.000000e+00,0.000000e+00
1.740000e+02,1.900000e+02,0.0,1.000000e+00,0.000000e+00,0.000000e+00
1.760000e+02,1.900000e+02,0.0,1.000000e+00,0.000000e+00,0.000000e+00
1.780000e+02,1.900000e+02,0.0,1.000000e+00,0.000000e+00,0.000000e+00
1.800000e+02,1.900000e+02,0.0,1.000000e+00,0.000000e+00,0.000000e+00
1.820000e+02,1.900000e+02,0.0,1.000000e+00,0.000000e+00,0.000000e+00
1.840000e+02,1.900000e+02,0.0,1.000000e+00,0.000000e+00,0.000000e+00
1.860000e+02,1.900000e+02,0.0,1.000000e+00,0.000000e+00,0.000000e+00
1.880000e+02,1.900000e+02,0.0,1.000000e+00,0.000000e+00,0.000000e+00
1.900000e+02,1.900000e+02,0.0,1.000000e+00,0.000000e+00,0.000000e+00
1.920000e+02,1.900000e+02,0.0,1.000000e+00,0.000000e+00,0.000000e+00
1.940000e+02,1.900000e+02,0.0,1.000000e+00,0.000000e+00,0.000000e+00
1.960000e+02,1.900000e+02,0.0,1.000000e+00,0.000000e+00,0.000000e+00
1.980000e+02,1.900000e+02,0.0,1.000000e+00,0.000000e+00,0.000000e+00
2.000000e+02,1.900000e+02,0.0,1.000000e+00,0.000000e+00,0.000000e+00
0.000000e+00,1.920000e+02,0.0,1.000000e+00,0.000000e+00,0.000000e+00
2.000000e+00,1.920000e+02,0.0,1.000000e+00,0.000000e+00,0.000000e+00
4.000000e+00,1.920000e+02,0.0,1.000000e+00,0.000000e+00,0.000000e+00
6.000000e+00,1.920000e+02,0.0,1.000000e+00,0.000000e+00,0.000000e+00
8.000000e+00,1.920000e+02,0.0,1.000000e+00,0.000000e+00,0.000000e+00
1.000000e+01,1.920000e+02,0.0,1.000000e+00,0.000000e+00,0.000000e+00
1.200000e+01,1.920000e+02,0.0,1.000000e+00,0.000000e+00,0.000000e+00
1.400000e+01,1.920000e+02,0.0,1.000000e+00,0.000000e+00,0.000000e+00
1.600000e+01,1.920000e+02,0.0,1.000000e+00,0.000000e+00,0.000000e+00
1.800000e+01,1.920000e+02,0.0,1.000000e+00,0.000000e+00,0.000000e+00
2.000000e+01,1.920000e+02,0.0,1.000000e+00,0.000000e+00,0.000000e+00
2.200000e+01,1.920000e+02,0.0,1.000000e+00,0.000000e+00,0.000000e+00
2.400000e+01,1.920000e+02,0.0,1.000000e+00,0.000000e+00,0.000000e+00
2.600000e+01,1.920000e+02,0.0,1.000000e+00,0.000000e+00,0.000000e+00
2.800000e+01,1.920000e+02,0.0,1.000000e+00,0.000000e+00,0.000000e+00
3.000000e+01,1.920000e+02,0.0,1.000000e+00,0.000000e+00,0.000000e+00
3.200000e+01,1.920000e+02,0.0,1.000000e+00,0.000000e+00,0.000000e+00
3.400000e+01,1.920000e+02,0.0,1.000000e+00,0.000000e+00,0.000000e+00
3.600000e+01,1.920000e+02,0.0,1.000000e+00,0.000000e+00,0.000000e+00
3.800000e+01,1.920000e+02,0.0,1.000000e+00,0.000000e+00,0.000000e+00
4.000000e+01,1.920000e+02,0.0,1.000000e+00,0.000000e+00,0.000000e+00
4.200000e+01,1.920000e+02,0.0,1.000000e+00,0.000000e+00,0.000000e+00
4.400000e+01,1.920000e+02,0.0,1.000000e+00,0.000000e+00,0.000000e+00
4.600000e+01,1.920000e+02,0.0,1.000000e+00,0.000000e+00,0.000000e+00
4.800000e+01,1.920000e+02,0.0,1.000000e+00,0.000000e+00,0.000000e+00
5.000000e+01,1.920000e+02,0.0,1.000000e+00,0.000000e+00,0.000000e+00
5.200000e+01,1.920000e+02,0.0,1.000000e+00,0.000000e+00,0.000000e+00
5.400000e+01,1.920000e+02,0.0,1.000000e+00,0.000000e+00,0.000000e+00
5.600000e+01,1.920000e+02,0.0,1.000000e+00,0.000000e+00,0.000000e+00
5.800000e+01,1.920000e+02,0.0,1.000000e+00,0.000000e+00,0.000000e+00
6.000000e+01,1.920000e+02,0.0,1.000000e+00,0.000000e+00,0.000000e+00
6.200000e+01,1.920000e+02,0.0,1.000000e+00,0.000000e+00,0.000000e+00
6.400000e+01,1.920000e+02,0.0,1.000000e+00,0.000000e+00,0.000000e+00
6.600000e+01,1.920000e+02,0.0,1.000000e+00,0.000000e+00,0.000000e+00
6.800000e+01,1.920000e+02,0.0,1.000000e+00,0.000000e+00,0.000000e+00
7.000000e+01,1.920000e+02,0.0,1.000000e+00,0.000000e+00,0.000000e+00
7.200000e+01,1.920000e+02,0.0,1.000000e+00,0.000000e+00,0.000000e+00
7.400000e+01,1.920000e+02,0.0,1.000000e+00,0.000000e+00,0.000000e+00
7.600000e+01,1.920000e+02,0.0,1.000000e+00,0.000000e+00,0.000000e+00
7.800000e+01,1.920000e+02,0.0,1.000000e+00,0.000000e+00,0.000000e+00
8.000000e+01,1.920000e+02,0.0,1.000000e+00,0.000000e+00,0.000000e+00
8.200000e+01,1.920000e+02,0.0,1.000000e+00,0.000000e+00,0.000000e+00
8.400000e+01,1.920000e+02,0.0,1.000000e+00,0.000000e+00,0.000000e+00
8.600000e+01,1.920000e+02,0.0,1.000000e+00,0.000000e+00,0.000000e+00
8.800000e+01,1.920000e+02,0.0,1.000000e+00,0.000000e+00,0.000000e+00
9.000000e+01,1.920000e+02,0.0,1.000000e+00,0.000000e+00,0.000000e+00
9.200000e+01,1.920000e+02,0.0,1.000000e+00,0.000000e+00,0.000000e+00
9.400000e+01,1.920000e+02,0.0,1.000000e+00,0.000000e+00,0.000000e+00
9.600000e+01,1.920000e+02,0.0,1.000000e+00,0.000000e+00,0.000000e+00
9.800000e+01,1.920000e+02,0.0,1.000000e+00,0.000000e+00,0.000000e+00
1.000000e+02,1.920000e+02,0.0,1.000000e+00,0.000000e+00,0.000000e+00
1.020000e+02,1.920000e+02,0.0,1.000000e+00,0.000000e+00,0.000000e+00
1.040000e+02,1.920000e+02,0.0,1.000000e+00,0.000000e+00,0.000000e+00
1.060000e+02,1.920000e+02,0.0,1.000000e+00,0.000000e+00,0.000000e+00
1.080000e+02,1.920000e+02,0.0,1.000000e+00,0.000000e+00,0.000000e+00
1.100000e+02,1.920000e+02,0.0,1.000000e+00,0.000000e+00,0.000000e+00
1.120000e+02,1.920000e+02,0.0,1.000000e+00,0.000000e+00,0.000000e+00
1.140000e+02,1.920000e+02,0.0,1.000000e+00,0.000000e+00,0.000000e+00
1.160000e+02,1.920000e+02,0.0,1.000000e+00,0.000000e+00,0.000000e+00
1.180000e+02,1.920000e+02,0.0,1.000000e+00,0.000000e+00,0.000000e+00
1.200000e+02,1.920000e+02,0.0,1.000000e+00,0.000000e+00,0.000000e+00
1.220000e+02,1.920000e+02,0.0,1.000000e+00,0.000000e+00,0.000000e+00
1.240000e+02,1.920000e+02,0.0,1.000000e+00,0.000000e+00,0.000000e+00
1.260000e+02,1.920000e+02,0.0,1.000000e+00,0.000000e+00,0.000000e+00
1.280000e+02,1.920000e+02,0.0,1.000000e+00,0.000000e+00,0.000000e+00
1.300000e+02,1.920000e+02,0.0,1.000000e+00,0.000000e+00,0.000000e+00
1.320000e+02,1.920000e+02,0.0,1.000000e+00,0.000000e+00,0.000000e+00
1.340000e+02,1.920000e+02,0.0,1.000000e+00,0.000000e+00,0.000000e+00
1.360000e+02,1.920000e+02,0.0,1.000000e+00,0.000000e+00,0.000000e+00
1.380000e+02,1.920000e+02,0.0,1.000000e+00,0.000000e+00,0.000000e+00
1.400000e+02,1.920000e+02,0.0,1.000000e+00,0.000000e+00,0.000000e+00
1.420000e+02,1.920000e+02,0.0,1.000000e+00,0.000000e+00,0.000000e+00
1.440000e+02,1.920000e+02,0.0,1.000000e+00,0.000000e+00,0.000000e+00
1.460000e+02,1.920000e+02,0.0,1.000000e+00,0.000000e+00,0.000000e+00
1.480000e+02,1.920000e+02,0.0,1.000000e+00,0.000000e+00,0.000000e+00
1.500000e+02,1.920000e+02,0.0,1.000000e+00,0.000000e+00,0.000000e+00
1.520000e+02,1.920000e+02,0.0,1.000000e+00,0.000000e+00,0.000000e+00
1.540000e+02,1.920000e+02,0.0,1.000000e+00,0.000000e+00,0.000000e+00
1.560000e+02,1.920000e+02,0.0,1.000000e+00,0.000000e+00,0.000000e+00
1.580000e+02,1.920000e+02,0.0,1.000000e+00,0.000000e+00,0.000000e+00
1.600000e+02,1.920000e+02,0.0,1.000000e+00,0.000000e+00,0.000000e+00
1.620000e+02,1.920000e+02,0.0,1.000000e+00,0.000000e+00,0.000000e+00
1.640000e+02,1.920000e+02,0.0,1.000000e+00,0.000000e+00,0.000000e+00
1.660000e+02,1.920000e+02,0.0,1.000000e+00,0.000000e+00,0.000000e+00
1.680000e+02,1.920000e+02,0.0,1.000000e+00,0.000000e+00,0.000000e+00
1.700000e+02,1.920000e+02,0.0,1.000000e+00,0.000000e+00,0.000000e+00
1.720000e+02,1.920000e+02,0.0,1.000000e+00,0.000000e+00,0.000000e+00
1.740000e+02,1.920000e+02,0.0,1.000000e+00,0.000000e+00,0.000000e+00
1.760000e+02,1.920000e+02,0.0,1.000000e+00,0.000000e+00,0.000000e+00
1.780000e+02,1.920000e+02,0.0,1.000000e+00,0.000000e+00,0.000000e+00
1.800000e+02,1.920000e+02,0.0,1.000000e+00,0.000000e+00,0.000000e+00
1.820000e+02,1.920000e+02,0.0,1.000000e+00,0.000000e+00,0.000000e+00
1.840000e+02,1.920000e+02,0.0,1.000000e+00,0.000000e+00,0.000000e+00
1.860000e+02,1.920000e+02,0.0,1.000000e+00,0.000000e+00,0.000000e+00
1.880000e+02,1.920000e+02,0.0,1.000000e+00,0.000000e+00,0.000000e+00
1.900000e+02,1.920000e+02,0.0,1.000000e+00,0.000000e+00,0.000000e+00
1.920000e+02,1.920000e+02,0.0,1.000000e+00,0.000000e+00,0.000000e+00
1.940000e+02,1.920000e+02,0.0,1.000000e+00,0.000000e+00,0.000000e+00
1.960000e+02,1.920000e+02,0.0,1.000000e+00,0.000000e+00,0.000000e+00
1.980000e+02,1.920000e+02,0.0,1.000000e+00,0.000000e+00,0.000000e+00
2.000000e+02,1.920000e+02,0.0,1.000000e+00,0.000000e+00,0.000000e+00
0.000000e+00,1.940000e+02,0.0,1.000000e+00,0.000000e+00,0.000000e+00
2.000000e+00,1.940000e+02,0.0,1.000000e+00,0.000000e+00,0.000000e+00
4.000000e+00,1.940000e+02,0.0,1.000000e+00,0.000000e+00,0.000000e+00
6.000000e+00,1.940000e+02,0.0,1.000000e+00,0.000000e+00,0.000000e+00
8.000000e+00,1.940000e+02,0.0,1.000000e+00,0.000000e+00,0.000000e+00
1.000000e+01,1.940000e+02,0.0,1.000000e+00,0.000000e+00,0.000000e+00
1.200000e+01,1.940000e+02,0.0,1.000000e+00,0.000000e+00,0.000000e+00
1.400000e+01,1.940000e+02,0.0,1.000000e+00,0.000000e+00,0.000000e+00
1.600000e+01,1.940000e+02,0.0,1.000000e+00,0.000000e+00,0.000000e+00
1.800000e+01,1.940000e+02,0.0,1.000000e+00,0.000000e+00,0.000000e+00
2.000000e+01,1.940000e+02,0.0,1.000000e+00,0.000000e+00,0.000000e+00
2.200000e+01,1.940000e+02,0.0,1.000000e+00,0.000000e+00,0.000000e+00
2.400000e+01,1.940000e+02,0.0,1.000000e+00,0.000000e+00,0.000000e+00
2.600000e+01,1.940000e+02,0.0,1.000000e+00,0.000000e+00,0.000000e+00
2.800000e+01,1.940000e+02,0.0,1.000000e+00,0.000000e+00,0.000000e+00
3.000000e+01,1.940000e+02,0.0,1.000000e+00,0.000000e+00,0.000000e+00
3.200000e+01,1.940000e+02,0.0,1.000000e+00,0.000000e+00,0.000000e+00
3.400000e+01,1.940000e+02,0.0,1.000000e+00,0.000000e+00,0.000000e+00
3.600000e+01,1.940000e+02,0.0,1.000000e+00,0.000000e+00,0.000000e+00
3.800000e+01,1.940000e+02,0.0,1.000000e+00,0.000000e+00,0.000000e+00
4.000000e+01,1.940000e+02,0.0,1.000000e+00,0.000000e+00,0.000000e+00
4.200000e+01,1.940000e+02,0.0,1.000000e+00,0.000000e+00,0.000000e+00
4.400000e+01,1.940000e+02,0.0,1.000000e+00,0.000000e+00,0.000000e+00
4.600000e+01,1.940000e+02,0.0,1.000000e+00,0.000000e+00,0.000000e+00
4.800000e+01,1.940000e+02,0.0,1.000000e+00,0.000000e+00,0.000000e+00
5.000000e+01,1.940000e+02,0.0,1.000000e+00,0.000000e+00,0.000000e+00
5.200000e+01,1.940000e+02,0.0,1.000000e+00,0.000000e+00,0.000000e+00
5.400000e+01,1.940000e+02,0.0,1.000000e+00,0.000000e+00,0.000000e+00
5.600000e+01,1.940000e+02,0.0,1.000000e+00,0.000000e+00,0.000000e+00
5.800000e+01,1.940000e+02,0.0,1.000000e+00,0.000000e+00,0.000000e+00
6.000000e+01,1.940000e+02,0.0,1.000000e+00,0.000000e+00,0.000000e+00
6.200000e+01,1.940000e+02,0.0,1.000000e+00,0.000000e+00,0.000000e+00
6.400000e+01,1.940000e+02,0.0,1.000000e+00,0.000000e+00,0.000000e+00
6.600000e+01,1.940000e+02,0.0,1.000000e+00,0.000000e+00,0.000000e+00
6.800000e+01,1.940000e+02,0.0,1.000000e+00,0.000000e+00,0.000000e+00
7.000000e+01,1.940000e+02,0.0,1.000000e+00,0.000000e+00,0.000000e+00
7.200000e+01,1.940000e+02,0.0,1.000000e+00,0.000000e+00,0.000000e+00
7.400000e+01,1.940000e+02,0.0,1.000000e+00,0.000000e+00,0.000000e+00
7.600000e+01,1.940000e+02,0.0,1.000000e+00,0.000000e+00,0.000000e+00
7.800000e+01,1.940000e+02,0.0,1.000000e+00,0.000000e+00,0.000000e+00
8.000000e+01,1.940000e+02,0.0,1.000000e+00,0.000000e+00,0.000000e+00
8.200000e+01,1.940000e+02,0.0,1.000000e+00,0.000000e+00,0.000000e+00
8.400000e+01,1.940000e+02,0.0,1.000000e+00,0.000000e+00,0.000000e+00
8.600000e+01,1.940000e+02,0.0,1.000000e+00,0.000000e+00,0.000000e+00
8.800000e+01,1.940000e+02,0.0,1.000000e+00,0.000000e+00,0.000000e+00
9.000000e+01,1.940000e+02,0.0,1.000000e+00,0.000000e+00,0.000000e+00
9.200000e+01,1.940000e+02,0.0,1.000000e+00,0.000000e+00,0.000000e+00
9.400000e+01,1.940000e+02,0.0,1.000000e+00,0.000000e+00,0.000000e+00
9.600000e+01,1.940000e+02,0.0,1.000000e+00,0.000000e+00,0.000000e+00
9.800000e+01,1.940000e+02,0.0,1.000000e+00,0.000000e+00,0.000000e+00
1.000000e+02,1.940000e+02,0.0,1.000000e+00,0.000000e+00,0.000000e+00
1.020000e+02,1.940000e+02,0.0,1.000000e+00,0.000000e+00,0.000000e+00
1.040000e+02,1.940000e+02,0.0,1.000000e+00,0.000000e+00,0.000000e+00
1.060000e+02,1.940000e+02,0.0,1.000000e+00,0.000000e+00,0.000000e+00
1.080000e+02,1.940000e+02,0.0,1.000000e+00,0.000000e+00,0.000000e+00
1.100000e+02,1.940000e+02,0.0,1.000000e+00,0.000000e+00,0.000000e+00
1.120000e+02,1.940000e+02,0.0,1.000000e+00,0.000000e+00,0.000000e+00
1.140000e+02,1.940000e+02,0.0,1.000000e+00,0.000000e+00,0.000000e+00
1.160000e+02,1.940000e+02,0.0,1.000000e+00,0.000000e+00,0.000000e+00
1.180000e+02,1.940000e+02,0.0,1.000000e+00,0.000000e+00,0.000000e+00
1.200000e+02,1.940000e+02,0.0,1.000000e+00,0.000000e+00,0.000000e+00
1.220000e+02,1.940000e+02,0.0,1.000000e+00,0.000000e+00,0.000000e+00
1.240000e+02,1.940000e+02,0.0,1.000000e+00,0.000000e+00,0.000000e+00
1.260000e+02,1.940000e+02,0.0,1.000000e+00,0.000000e+00,0.000000e+00
1.280000e+02,1.940000e+02,0.0,1.000000e+00,0.000000e+00,0.000000e+00
1.300000e+02,1.940000e+02,0.0,1.000000e+00,0.000000e+00,0.000000e+00
1.320000e+02,1.940000e+02,0.0,1.000000e+00,0.000000e+00,0.000000e+00
1.340000e+02,1.940000e+02,0.0,1.000000e+00,0.000000e+00,0.000000e+00
1.360000e+02,1.940000e+02,0.0,1.000000e+00,0.000000e+00,0.000000e+00
1.380000e+02,1.940000e+02,0.0,1.000000e+00,0.000000e+00,0.000000e+00
1.400000e+02,1.940000e+02,0.0,1.000000e+00,0.000000e+00,0.000000e+00
1.420000e+02,1.940000e+02,0.0,1.000000e+00,0.000000e+00,0.000000e+00
1.440000e+02,1.940000e+02,0.0,1.000000e+00,0.000000e+00,0.000000e+00
1.460000e+02,1.940000e+02,0.0,1.000000e+00,0.000000e+00,0.000000e+00
1.480000e+02,1.940000e+02,0.0,1.000000e+00,0.000000e+00,0.000000e+00
1.500000e+02,1.940000e+02,0.0,1.000000e+00,0.000000e+00,0.000000e+00
1.520000e+02,1.940000e+02,0.0,1.000000e+00,0.000000e+00,0.000000e+00
1.540000e+02,1.940000e+02,0.0,1.000000e+00,0.000000e+00,0.000000e+00
1.560000e+02,1.940000e+02,0.0,1.000000e+00,0.000000e+00,0.000000e+00
1.580000e+02,1.940000e+02,0.0,1.000000e+00,0.000000e+00,0.000000e+00
1.600000e+02,1.940000e+02,0.0,1.000000e+00,0.000000e+00,0.000000e+00
1.620000e+02,1.940000e+02,0.0,1.000000e+00,0.000000e+00,0.000000e+00
1.640000e+02,1.940000e+02,0.0,1.000000e+00,0.000000e+00,0.000000e+00
1.660000e+02,1.940000e+02,0.0,1.000000e+00,0.000000e+00,0.000000e+00
1.680000e+02,1.940000e+02,0.0,1.000000e+00,0.000000e+00,0.000000e+00
1.700000e+02,1.940000e+02,0.0,1.000000e+00,0.000000e+00,0.000000e+00
1.720000e+02,1.940000e+02,0.0,1.000000e+00,0.000000e+00,0.000000e+00
1.740000e+02,1.940000e+02,0.0,1.000000e+00,0.000000e+00,0.000000e+00
1.760000e+02,1.940000e+02,0.0,1.000000e+00,0.000000e+00,0.000000e+00
1.780000e+02,1.940000e+02,0.0,1.000000e+00,0.000000e+00,0.000000e+00
1.800000e+02,1.940000e+02,0.0,1.000000e+00,0.000000e+00,0.000000e+00
1.820000e+02,1.940000e+02,0.0,1.000000e+00,0.000000e+00,0.000000e+00
1.840000e+02,1.940000e+02,0.0,1.000000e+00,0.000000e+00,0.000000e+00
1.860000e+02,1.940000e+02,0.0,1.000000e+00,0.000000e+00,0.000000e+00
1.880000e+02,1.940000e+02,0.0,1.000000e+00,0.000000e+00,0.000000e+00
1.900000e+02,1.940000e+02,0.0,1.000000e+00,0.000000e+00,0.000000e+00
1.920000e+02,1.940000e+02,0.0,1.000000e+00,0.000000e+00,0.000000e+00
1.940000e+02,1.940000e+02,0.0,1.000000e+00,0.000000e+00,0.000000e+00
1.960000e+02,1.940000e+02,0.0,1.000000e+00,0.000000e+00,0.000000e+00
1.980000e+02,1.940000e+02,0.0,1.000000e+00,0.000000e+00,0.000000e+00
2.000000e+02,1.940000e+02,0.0,1.000000e+00,0.000000e+00,0.000000e+00
0.000000e+00,1.960000e+02,0.0,1.000000e+00,0.000000e+00,0.000000e+00
2.000000e+00,1.960000e+02,0.0,1.000000e+00,0.000000e+00,0.000000e+00
4.000000e+00,1.960000e+02,0.0,1.000000e+00,0.000000e+00,0.000000e+00
6.000000e+00,1.960000e+02,0.0,1.000000e+00,0.000000e+00,0.000000e+00
8.000000e+00,1.960000e+02,0.0,1.000000e+00,0.000000e+00,0.000000e+00
1.000000e+01,1.960000e+02,0.0,1.000000e+00,0.000000e+00,0.000000e+00
1.200000e+01,1.960000e+02,0.0,1.000000e+00,0.000000e+00,0.000000e+00
1.400000e+01,1.960000e+02,0.0,1.000000e+00,0.000000e+00,0.000000e+00
1.600000e+01,1.960000e+02,0.0,1.000000e+00,0.000000e+00,0.000000e+00
1.800000e+01,1.960000e+02,0.0,1.000000e+00,0.000000e+00,0.000000e+00
2.000000e+01,1.960000e+02,0.0,1.000000e+00,0.000000e+00,0.000000e+00
2.200000e+01,1.960000e+02,0.0,1.000000e+00,0.000000e+00,0.000000e+00
2.400000e+01,1.960000e+02,0.0,1.000000e+00,0.000000e+00,0.000000e+00
2.600000e+01,1.960000e+02,0.0,1.000000e+00,0.000000e+00,0.000000e+00
2.800000e+01,1.960000e+02,0.0,1.000000e+00,0.000000e+00,0.000000e+00
3.000000e+01,1.960000e+02,0.0,1.000000e+00,0.000000e+00,0.000000e+00
3.200000e+01,1.960000e+02,0.0,1.000000e+00,0.000000e+00,0.000000e+00
3.400000e+01,1.960000e+02,0.0,1.000000e+00,0.000000e+00,0.000000e+00
3.600000e+01,1.960000e+02,0.0,1.000000e+00,0.000000e+00,0.000000e+00
3.800000e+01,1.960000e+02,0.0,1.000000e+00,0.000000e+00,0.000000e+00
4.000000e+01,1.960000e+02,0.0,1.000000e+00,0.000000e+00,0.000000e+00
4.200000e+01,1.960000e+02,0.0,1.000000e+00,0.000000e+00,0.000000e+00
4.400000e+01,1.960000e+02,0.0,1.000000e+00,0.000000e+00,0.000000e+00
4.600000e+01,1.960000e+02,0.0,1.000000e+00,0.000000e+00,0.000000e+00
4.800000e+01,1.960000e+02,0.0,1.000000e+00,0.000000e+00,0.000000e+00
5.000000e+01,1.960000e+02,0.0,1.000000e+00,0.000000e+00,0.000000e+00
5.200000e+01,1.960000e+02,0.0,1.000000e+00,0.000000e+00,0.000000e+00
5.400000e+01,1.960000e+02,0.0,1.000000e+00,0.000000e+00,0.000000e+00
5.600000e+01,1.960000e+02,0.0,1.000000e+00,0.000000e+00,0.000000e+00
5.800000e+01,1.960000e+02,0.0,1.000000e+00,0.000000e+00,0.000000e+00
6.000000e+01,1.960000e+02,0.0,1.000000e+00,0.000000e+00,0.000000e+00
6.200000e+01,1.960000e+02,0.0,1.000000e+00,0.000000e+00,0.000000e+00
6.400000e+01,1.960000e+02,0.0,1.000000e+00,0.000000e+00,0.000000e+00
6.600000e+01,1.960000e+02,0.0,1.000000e+00,0.000000e+00,0.000000e+00
6.800000e+01,1.960000e+02,0.0,1.000000e+00,0.000000e+00,0.000000e+00
7.000000e+01,1.960000e+02,0.0,1.000000e+00,0.000000e+00,0.000000e+00
7.200000e+01,1.960000e+02,0.0,1.000000e+00,0.000000e+00,0.000000e+00
7.400000e+01,1.960000e+02,0.0,1.000000e+00,0.000000e+00,0.000000e+00
7.600000e+01,1.960000e+02,0.0,1.000000e+00,0.000000e+00,0.000000e+00
7.800000e+01,1.960000e+02,0.0,1.000000e+00,0.000000e+00,0.000000e+00
8.000000e+01,1.960000e+02,0.0,1.000000e+00,0.000000e+00,0.000000e+00
8.200000e+01,1.960000e+02,0.0,1.000000e+00,0.000000e+00,0.000000e+00
8.400000e+01,1.960000e+02,0.0,1.000000e+00,0.000000e+00,0.000000e+00
8.600000e+01,1.960000e+02,0.0,1.000000e+00,0.000000e+00,0.000000e+00
8.800000e+01,1.960000e+02,0.0,1.000000e+00,0.000000e+00,0.000000e+00
9.000000e+01,1.960000e+02,0.0,1.000000e+00,0.000000e+00,0.000000e+00
9.200000e+01,1.960000e+02,0.0,1.000000e+00,0.000000e+00,0.000000e+00
9.400000e+01,1.960000e+02,0.0,1.000000e+00,0.000000e+00,0.000000e+00
9.600000e+01,1.960000e+02,0.0,1.000000e+00,0.000000e+00,0.000000e+00
9.800000e+01,1.960000e+02,0.0,1.000000e+00,0.000000e+00,0.000000e+00
1.000000e+02,1.960000e+02,0.0,1.000000e+00,0.000000e+00,0.000000e+00
1.020000e+02,1.960000e+02,0.0,1.000000e+00,0.000000e+00,0.000000e+00
1.040000e+02,1.960000e+02,0.0,1.000000e+00,0.000000e+00,0.000000e+00
1.060000e+02,1.960000e+02,0.0,1.000000e+00,0.000000e+00,0.000000e+00
1.080000e+02,1.960000e+02,0.0,1.000000e+00,0.000000e+00,0.000000e+00
1.100000e+02,1.960000e+02,0.0,1.000000e+00,0.000000e+00,0.000000e+00
1.120000e+02,1.960000e+02,0.0,1.000000e+00,0.000000e+00,0.000000e+00
1.140000e+02,1.960000e+02,0.0,1.000000e+00,0.000000e+00,0.000000e+00
1.160000e+02,1.960000e+02,0.0,1.000000e+00,0.000000e+00,0.000000e+00
1.180000e+02,1.960000e+02,0.0,1.000000e+00,0.000000e+00,0.000000e+00
1.200000e+02,1.960000e+02,0.0,1.000000e+00,0.000000e+00,0.000000e+00
1.220000e+02,1.960000e+02,0.0,1.000000e+00,0.000000e+00,0.000000e+00
1.240000e+02,1.960000e+02,0.0,1.000000e+00,0.000000e+00,0.000000e+00
1.260000e+02,1.960000e+02,0.0,1.000000e+00,0.000000e+00,0.000000e+00
1.280000e+02,1.960000e+02,0.0,1.000000e+00,0.000000e+00,0.000000e+00
1.300000e+02,1.960000e+02,0.0,1.000000e+00,0.000000e+00,0.000000e+00
1.320000e+02,1.960000e+02,0.0,1.000000e+00,0.000000e+00,0.000000e+00
1.340000e+02,1.960000e+02,0.0,1.000000e+00,0.000000e+00,0.000000e+00
1.360000e+02,1.960000e+02,0.0,1.000000e+00,0.000000e+00,0.000000e+00
1.380000e+02,1.960000e+02,0.0,1.000000e+00,0.000000e+00,0.000000e+00
1.400000e+02,1.960000e+02,0.0,1.000000e+00,0.000000e+00,0.000000e+00
1.420000e+02,1.960000e+02,0.0,1.000000e+00,0.000000e+00,0.000000e+00
1.440000e+02,1.960000e+02,0.0,1.000000e+00,0.000000e+00,0.000000e+00
1.460000e+02,1.960000e+02,0.0,1.000000e+00,0.000000e+00,0.000000e+00
1.480000e+02,1.960000e+02,0.0,1.000000e+00,0.000000e+00,0.000000e+00
1.500000e+02,1.960000e+02,0.0,1.000000e+00,0.000000e+00,0.000000e+00
1.520000e+02,1.960000e+02,0.0,1.000000e+00,0.000000e+00,0.000000e+00
1.540000e+02,1.960000e+02,0.0,1.000000e+00,0.000000e+00,0.000000e+00
1.560000e+02,1.960000e+02,0.0,1.000000e+00,0.000000e+00,0.000000e+00
1.580000e+02,1.960000e+02,0.0,1.000000e+00,0.000000e+00,0.000000e+00
1.600000e+02,1.960000e+02,0.0,1.000000e+00,0.000000e+00,0.000000e+00
1.620000e+02,1.960000e+02,0.0,1.000000e+00,0.000000e+00,0.000000e+00
1.640000e+02,1.960000e+02,0.0,1.000000e+00,0.000000e+00,0.000000e+00
1.660000e+02,1.960000e+02,0.0,1.000000e+00,0.000000e+00,0.000000e+00
1.680000e+02,1.960000e+02,0.0,1.000000e+00,0.000000e+00,0.000000e+00
1.700000e+02,1.960000e+02,0.0,1.000000e+00,0.000000e+00,0.000000e+00
1.720000e+02,1.960000e+02,0.0,1.000000e+00,0.000000e+00,0.000000e+00
1.740000e+02,1.960000e+02,0.0,1.000000e+00,0.000000e+00,0.000000e+00
1.760000e+02,1.960000e+02,0.0,1.000000e+00,0.000000e+00,0.000000e+00
1.780000e+02,1.960000e+02,0.0,1.000000e+00,0.000000e+00,0.000000e+00
1.800000e+02,1.960000e+02,0.0,1.000000e+00,0.000000e+00,0.000000e+00
1.820000e+02,1.960000e+02,0.0,1.000000e+00,0.000000e+00,0.000000e+00
1.840000e+02,1.960000e+02,0.0,1.000000e+00,0.000000e+00,0.000000e+00
1.860000e+02,1.960000e+02,0.0,1.000000e+00,0.000000e+00,0.000000e+00
1.880000e+02,1.960000e+02,0.0,1.000000e+00,0.000000e+00,0.000000e+00
1.900000e+02,1.960000e+02,0.0,1.000000e+00,0.000000e+00,0.000000e+00
1.920000e+02,1.960000e+02,0.0,1.000000e+00,0.000000e+00,0.000000e+00
1.940000e+02,1.960000e+02,0.0,1.000000e+00,0.000000e+00,0.000000e+00
1.960000e+02,1.960000e+02,0.0,1.000000e+00,0.000000e+00,0.000000e+00
1.980000e+02,1.960000e+02,0.0,1.000000e+00,0.000000e+00,0.000000e+00
2.000000e+02,1.960000e+02,0.0,1.000000e+00,0.000000e+00,0.000000e+00
0.000000e+00,1.980000e+02,0.0,1.000000e+00,0.000000e+00,0.000000e+00
2.000000e+00,1.980000e+02,0.0,1.000000e+00,0.000000e+00,0.000000e+00
4.000000e+00,1.980000e+02,0.0,1.000000e+00,0.000000e+00,0.000000e+00
6.000000e+00,1.980000e+02,0.0,1.000000e+00,0.000000e+00,0.000000e+00
8.000000e+00,1.980000e+02,0.0,1.000000e+00,0.000000e+00,0.000000e+00
1.000000e+01,1.980000e+02,0.0,1.000000e+00,0.000000e+00,0.000000e+00
1.200000e+01,1.980000e+02,0.0,1.000000e+00,0.000000e+00,0.000000e+00
1.400000e+01,1.980000e+02,0.0,1.000000e+00,0.000000e+00,0.000000e+00
1.600000e+01,1.980000e+02,0.0,1.000000e+00,0.000000e+00,0.000000e+00
1.800000e+01,1.980000e+02,0.0,1.000000e+00,0.000000e+00,0.000000e+00
2.000000e+01,1.980000e+02,0.0,1.000000e+00,0.000000e+00,0.000000e+00
2.200000e+01,1.980000e+02,0.0,1.000000e+00,0.000000e+00,0.000000e+00
2.400000e+01,1.980000e+02,0.0,1.000000e+00,0.000000e+00,0.000000e+00
2.600000e+01,1.980000e+02,0.0,1.000000e+00,0.000000e+00,0.000000e+00
2.800000e+01,1.980000e+02,0.0,1.000000e+00,0.000000e+00,0.000000e+00
3.000000e+01,1.980000e+02,0.0,1.000000e+00,0.000000e+00,0.000000e+00
3.200000e+01,1.980000e+02,0.0,1.000000e+00,0.000000e+00,0.000000e+00
3.400000e+01,1.980000e+02,0.0,1.000000e+00,0.000000e+00,0.000000e+00
3.600000e+01,1.980000e+02,0.0,1.000000e+00,0.000000e+00,0.000000e+00
3.800000e+01,1.980000e+02,0.0,1.000000e+00,0.000000e+00,0.000000e+00
4.000000e+01,1.980000e+02,0.0,1.000000e+00,0.000000e+00,0.000000e+00
4.200000e+01,1.980000e+02,0.0,1.000000e+00,0.000000e+00,0.000000e+00
4.400000e+01,1.980000e+02,0.0,1.000000e+00,0.000000e+00,0.000000e+00
4.600000e+01,1.980000e+02,0.0,1.000000e+00,0.000000e+00,0.000000e+00
4.800000e+01,1.980000e+02,0.0,1.000000e+00,0.000000e+00,0.000000e+00
5.000000e+01,1.980000e+02,0.0,1.000000e+00,0.000000e+00,0.000000e+00
5.200000e+01,1.980000e+02,0.0,1.000000e+00,0.000000e+00,0.000000e+00
5.400000e+01,1.980000e+02,0.0,1.000000e+00,0.000000e+00,0.000000e+00
5.600000e+01,1.980000e+02,0.0,1.000000e+00,0.000000e+00,0.000000e+00
5.800000e+01,1.980000e+02,0.0,1.000000e+00,0.000000e+00,0.000000e+00
6.000000e+01,1.980000e+02,0.0,1.000000e+00,0.000000e+00,0.000000e+00
6.200000e+01,1.980000e+02,0.0,1.000000e+00,0.000000e+00,0.000000e+00
6.400000e+01,1.980000e+02,0.0,1.000000e+00,0.000000e+00,0.000000e+00
6.600000e+01,1.980000e+02,0.0,1.000000e+00,0.000000e+00,0.000000e+00
6.800000e+01,1.980000e+02,0.0,1.000000e+00,0.000000e+00,0.000000e+00
7.000000e+01,1.980000e+02,0.0,1.000000e+00,0.000000e+00,0.000000e+00
7.200000e+01,1.980000e+02,0.0,1.000000e+00,0.000000e+00,0.000000e+00
7.400000e+01,1.980000e+02,0.0,1.000000e+00,0.000000e+00,0.000000e+00
7.600000e+01,1.980000e+02,0.0,1.000000e+00,0.000000e+00,0.000000e+00
7.800000e+01,1.980000e+02,0.0,1.000000e+00,0.000000e+00,0.000000e+00
8.000000e+01,1.980000e+02,0.0,1.000000e+00,0.000000e+00,0.000000e+00
8.200000e+01,1.980000e+02,0.0,1.000000e+00,0.000000e+00,0.000000e+00
8.400000e+01,1.980000e+02,0.0,1.000000e+00,0.000000e+00,0.000000e+00
8.600000e+01,1.980000e+02,0.0,1.000000e+00,0.000000e+00,0.000000e+00
8.800000e+01,1.980000e+02,0.0,1.000000e+00,0.000000e+00,0.000000e+00
9.000000e+01,1.980000e+02,0.0,1.000000e+00,0.000000e+00,0.000000e+00
9.200000e+01,1.980000e+02,0.0,1.000000e+00,0.000000e+00,0.000000e+00
9.400000e+01,1.980000e+02,0.0,1.000000e+00,0.000000e+00,0.000000e+00
9.600000e+01,1.980000e+02,0.0,1.000000e+00,0.000000e+00,0.000000e+00
9.800000e+01,1.980000e+02,0.0,1.000000e+00,0.000000e+00,0.000000e+00
1.000000e+02,1.980000e+02,0.0,1.000000e+00,0.000000e+00,0.000000e+00
1.020000e+02,1.980000e+02,0.0,1.000000e+00,0.000000e+00,0.000000e+00
1.040000e+02,1.980000e+02,0.0,1.000000e+00,0.000000e+00,0.000000e+00
1.060000e+02,1.980000e+02,0.0,1.000000e+00,0.000000e+00,0.000000e+00
1.080000e+02,1.980000e+02,0.0,1.000000e+00,0.000000e+00,0.000000e+00
1.100000e+02,1.980000e+02,0.0,1.000000e+00,0.000000e+00,0.000000e+00
1.120000e+02,1.980000e+02,0.0,1.000000e+00,0.000000e+00,0.000000e+00
1.140000e+02,1.980000e+02,0.0,1.000000e+00,0.000000e+00,0.000000e+00
1.160000e+02,1.980000e+02,0.0,1.000000e+00,0.000000e+00,0.000000e+00
1.180000e+02,1.980000e+02,0.0,1.000000e+00,0.000000e+00,0.000000e+00
1.200000e+02,1.980000e+02,0.0,1.000000e+00,0.000000e+00,0.000000e+00
1.220000e+02,1.980000e+02,0.0,1.000000e+00,0.000000e+00,0.000000e+00
1.240000e+02,1.980000e+02,0.0,1.000000e+00,0.000000e+00,0.000000e+00
1.260000e+02,1.980000e+02,0.0,1.000000e+00,0.000000e+00,0.000000e+00
1.280000e+02,1.980000e+02,0.0,1.000000e+00,0.000000e+00,0.000000e+00
1.300000e+02,1.980000e+02,0.0,1.000000e+00,0.000000e+00,0.000000e+00
1.320000e+02,1.980000e+02,0.0,1.000000e+00,0.000000e+00,0.000000e+00
1.340000e+02,1.980000e+02,0.0,1.000000e+00,0.000000e+00,0.000000e+00
1.360000e+02,1.980000e+02,0.0,1.000000e+00,0.000000e+00,0.000000e+00
1.380000e+02,1.980000e+02,0.0,1.000000e+00,0.000000e+00,0.000000e+00
1.400000e+02,1.980000e+02,0.0,1.000000e+00,0.000000e+00,0.000000e+00
1.420000e+02,1.980000e+02,0.0,1.000000e+00,0.000000e+00,0.000000e+00
1.440000e+02,1.980000e+02,0.0,1.000000e+00,0.000000e+00,0.000000e+00
1.460000e+02,1.980000e+02,0.0,1.000000e+00,0.000000e+00,0.000000e+00
1.480000e+02,1.980000e+02,0.0,1.000000e+00,0.000000e+00,0.000000e+00
1.500000e+02,1.980000e+02,0.0,1.000000e+00,0.000000e+00,0.000000e+00
1.520000e+02,1.980000e+02,0.0,1.000000e+00,0.000000e+00,0.000000e+00
1.540000e+02,1.980000e+02,0.0,1.000000e+00,0.000000e+00,0.000000e+00
1.560000e+02,1.980000e+02,0.0,1.000000e+00,0.000000e+00,0.000000e+00
1.580000e+02,1.980000e+02,0.0,1.000000e+00,0.000000e+00,0.000000e+00
1.600000e+02,1.980000e+02,0.0,1.000000e+00,0.000000e+00,0.000000e+00
1.620000e+02,1.980000e+02,0.0,1.000000e+00,0.000000e+00,0.000000e+00
1.640000e+02,1.980000e+02,0.0,1.000000e+00,0.000000e+00,0.000000e+00
1.660000e+02,1.980000e+02,0.0,1.000000e+00,0.000000e+00,0.000000e+00
1.680000e+02,1.980000e+02,0.0,1.000000e+00,0.000000e+00,0.000000e+00
1.700000e+02,1.980000e+02,0.0,1.000000e+00,0.000000e+00,0.000000e+00
1.720000e+02,1.980000e+02,0.0,1.000000e+00,0.000000e+00,0.000000e+00
1.740000e+02,1.980000e+02,0.0,1.000000e+00,0.000000e+00,0.000000e+00
1.760000e+02,1.980000e+02,0.0,1.000000e+00,0.000000e+00,0.000000e+00
1.780000e+02,1.980000e+02,0.0,1.000000e+00,0.000000e+00,0.000000e+00
1.800000e+02,1.980000e+02,0.0,1.000000e+00,0.000000e+00,0.000000e+00
1.820000e+02,1.980000e+02,0.0,1.000000e+00,0.000000e+00,0.000000e+00
1.840000e+02,1.980000e+02,0.0,1.000000e+00,0.000000e+00,0.000000e+00
1.860000e+02,1.980000e+02,0.0,1.000000e+00,0.000000e+00,0.000000e+00
1.880000e+02,1.980000e+02,0.0,1.000000e+00,0.000000e+00,0.000000e+00
1.900000e+02,1.980000e+02,0.0,1.000000e+00,0.000000e+00,0.000000e+00
1.920000e+02,1.980000e+02,0.0,1.000000e+00,0.000000e+00,0.000000e+00
1.940000e+02,1.980000e+02,0.0,1.000000e+00,0.000000e+00,0.000000e+00
1.960000e+02,1.980000e+02,0.0,1.000000e+00,0.000000e+00,0.000000e+00
1.980000e+02,1.980000e+02,0.0,1.000000e+00,0.000000e+00,0.000000e+00
2.000000e+02,1.980000e+02,0.0,1.000000e+00,0.000000e+00,0.000000e+00
0.000000e+00,2.000000e+02,0.0,1.000000e+00,0.000000e+00,0.000000e+00
2.000000e+00,2.000000e+02,0.0,1.000000e+00,0.000000e+00,0.000000e+00
4.000000e+00,2.000000e+02,0.0,1.000000e+00,0.000000e+00,0.000000e+00
6.000000e+00,2.000000e+02,0.0,1.000000e+00,0.000000e+00,0.000000e+00
8.000000e+00,2.000000e+02,0.0,1.000000e+00,0.000000e+00,0.000000e+00
1.000000e+01,2.000000e+02,0.0,1.000000e+00,0.000000e+00,0.000000e+00
1.200000e+01,2.000000e+02,0.0,1.000000e+00,0.000000e+00,0.000000e+00
1.400000e+01,2.000000e+02,0.0,1.000000e+00,0.000000e+00,0.000000e+00
1.600000e+01,2.000000e+02,0.0,1.000000e+00,0.000000e+00,0.000000e+00
1.800000e+01,2.000000e+02,0.0,1.000000e+00,0.000000e+00,0.000000e+00
2.000000e+01,2.000000e+02,0.0,1.000000e+00,0.000000e+00,0.000000e+00
2.200000e+01,2.000000e+02,0.0,1.000000e+00,0.000000e+00,0.000000e+00
2.400000e+01,2.000000e+02,0.0,1.000000e+00,0.000000e+00,0.000000e+00
2.600000e+01,2.000000e+02,0.0,1.000000e+00,0.000000e+00,0.000000e+00
2.800000e+01,2.000000e+02,0.0,1.000000e+00,0.000000e+00,0.000000e+00
3.000000e+01,2.000000e+02,0.0,1.000000e+00,0.000000e+00,0.000000e+00
3.200000e+01,2.000000e+02,0.0,1.000000e+00,0.000000e+00,0.000000e+00
3.400000e+01,2.000000e+02,0.0,1.000000e+00,0.000000e+00,0.000000e+00
3.600000e+01,2.000000e+02,0.0,1.000000e+00,0.000000e+00,0.000000e+00
3.800000e+01,2.000000e+02,0.0,1.000000e+00,0.000000e+00,0.000000e+00
4.000000e+01,2.000000e+02,0.0,1.000000e+00,0.000000e+00,0.000000e+00
4.200000e+01,2.000000e+02,0.0,1.000000e+00,0.000000e+00,0.000000e+00
4.400000e+01,2.000000e+02,0.0,1.000000e+00,0.000000e+00,0.000000e+00
4.600000e+01,2.000000e+02,0.0,1.000000e+00,0.000000e+00,0.000000e+00
4.800000e+01,2.000000e+02,0.0,1.000000e+00,0.000000e+00,0.000000e+00
5.000000e+01,2.000000e+02,0.0,1.000000e+00,0.000000e+00,0.000000e+00
5.200000e+01,2.000000e+02,0.0,1.000000e+00,0.000000e+00,0.000000e+00
5.400000e+01,2.000000e+02,0.0,1.000000e+00,0.000000e+00,0.000000e+00
5.600000e+01,2.000000e+02,0.0,1.000000e+00,0.000000e+00,0.000000e+00
5.800000e+01,2.000000e+02,0.0,1.000000e+00,0.000000e+00,0.000000e+00
6.000000e+01,2.000000e+02,0.0,1.000000e+00,0.000000e+00,0.000000e+00
6.200000e+01,2.000000e+02,0.0,1.000000e+00,0.000000e+00,0.000000e+00
6.400000e+01,2.000000e+02,0.0,1.000000e+00,0.000000e+00,0.000000e+00
6.600000e+01,2.000000e+02,0.0,1.000000e+00,0.000000e+00,0.000000e+00
6.800000e+01,2.000000e+02,0.0,1.000000e+00,0.000000e+00,0.000000e+00
7.000000e+01,2.000000e+02,0.0,1.000000e+00,0.000000e+00,0.000000e+00
7.200000e+01,2.000000e+02,0.0,1.000000e+00,0.000000e+00,0.000000e+00
7.400000e+01,2.000000e+02,0.0,1.000000e+00,0.000000e+00,0.000000e+00
7.600000e+01,2.000000e+02,0.0,1.000000e+00,0.000000e+00,0.000000e+00
7.800000e+01,2.000000e+02,0.0,1.000000e+00,0.000000e+00,0.000000e+00
8.000000e+01,2.000000e+02,0.0,1.000000e+00,0.000000e+00,0.000000e+00
8.200000e+01,2.000000e+02,0.0,1.000000e+00,0.000000e+00,0.000000e+00
8.400000e+01,2.000000e+02,0.0,1.000000e+00,0.000000e+00,0.000000e+00
8.600000e+01,2.000000e+02,0.0,1.000000e+00,0.000000e+00,0.000000e+00
8.800000e+01,2.000000e+02,0.0,1.000000e+00,0.000000e+00,0.000000e+00
9.000000e+01,2.000000e+02,0.0,1.000000e+00,0.000000e+00,0.000000e+00
9.200000e+01,2.000000e+02,0.0,1.000000e+00,0.000000e+00,0.000000e+00
9.400000e+01,2.000000e+02,0.0,1.000000e+00,0.000000e+00,0.000000e+00
9.600000e+01,2.000000e+02,0.0,1.000000e+00,0.000000e+00,0.000000e+00
9.800000e+01,2.000000e+02,0.0,1.000000e+00,0.000000e+00,0.000000e+00
1.000000e+02,2.000000e+02,0.0,1.000000e+00,0.000000e+00,0.000000e+00
1.020000e+02,2.000000e+02,0.0,1.000000e+00,0.000000e+00,0.000000e+00
1.040000e+02,2.000000e+02,0.0,1.000000e+00,0.000000e+00,0.000000e+00
1.060000e+02,2.000000e+02,0.0,1.000000e+00,0.000000e+00,0.000000e+00
1.080000e+02,2.000000e+02,0.0,1.000000e+00,0.000000e+00,0.000000e+00
1.100000e+02,2.000000e+02,0.0,1.000000e+00,0.000000e+00,0.000000e+00
1.120000e+02,2.000000e+02,0.0,1.000000e+00,0.000000e+00,0.000000e+00
1.140000e+02,2.000000e+02,0.0,1.000000e+00,0.000000e+00,0.000000e+00
1.160000e+02,2.000000e+02,0.0,1.000000e+00,0.000000e+00,0.000000e+00
1.180000e+02,2.000000e+02,0.0,1.000000e+00,0.000000e+00,0.000000e+00
1.200000e+02,2.000000e+02,0.0,1.000000e+00,0.000000e+00,0.000000e+00
1.220000e+02,2.000000e+02,0.0,1.000000e+00,0.000000e+00,0.000000e+00
1.240000e+02,2.000000e+02,0.0,1.000000e+00,0.000000e+00,0.000000e+00
1.260000e+02,2.000000e+02,0.0,1.000000e+00,0.000000e+00,0.000000e+00
1.280000e+02,2.000000e+02,0.0,1.000000e+00,0.000000e+00,0.000000e+00
1.300000e+02,2.000000e+02,0.0,1.000000e+00,0.000000e+00,0.000000e+00
1.320000e+02,2.000000e+02,0.0,1.000000e+00,0.000000e+00,0.000000e+00
1.340000e+02,2.000000e+02,0.0,1.000000e+00,0.000000e+00,0.000000e+00
1.360000e+02,2.000000e+02,0.0,1.000000e+00,0.000000e+00,0.000000e+00
1.380000e+02,2.000000e+02,0.0,1.000000e+00,0.000000e+00,0.000000e+00
1.400000e+02,2.000000e+02,0.0,1.000000e+00,0.000000e+00,0.000000e+00
1.420000e+02,2.000000e+02,0.0,1.000000e+00,0.000000e+00,0.000000e+00
1.440000e+02,2.000000e+02,0.0,1.000000e+00,0.000000e+00,0.000000e+00
1.460000e+02,2.000000e+02,0.0,1.000000e+00,0.000000e+00,0.000000e+00
1.480000e+02,2.000000e+02,0.0,1.000000e+00,0.000000e+00,0.000000e+00
1.500000e+02,2.000000e+02,0.0,1.000000e+00,0.000000e+00,0.000000e+00
1.520000e+02,2.000000e+02,0.0,1.000000e+00,0.000000e+00,0.000000e+00
1.540000e+02,2.000000e+02,0.0,1.000000e+00,0.000000e+00,0.000000e+00
1.560000e+02,2.000000e+02,0.0,1.000000e+00,0.000000e+00,0.000000e+00
1.580000e+02,2.000000e+02,0.0,1.000000e+00,0.000000e+00,0.000000e+00
1.600000e+02,2.000000e+02,0.0,1.000000e+00,0.000000e+00,0.000000e+00
1.620000e+02,2.000000e+02,0.0,1.000000e+00,0.000000e+00,0.000000e+00
1.640000e+02,2.000000e+02,0.0,1.000000e+00,0.000000e+00,0.000000e+00
1.660000e+02,2.000000e+02,0.0,1.000000e+00,0.000000e+00,0.000000e+00
1.680000e+02,2.000000e+02,0.0,1.000000e+00,0.000000e+00,0.000000e+00
1.700000e+02,2.000000e+02,0.0,1.000000e+00,0.000000e+00,0.000000e+00
1.720000e+02,2.000000e+02,0.0,1.000000e+00,0.000000e+00,0.000000e+00
1.740000e+02,2.000000e+02,0.0,1.000000e+00,0.000000e+00,0.000000e+00
1.760000e+02,2.000000e+02,0.0,1.000000e+00,0.000000e+00,0.000000e+00
1.780000e+02,2.000000e+02,0.0,1.000000e+00,0.000000e+00,0.000000e+00
1.800000e+02,2.000000e+02,0.0,1.000000e+00,0.000000e+00,0.000000e+00
1.820000e+02,2.000000e+02,0.0,1.000000e+00,0.000000e+00,0.000000e+00
1.840000e+02,2.000000e+02,0.0,1.000000e+00,0.000000e+00,0.000000e+00
1.860000e+02,2.000000e+02,0.0,1.000000e+00,0.000000e+00,0.000000e+00
1.880000e+02,2.000000e+02,0.0,1.000000e+00,0.000000e+00,0.000000e+00
1.900000e+02,2.000000e+02,0.0,1.000000e+00,0.000000e+00,0.000000e+00
1.920000e+02,2.000000e+02,0.0,1.000000e+00,0.000000e+00,0.000000e+00
1.940000e+02,2.000000e+02,0.0,1.000000e+00,0.000000e+00,0.000000e+00
1.960000e+02,2.000000e+02,0.0,1.000000e+00,0.000000e+00,0.000000e+00
1.980000e+02,2.000000e+02,0.0,1.000000e+00,0.000000e+00,0.000000e+00
2.000000e+02,2.000000e+02,0.0,1.000000e+00,0.000000e+00,0.000000e+00
