Coordinate_x[m],Coordinate_y[m],Coordinate_z[m],Conservative_1[m],Conservative_2[m^2/2],Conservative_3[m^2/s], 
0.000000e+00,0.000000e+00,0.0,1.000209e+00,-5.027827e-05,-5.027827e-05
1.000000e-02,0.000000e+00,0.0,1.000225e+00,-3.369229e-04,-3.040601e-05
2.000000e-02,0.000000e+00,0.0,1.000516e+00,-1.077699e-03,-7.677918e-05
3.000000e-02,0.000000e+00,0.0,1.001067e+00,-2.270370e-03,-1.392737e-04
4.000000e-02,0.000000e+00,0.0,1.002162e+00,-4.487937e-03,-3.072853e-04
5.000000e-02,0.000000e+00,0.0,1.004479e+00,-8.922920e-03,-8.757950e-04
6.000000e-02,0.000000e+00,0.0,1.009638e+00,-1.814476e-02,-2.422731e-03
7.000000e-02,0.000000e+00,0.0,1.019588e+00,-3.485969e-02,-4.619674e-03
8.000000e-02,0.000000e+00,0.0,1.033789e+00,-5.746531e-02,-5.312503e-03
9.000000e-02,0.000000e+00,0.0,1.048526e+00,-7.914075e-02,-3.558803e-03
1.000000e-01,0.000000e+00,0.0,1.060496e+00,-9.389303e-02,-8.354567e-04
1.100000e-01,0.000000e+00,0.0,1.068354e+00,-9.945183e-02,1.537019e-03
1.200000e-01,0.000000e+00,0.0,1.072091e+00,-9.589104e-02,2.764137e-03
1.300000e-01,0.000000e+00,0.0,1.073445e+00,-8.779542e-02,3.279660e-03
1.400000e-01,0.000000e+00,0.0,1.073320e+00,-7.690585e-02,3.168731e-03
1.500000e-01,0.000000e+00,0.0,1.072529e+00,-6.466214e-02,2.919095e-03
1.600000e-01,0.000000e+00,0.0,1.071442e+00,-5.179432e-02,2.662751e-03
1.700000e-01,0.000000e+00,0.0,1.070311e+00,-3.861965e-02,2.502800e-03
1.800000e-01,0.000000e+00,0.0,1.069376e+00,-2.549143e-02,2.437407e-03
1.900000e-01,0.000000e+00,0.0,1.068809e+00,-1.266061e-02,2.414308e-03
2.000000e-01,0.000000e+00,0.0,1.068630e+00,3.527564e-12,2.409212e-03
2.100000e-01,0.000000e+00,0.0,1.068809e+00,1.266061e-02,2.414308e-03
2.200000e-01,0.000000e+00,0.0,1.069376e+00,2.549143e-02,2.437407e-03
2.300000e-01,0.000000e+00,0.0,1.070311e+00,3.861965e-02,2.502800e-03
2.400000e-01,0.000000e+00,0.0,1.071442e+00,5.179432e-02,2.662751e-03
2.500000e-01,0.000000e+00,0.0,1.072529e+00,6.466214e-02,2.919095e-03
2.600000e-01,0.000000e+00,0.0,1.073320e+00,7.690584e-02,3.168731e-03
2.700000e-01,0.000000e+00,0.0,1.073445e+00,8.779542e-02,3.279660e-03
2.800000e-01,0.000000e+00,0.0,1.072091e+00,9.589104e-02,2.764138e-03
2.900000e-01,0.000000e+00,0.0,1.068354e+00,9.945184e-02,1.537021e-03
3.000000e-01,0.000000e+00,0.0,1.060496e+00,9.389304e-02,-8.354525e-04
3.100000e-01,0.000000e+00,0.0,1.048526e+00,7.914074e-02,-3.558783e-03
3.200000e-01,0.000000e+00,0.0,1.033789e+00,5.746520e-02,-5.312460e-03
3.300000e-01,0.000000e+00,0.0,1.019588e+00,3.485941e-02,-4.619669e-03
3.400000e-01,0.000000e+00,0.0,1.009638e+00,1.814430e-02,-2.422819e-03
3.500000e-01,0.000000e+00,0.0,1.004479e+00,8.922992e-03,-8.760251e-04
3.600000e-01,0.000000e+00,0.0,1.002161e+00,4.490378e-03,-3.073199e-04
3.700000e-01,0.000000e+00,0.0,1.001063e+00,2.284533e-03,-1.392418e-04
3.800000e-01,0.000000e+00,0.0,1.000497e+00,1.104522e-03,-7.139785e-05
3.900000e-01,0.000000e+00,0.0,1.000211e+00,4.857796e-04,-3.205214e-05
4.000000e-01,0.000000e+00,0.0,1.000080e+00,1.930923e-04,-1.159988e-05
4.100000e-01,0.000000e+00,0.0,1.000028e+00,7.035056e-05,-3.513631e-06
4.200000e-01,0.000000e+00,0.0,1.000009e+00,2.379920e-05,-9.390976e-07
4.300000e-01,0.000000e+00,0.0,1.000003e+00,7.510019e-06,-2.221800e-07
4.400000e-01,0.000000e+00,0.0,1.000001e+00,2.221893e-06,-4.473540e-08
4.500000e-01,0.000000e+00,0.0,1.000000e+00,6.326884e-07,-8.102905e-09
4.600000e-01,0.000000e+00,0.0,1.000000e+00,1.881795e-07,-2.218027e-09
4.700000e-01,0.000000e+00,0.0,1.000000e+00,6.770290e-08,-1.247544e-09
4.800000e-01,0.000000e+00,0.0,1.000000e+00,3.212275e-08,-8.459749e-10
4.900000e-01,0.000000e+00,0.0,1.000000e+00,1.841574e-08,-5.566938e-10
5.000000e-01,0.000000e+00,0.0,1.000000e+00,1.122766e-08,-3.613595e-10
5.100000e-01,0.000000e+00,0.0,1.000000e+00,6.840672e-09,-2.309145e-10
5.200000e-01,0.000000e+00,0.0,1.000000e+00,4.084564e-09,-1.447350e-10
5.300000e-01,0.000000e+00,0.0,1.000000e+00,2.372704e-09,-8.858526e-11
5.400000e-01,0.000000e+00,0.0,1.000000e+00,1.334253e-09,-5.264007e-11
5.500000e-01,0.000000e+00,0.0,1.000000e+00,7.233169e-10,-3.020459e-11
5.600000e-01,0.000000e+00,0.0,1.000000e+00,3.767303e-10,-1.665942e-11
5.700000e-01,0.000000e+00,0.0,1.000000e+00,1.880059e-10,-8.801104e-12
5.800000e-01,0.000000e+00,0.0,1.000000e+00,8.971469e-11,-4.441415e-12
5.900000e-01,0.000000e+00,0.0,1.000000e+00,4.087442e-11,-2.137058e-12
6.000000e-01,0.000000e+00,0.0,1.000000e+00,1.776134e-11,-9.790043e-13
6.100000e-01,0.000000e+00,0.0,1.000000e+00,7.354940e-12,-4.268989e-13
6.200000e-01,0.000000e+00,0.0,1.000000e+00,2.900667e-12,-1.768062e-13
6.300000e-01,0.000000e+00,0.0,1.000000e+00,1.088887e-12,-6.965417e-14
6.400000e-01,0.000000e+00,0.0,1.000000e+00,3.889807e-13,-2.606690e-14
6.500000e-01,0.000000e+00,0.0,1.000000e+00,1.320741e-13,-9.401176e-15
6.600000e-01,0.000000e+00,0.0,1.000000e+00,4.268675e-14,-3.204947e-15
6.700000e-01,0.000000e+00,0.0,1.000000e+00,1.298161e-14,-9.614840e-16
6.800000e-01,0.000000e+00,0.0,1.000000e+00,3.632508e-15,-3.204947e-16
6.900000e-01,0.000000e+00,0.0,1.000000e+00,9.080998e-16,0.000000e+00
7.000000e-01,0.000000e+00,0.0,1.000000e+00,1.068316e-16,0.000000e+00
7.100000e-01,0.000000e+00,0.0,1.000000e+00,0.000000e+00,0.000000e+00
7.200000e-01,0.000000e+00,0.0,1.000000e+00,0.000000e+00,0.000000e+00
7.300000e-01,0.000000e+00,0.0,1.000000e+00,0.000000e+00,0.000000e+00
7.400000e-01,0.000000e+00,0.0,1.000000e+00,0.000000e+00,0.000000e+00
7.500000e-01,0.000000e+00,0.0,1.000000e+00,0.000000e+00,0.000000e+00
7.600000e-01,0.000000e+00,0.0,1.000000e+00,0.000000e+00,0.000000e+00
7.700000e-01,0.000000e+00,0.0,1.000000e+00,0.000000e+00,0.000000e+00
7.800000e-01,0.000000e+00,0.0,1.000000e+00,0.000000e+00,0.000000e+00
7.900000e-01,0.000000e+00,0.0,1.000000e+00,0.000000e+00,0.000000e+00
8.000000e-01,0.000000e+00,0.0,1.000000e+00,0.000000e+00,0.000000e+00
8.100000e-01,0.000000e+00,0.0,1.000000e+00,0.000000e+00,0.000000e+00
8.200000e-01,0.000000e+00,0.0,1.000000e+00,0.000000e+00,0.000000e+00
8.300000e-01,0.000000e+00,0.0,1.000000e+00,0.000000e+00,0.000000e+00
8.400000e-01,0.000000e+00,0.0,1.000000e+00,0.000000e+00,0.000000e+00
8.500000e-01,0.000000e+00,0.0,1.000000e+00,0.000000e+00,0.000000e+00
8.600000e-01,0.000000e+00,0.0,1.000000e+00,0.000000e+00,0.000000e+00
8.700000e-01,0.000000e+00,0.0,1.000000e+00,0.000000e+00,0.000000e+00
8.800000e-01,0.000000e+00,0.0,1.000000e+00,0.000000e+00,0.000000e+00
8.900000e-01,0.000000e+00,0.0,1.000000e+00,0.000000e+00,0.000000e+00
9.000000e-01,0.000000e+00,0.0,1.000000e+00,0.000000e+00,0.000000e+00
9.100000e-01,0.000000e+00,0.0,1.000000e+00,0.000000e+00,0.000000e+00
9.200000e-01,0.000000e+00,0.0,1.000000e+00,0.000000e+00,0.000000e+00
9.300000e-01,0.000000e+00,0.0,1.000000e+00,0.000000e+00,0.000000e+00
9.400000e-01,0.000000e+00,0.0,1.000000e+00,0.000000e+00,0.000000e+00
9.500000e-01,0.000000e+00,0.0,1.000000e+00,0.000000e+00,0.000000e+00
9.600000e-01,0.000000e+00,0.0,1.000000e+00,0.000000e+00,0.000000e+00
9.700000e-01,0.000000e+00,0.0,1.000000e+00,0.000000e+00,0.000000e+00
9.800000e-01,0.000000e+00,0.0,1.000000e+00,0.000000e+00,0.000000e+00
9.900000e-01,0.000000e+00,0.0,1.000000e+00,0.000000e+00,0.000000e+00
1.000000e+00,0.000000e+00,0.0,1.000000e+00,0.000000e+00,0.000000e+00
0.000000e+00,1.000000e-02,0.0,1.000225e+00,-3.040601e-05,-3.369229e-04
1.000000e-02,1.000000e-02,0.0,1.000228e+00,-2.701952e-04,-2.701952e-04
2.000000e-02,1.000000e-02,0.0,1.000523e+00,-1.012006e-03,-6.516747e-04
3.000000e-02,1.000000e-02,0.0,1.001060e+00,-2.116094e-03,-1.330533e-03
4.000000e-02,1.000000e-02,0.0,1.002203e+00,-4.290018e-03,-2.871024e-03
5.000000e-02,1.000000e-02,0.0,1.004850e+00,-9.043990e-03,-6.923500e-03
6.000000e-02,1.000000e-02,0.0,1.010660e+00,-1.910123e-02,-1.681364e-02
7.000000e-02,1.000000e-02,0.0,1.020245e+00,-3.547666e-02,-3.308237e-02
8.000000e-02,1.000000e-02,0.0,1.031972e+00,-5.467994e-02,-4.725301e-02
9.000000e-02,1.000000e-02,0.0,1.043422e+00,-7.182472e-02,-5.207195e-02
1.000000e-01,1.000000e-02,0.0,1.053196e+00,-8.377998e-02,-4.807256e-02
1.100000e-01,1.000000e-02,0.0,1.060461e+00,-8.930485e-02,-3.867013e-02
1.200000e-01,1.000000e-02,0.0,1.064996e+00,-8.785647e-02,-2.820690e-02
1.300000e-01,1.000000e-02,0.0,1.067362e+00,-8.128226e-02,-1.925633e-02
1.400000e-01,1.000000e-02,0.0,1.068528e+00,-7.257774e-02,-1.223336e-02
1.500000e-01,1.000000e-02,0.0,1.068762e+00,-6.192594e-02,-7.358364e-03
1.600000e-01,1.000000e-02,0.0,1.068383e+00,-5.013824e-02,-3.676076e-03
1.700000e-01,1.000000e-02,0.0,1.067694e+00,-3.765958e-02,-1.013676e-03
1.800000e-01,1.000000e-02,0.0,1.066994e+00,-2.495710e-02,8.085971e-04
1.900000e-01,1.000000e-02,0.0,1.066545e+00,-1.241342e-02,1.863927e-03
2.000000e-01,1.000000e-02,0.0,1.066401e+00,3.454687e-12,2.212464e-03
2.100000e-01,1.000000e-02,0.0,1.066545e+00,1.241342e-02,1.863927e-03
2.200000e-01,1.000000e-02,0.0,1.066994e+00,2.495710e-02,8.085971e-04
2.300000e-01,1.000000e-02,0.0,1.067694e+00,3.765958e-02,-1.013676e-03
2.400000e-01,1.000000e-02,0.0,1.068383e+00,5.013824e-02,-3.676076e-03
2.500000e-01,1.000000e-02,0.0,1.068762e+00,6.192594e-02,-7.358364e-03
2.600000e-01,1.000000e-02,0.0,1.068528e+00,7.257774e-02,-1.223336e-02
2.700000e-01,1.000000e-02,0.0,1.067362e+00,8.128226e-02,-1.925632e-02
2.800000e-01,1.000000e-02,0.0,1.064996e+00,8.785648e-02,-2.820690e-02
2.900000e-01,1.000000e-02,0.0,1.060461e+00,8.930486e-02,-3.867012e-02
3.000000e-01,1.000000e-02,0.0,1.053196e+00,8.378001e-02,-4.807254e-02
3.100000e-01,1.000000e-02,0.0,1.043422e+00,7.182475e-02,-5.207187e-02
3.200000e-01,1.000000e-02,0.0,1.031972e+00,5.467983e-02,-4.725283e-02
3.300000e-01,1.000000e-02,0.0,1.020245e+00,3.547623e-02,-3.308233e-02
3.400000e-01,1.000000e-02,0.0,1.010660e+00,1.910031e-02,-1.681394e-02
3.500000e-01,1.000000e-02,0.0,1.004850e+00,9.043162e-03,-6.924181e-03
3.600000e-01,1.000000e-02,0.0,1.002202e+00,4.290587e-03,-2.870364e-03
3.700000e-01,1.000000e-02,0.0,1.001056e+00,2.130911e-03,-1.327514e-03
3.800000e-01,1.000000e-02,0.0,1.000500e+00,1.034430e-03,-6.235827e-04
3.900000e-01,1.000000e-02,0.0,1.000216e+00,4.561635e-04,-2.659361e-04
4.000000e-01,1.000000e-02,0.0,1.000083e+00,1.783879e-04,-9.897859e-05
4.100000e-01,1.000000e-02,0.0,1.000029e+00,6.289773e-05,-3.278963e-05
4.200000e-01,1.000000e-02,0.0,1.000009e+00,2.045829e-05,-9.980060e-06
4.300000e-01,1.000000e-02,0.0,1.000003e+00,6.194035e-06,-2.819992e-06
4.400000e-01,1.000000e-02,0.0,1.000001e+00,1.755317e-06,-7.358017e-07
4.500000e-01,1.000000e-02,0.0,1.000000e+00,4.821749e-07,-1.792820e-07
4.600000e-01,1.000000e-02,0.0,1.000000e+00,1.435804e-07,-4.474429e-08
4.700000e-01,1.000000e-02,0.0,1.000000e+00,5.534708e-08,-1.427164e-08
4.800000e-01,1.000000e-02,0.0,1.000000e+00,2.886253e-08,-6.373197e-09
4.900000e-01,1.000000e-02,0.0,1.000000e+00,1.756515e-08,-3.469194e-09
5.000000e-01,1.000000e-02,0.0,1.000000e+00,1.099638e-08,-2.078820e-09
5.100000e-01,1.000000e-02,0.0,1.000000e+00,6.790160e-09,-1.276754e-09
5.200000e-01,1.000000e-02,0.0,1.000000e+00,4.095896e-09,-7.776879e-10
5.300000e-01,1.000000e-02,0.0,1.000000e+00,2.402307e-09,-4.640862e-10
5.400000e-01,1.000000e-02,0.0,1.000000e+00,1.364011e-09,-2.693545e-10
5.500000e-01,1.000000e-02,0.0,1.000000e+00,7.467890e-10,-1.511687e-10
5.600000e-01,1.000000e-02,0.0,1.000000e+00,3.929523e-10,-8.165244e-11
5.700000e-01,1.000000e-02,0.0,1.000000e+00,1.982071e-10,-4.229178e-11
5.800000e-01,1.000000e-02,0.0,1.000000e+00,9.565118e-11,-2.094685e-11
5.900000e-01,1.000000e-02,0.0,1.000000e+00,4.410003e-11,-9.901255e-12
6.000000e-01,1.000000e-02,0.0,1.000000e+00,1.940543e-11,-4.460066e-12
6.100000e-01,1.000000e-02,0.0,1.000000e+00,8.144002e-12,-1.912909e-12
6.200000e-01,1.000000e-02,0.0,1.000000e+00,3.257581e-12,-7.805454e-13
6.300000e-01,1.000000e-02,0.0,1.000000e+00,1.241372e-12,-3.027861e-13
6.400000e-01,1.000000e-02,0.0,1.000000e+00,4.505441e-13,-1.117857e-13
6.500000e-01,1.000000e-02,0.0,1.000000e+00,1.555868e-13,-3.937825e-14
6.600000e-01,1.000000e-02,0.0,1.000000e+00,5.123660e-14,-1.298297e-14
6.700000e-01,1.000000e-02,0.0,1.000000e+00,1.575991e-14,-4.060172e-15
6.800000e-01,1.000000e-02,0.0,1.000000e+00,4.647537e-15,-1.228650e-15
6.900000e-01,1.000000e-02,0.0,1.000000e+00,1.282049e-15,-2.670881e-16
7.000000e-01,1.000000e-02,0.0,1.000000e+00,2.136697e-16,0.000000e+00
7.100000e-01,1.000000e-02,0.0,1.000000e+00,0.000000e+00,0.000000e+00
7.200000e-01,1.000000e-02,0.0,1.000000e+00,0.000000e+00,0.000000e+00
7.300000e-01,1.000000e-02,0.0,1.000000e+00,0.000000e+00,0.000000e+00
7.400000e-01,1.000000e-02,0.0,1.000000e+00,0.000000e+00,0.000000e+00
7.500000e-01,1.000000e-02,0.0,1.000000e+00,0.000000e+00,0.000000e+00
7.600000e-01,1.000000e-02,0.0,1.000000e+00,0.000000e+00,0.000000e+00
7.700000e-01,1.000000e-02,0.0,1.000000e+00,0.000000e+00,0.000000e+00
7.800000e-01,1.000000e-02,0.0,1.000000e+00,0.000000e+00,0.000000e+00
7.900000e-01,1.000000e-02,0.0,1.000000e+00,0.000000e+00,0.000000e+00
8.000000e-01,1.000000e-02,0.0,1.000000e+00,0.000000e+00,0.000000e+00
8.100000e-01,1.000000e-02,0.0,1.000000e+00,0.000000e+00,0.000000e+00
8.200000e-01,1.000000e-02,0.0,1.000000e+00,0.000000e+00,0.000000e+00
8.300000e-01,1.000000e-02,0.0,1.000000e+00,0.000000e+00,0.000000e+00
8.400000e-01,1.000000e-02,0.0,1.000000e+00,0.000000e+00,0.000000e+00
8.500000e-01,1.000000e-02,0.0,1.000000e+00,0.000000e+00,0.000000e+00
8.600000e-01,1.000000e-02,0.0,1.000000e+00,0.000000e+00,0.000000e+00
8.700000e-01,1.000000e-02,0.0,1.000000e+00,0.000000e+00,0.000000e+00
8.800000e-01,1.000000e-02,0.0,1.000000e+00,0.000000e+00,0.000000e+00
8.900000e-01,1.000000e-02,0.0,1.000000e+00,0.000000e+00,0.000000e+00
9.000000e-01,1.000000e-02,0.0,1.000000e+00,0.000000e+00,0.000000e+00
9.100000e-01,1.000000e-02,0.0,1.000000e+00,0.000000e+00,0.000000e+00
9.200000e-01,1.000000e-02,0.0,1.000000e+00,0.000000e+00,0.000000e+00
9.300000e-01,1.000000e-02,0.0,1.000000e+00,0.000000e+00,0.000000e+00
9.400000e-01,1.000000e-02,0.0,1.000000e+00,0.000000e+00,0.000000e+00
9.500000e-01,1.000000e-02,0.0,1.000000e+00,0.000000e+00,0.000000e+00
9.600000e-01,1.000000e-02,0.0,1.000000e+00,0.000000e+00,0.000000e+00
9.700000e-01,1.000000e-02,0.0,1.000000e+00,0.000000e+00,0.000000e+00
9.800000e-01,1.000000e-02,0.0,1.000000e+00,0.000000e+00,0.000000e+00
9.900000e-01,1.000000e-02,0.0,1.000000e+00,0.000000e+00,0.000000e+00
1.000000e+00,1.000000e-02,0.0,1.000000e+00,0.000000e+00,0.000000e+00
0.000000e+00,2.000000e-02,0.0,1.000516e+00,-7.677918e-05,-1.077699e-03
1.000000e-02,2.000000e-02,0.0,1.000523e+00,-6.516747e-04,-1.012006e-03
2.000000e-02,2.000000e-02,0.0,1.001144e+00,-2.288499e-03,-2.288499e-03
3.000000e-02,2.000000e-02,0.0,1.002386e+00,-4.943597e-03,-4.853493e-03
4.000000e-02,2.000000e-02,0.0,1.005567e+00,-1.122925e-02,-1.164333e-02
5.000000e-02,2.000000e-02,0.0,1.012723e+00,-2.499129e-02,-2.792853e-02
6.000000e-02,2.000000e-02,0.0,1.023451e+00,-4.561334e-02,-5.420020e-02
7.000000e-02,2.000000e-02,0.0,1.033052e+00,-6.336997e-02,-7.851140e-02
8.000000e-02,2.000000e-02,0.0,1.039012e+00,-7.295230e-02,-9.229550e-02
9.000000e-02,2.000000e-02,0.0,1.043221e+00,-7.724676e-02,-9.552718e-02
1.000000e-01,2.000000e-02,0.0,1.046987e+00,-7.874654e-02,-9.059149e-02
1.100000e-01,2.000000e-02,0.0,1.050939e+00,-7.839830e-02,-8.030130e-02
1.200000e-01,2.000000e-02,0.0,1.054588e+00,-7.599303e-02,-6.681130e-02
1.300000e-01,2.000000e-02,0.0,1.057101e+00,-7.044372e-02,-5.223086e-02
1.400000e-01,2.000000e-02,0.0,1.058677e+00,-6.333392e-02,-3.800556e-02
1.500000e-01,2.000000e-02,0.0,1.059006e+00,-5.435605e-02,-2.462534e-02
1.600000e-01,2.000000e-02,0.0,1.058510e+00,-4.393872e-02,-1.292100e-02
1.700000e-01,2.000000e-02,0.0,1.057679e+00,-3.305186e-02,-3.681024e-03
1.800000e-01,2.000000e-02,0.0,1.056796e+00,-2.192354e-02,2.922123e-03
1.900000e-01,2.000000e-02,0.0,1.056190e+00,-1.089833e-02,6.756613e-03
2.000000e-01,2.000000e-02,0.0,1.055980e+00,1.210633e-11,8.042691e-03
2.100000e-01,2.000000e-02,0.0,1.056190e+00,1.089833e-02,6.756613e-03
2.200000e-01,2.000000e-02,0.0,1.056796e+00,2.192354e-02,2.922123e-03
2.300000e-01,2.000000e-02,0.0,1.057679e+00,3.305186e-02,-3.681024e-03
2.400000e-01,2.000000e-02,0.0,1.058510e+00,4.393872e-02,-1.292100e-02
2.500000e-01,2.000000e-02,0.0,1.059006e+00,5.435605e-02,-2.462535e-02
2.600000e-01,2.000000e-02,0.0,1.058677e+00,6.333392e-02,-3.800556e-02
2.700000e-01,2.000000e-02,0.0,1.057101e+00,7.044372e-02,-5.223086e-02
2.800000e-01,2.000000e-02,0.0,1.054588e+00,7.599304e-02,-6.681130e-02
2.900000e-01,2.000000e-02,0.0,1.050939e+00,7.839833e-02,-8.030129e-02
3.000000e-01,2.000000e-02,0.0,1.046987e+00,7.874657e-02,-9.059150e-02
3.100000e-01,2.000000e-02,0.0,1.043221e+00,7.724676e-02,-9.552729e-02
3.200000e-01,2.000000e-02,0.0,1.039012e+00,7.295205e-02,-9.229570e-02
3.300000e-01,2.000000e-02,0.0,1.033052e+00,6.336888e-02,-7.851189e-02
3.400000e-01,2.000000e-02,0.0,1.023452e+00,4.561093e-02,-5.420224e-02
3.500000e-01,2.000000e-02,0.0,1.012725e+00,2.498941e-02,-2.793145e-02
3.600000e-01,2.000000e-02,0.0,1.005564e+00,1.123215e-02,-1.163886e-02
3.700000e-01,2.000000e-02,0.0,1.002376e+00,4.987815e-03,-4.835689e-03
3.800000e-01,2.000000e-02,0.0,1.001084e+00,2.348477e-03,-2.174251e-03
3.900000e-01,2.000000e-02,0.0,1.000494e+00,1.092956e-03,-9.748799e-04
4.000000e-01,2.000000e-02,0.0,1.000207e+00,4.631331e-04,-3.975142e-04
4.100000e-01,2.000000e-02,0.0,1.000076e+00,1.732704e-04,-1.426969e-04
4.200000e-01,2.000000e-02,0.0,1.000025e+00,5.814236e-05,-4.591775e-05
4.300000e-01,2.000000e-02,0.0,1.000008e+00,1.794421e-05,-1.359546e-05
4.400000e-01,2.000000e-02,0.0,1.000002e+00,5.147732e-06,-3.730812e-06
4.500000e-01,2.000000e-02,0.0,1.000001e+00,1.382001e-06,-9.454320e-07
4.600000e-01,2.000000e-02,0.0,1.000000e+00,3.612389e-07,-2.249099e-07
4.700000e-01,2.000000e-02,0.0,1.000000e+00,1.044339e-07,-5.554106e-08
4.800000e-01,2.000000e-02,0.0,1.000000e+00,4.045273e-08,-1.783143e-08
4.900000e-01,2.000000e-02,0.0,1.000000e+00,2.135863e-08,-8.050716e-09
5.000000e-01,2.000000e-02,0.0,1.000000e+00,1.292725e-08,-4.436611e-09
5.100000e-01,2.000000e-02,0.0,1.000000e+00,7.967693e-09,-2.641825e-09
5.200000e-01,2.000000e-02,0.0,1.000000e+00,4.835206e-09,-1.589860e-09
5.300000e-01,2.000000e-02,0.0,1.000000e+00,2.864749e-09,-9.435449e-10
5.400000e-01,2.000000e-02,0.0,1.000000e+00,1.649011e-09,-5.466445e-10
5.500000e-01,2.000000e-02,0.0,1.000000e+00,9.182961e-10,-3.071196e-10
5.600000e-01,2.000000e-02,0.0,1.000000e+00,4.929472e-10,-1.664734e-10
5.700000e-01,2.000000e-02,0.0,1.000000e+00,2.543380e-10,-8.671154e-11
5.800000e-01,2.000000e-02,0.0,1.000000e+00,1.258412e-10,-4.326826e-11
5.900000e-01,2.000000e-02,0.0,1.000000e+00,5.960415e-11,-2.063687e-11
6.000000e-01,2.000000e-02,0.0,1.000000e+00,2.699024e-11,-9.392274e-12
6.100000e-01,2.000000e-02,0.0,1.000000e+00,1.167258e-11,-4.074386e-12
6.200000e-01,2.000000e-02,0.0,1.000000e+00,4.817704e-12,-1.683332e-12
6.300000e-01,2.000000e-02,0.0,1.000000e+00,1.896085e-12,-6.619698e-13
6.400000e-01,2.000000e-02,0.0,1.000000e+00,7.114419e-13,-2.475179e-13
6.500000e-01,2.000000e-02,0.0,1.000000e+00,2.545511e-13,-8.789580e-14
6.600000e-01,2.000000e-02,0.0,1.000000e+00,8.692915e-14,-2.981306e-14
6.700000e-01,2.000000e-02,0.0,1.000000e+00,2.799535e-14,-9.509733e-15
6.800000e-01,2.000000e-02,0.0,1.000000e+00,8.547586e-15,-2.831326e-15
6.900000e-01,2.000000e-02,0.0,1.000000e+00,2.403874e-15,-8.012763e-16
7.000000e-01,2.000000e-02,0.0,1.000000e+00,5.341762e-16,-1.068349e-16
7.100000e-01,2.000000e-02,0.0,1.000000e+00,0.000000e+00,0.000000e+00
7.200000e-01,2.000000e-02,0.0,1.000000e+00,0.000000e+00,0.000000e+00
7.300000e-01,2.000000e-02,0.0,1.000000e+00,0.000000e+00,0.000000e+00
7.400000e-01,2.000000e-02,0.0,1.000000e+00,0.000000e+00,0.000000e+00
7.500000e-01,2.000000e-02,0.0,1.000000e+00,0.000000e+00,0.000000e+00
7.600000e-01,2.000000e-02,0.0,1.000000e+00,0.000000e+00,0.000000e+00
7.700000e-01,2.000000e-02,0.0,1.000000e+00,0.000000e+00,0.000000e+00
7.800000e-01,2.000000e-02,0.0,1.000000e+00,0.000000e+00,0.000000e+00
7.900000e-01,2.000000e-02,0.0,1.000000e+00,0.000000e+00,0.000000e+00
8.000000e-01,2.000000e-02,0.0,1.000000e+00,0.000000e+00,0.000000e+00
8.100000e-01,2.000000e-02,0.0,1.000000e+00,0.000000e+00,0.000000e+00
8.200000e-01,2.000000e-02,0.0,1.000000e+00,0.000000e+00,0.000000e+00
8.300000e-01,2.000000e-02,0.0,1.000000e+00,0.000000e+00,0.000000e+00
8.400000e-01,2.000000e-02,0.0,1.000000e+00,0.000000e+00,0.000000e+00
8.500000e-01,2.000000e-02,0.0,1.000000e+00,0.000000e+00,0.000000e+00
8.600000e-01,2.000000e-02,0.0,1.000000e+00,0.000000e+00,0.000000e+00
8.700000e-01,2.000000e-02,0.0,1.000000e+00,0.000000e+00,0.000000e+00
8.800000e-01,2.000000e-02,0.0,1.000000e+00,0.000000e+00,0.000000e+00
8.900000e-01,2.000000e-02,0.0,1.000000e+00,0.000000e+00,0.000000e+00
9.000000e-01,2.000000e-02,0.0,1.000000e+00,0.000000e+00,0.000000e+00
9.100000e-01,2.000000e-02,0.0,1.000000e+00,0.000000e+00,0.000000e+00
9.200000e-01,2.000000e-02,0.0,1.000000e+00,0.000000e+00,0.000000e+00
9.300000e-01,2.000000e-02,0.0,1.000000e+00,0.000000e+00,0.000000e+00
9.400000e-01,2.000000e-02,0.0,1.000000e+00,0.000000e+00,0.000000e+00
9.500000e-01,2.000000e-02,0.0,1.000000e+00,0.000000e+00,0.000000e+00
9.600000e-01,2.000000e-02,0.0,1.000000e+00,0.000000e+00,0.000000e+00
9.700000e-01,2.000000e-02,0.0,1.000000e+00,0.000000e+00,0.000000e+00
9.800000e-01,2.000000e-02,0.0,1.000000e+00,0.000000e+00,0.000000e+00
9.900000e-01,2.000000e-02,0.0,1.000000e+00,0.000000e+00,0.000000e+00
1.000000e+00,2.000000e-02,0.0,1.000000e+00,0.000000e+00,0.000000e+00
0.000000e+00,3.000000e-02,0.0,1.001067e+00,-1.392737e-04,-2.270370e-03
1.000000e-02,3.000000e-02,0.0,1.001060e+00,-1.330533e-03,-2.116094e-03
2.000000e-02,3.000000e-02,0.0,1.002386e+00,-4.853493e-03,-4.943597e-03
3.000000e-02,3.000000e-02,0.0,1.005529e+00,-1.170746e-02,-1.170746e-02
4.000000e-02,3.000000e-02,0.0,1.013170e+00,-2.764303e-02,-2.897018e-02
5.000000e-02,3.000000e-02,0.0,1.024517e+00,-5.135640e-02,-5.699416e-02
6.000000e-02,3.000000e-02,0.0,1.033691e+00,-7.032450e-02,-8.225512e-02
7.000000e-02,3.000000e-02,0.0,1.038184e+00,-7.843743e-02,-9.645992e-02
8.000000e-02,3.000000e-02,0.0,1.039928e+00,-7.929555e-02,-1.035234e-01
9.000000e-02,3.000000e-02,0.0,1.040742e+00,-7.728995e-02,-1.068326e-01
1.000000e-01,3.000000e-02,0.0,1.041465e+00,-7.395247e-02,-1.064351e-01
1.100000e-01,3.000000e-02,0.0,1.041638e+00,-6.846991e-02,-1.005001e-01
1.200000e-01,3.000000e-02,0.0,1.041191e+00,-6.127630e-02,-8.757246e-02
1.300000e-01,3.000000e-02,0.0,1.040404e+00,-5.347294e-02,-6.950225e-02
1.400000e-01,3.000000e-02,0.0,1.039467e+00,-4.553717e-02,-4.947558e-02
1.500000e-01,3.000000e-02,0.0,1.038513e+00,-3.764252e-02,-3.004956e-02
1.600000e-01,3.000000e-02,0.0,1.037603e+00,-2.994854e-02,-1.325925e-02
1.700000e-01,3.000000e-02,0.0,1.036790e+00,-2.242430e-02,2.178944e-04
1.800000e-01,3.000000e-02,0.0,1.036073e+00,-1.493142e-02,9.971789e-03
1.900000e-01,3.000000e-02,0.0,1.035587e+00,-7.446100e-03,1.562880e-02
2.000000e-01,3.000000e-02,0.0,1.035419e+00,2.551646e-11,1.748518e-02
2.100000e-01,3.000000e-02,0.0,1.035587e+00,7.446100e-03,1.562880e-02
2.200000e-01,3.000000e-02,0.0,1.036073e+00,1.493142e-02,9.971789e-03
2.300000e-01,3.000000e-02,0.0,1.036790e+00,2.242430e-02,2.178943e-04
2.400000e-01,3.000000e-02,0.0,1.037603e+00,2.994854e-02,-1.325925e-02
2.500000e-01,3.000000e-02,0.0,1.038513e+00,3.764252e-02,-3.004956e-02
2.600000e-01,3.000000e-02,0.0,1.039467e+00,4.553717e-02,-4.947558e-02
2.700000e-01,3.000000e-02,0.0,1.040404e+00,5.347295e-02,-6.950225e-02
2.800000e-01,3.000000e-02,0.0,1.041191e+00,6.127632e-02,-8.757245e-02
2.900000e-01,3.000000e-02,0.0,1.041638e+00,6.846994e-02,-1.005001e-01
3.000000e-01,3.000000e-02,0.0,1.041465e+00,7.395241e-02,-1.064351e-01
3.100000e-01,3.000000e-02,0.0,1.040742e+00,7.728969e-02,-1.068330e-01
3.200000e-01,3.000000e-02,0.0,1.039928e+00,7.929467e-02,-1.035247e-01
3.300000e-01,3.000000e-02,0.0,1.038185e+00,7.843488e-02,-9.646251e-02
3.400000e-01,3.000000e-02,0.0,1.033694e+00,7.031899e-02,-8.226263e-02
3.500000e-01,3.000000e-02,0.0,1.024522e+00,5.135302e-02,-5.700741e-02
3.600000e-01,3.000000e-02,0.0,1.013164e+00,2.765471e-02,-2.896094e-02
3.700000e-01,3.000000e-02,0.0,1.005502e+00,1.182410e-02,-1.165849e-02
3.800000e-01,3.000000e-02,0.0,1.002245e+00,4.999573e-03,-4.670327e-03
3.900000e-01,3.000000e-02,0.0,1.000993e+00,2.271718e-03,-2.021389e-03
4.000000e-01,3.000000e-02,0.0,1.000439e+00,1.021185e-03,-8.676168e-04
4.100000e-01,3.000000e-02,0.0,1.000177e+00,4.151294e-04,-3.374164e-04
4.200000e-01,3.000000e-02,0.0,1.000062e+00,1.482688e-04,-1.154519e-04
4.300000e-01,3.000000e-02,0.0,1.000020e+00,4.747506e-05,-3.546172e-05
4.400000e-01,3.000000e-02,0.0,1.000006e+00,1.399605e-05,-1.003528e-05
4.500000e-01,3.000000e-02,0.0,1.000002e+00,3.838547e-06,-2.636766e-06
4.600000e-01,3.000000e-02,0.0,1.000000e+00,9.882982e-07,-6.449079e-07
4.700000e-01,3.000000e-02,0.0,1.000000e+00,2.515116e-07,-1.524772e-07
4.800000e-01,3.000000e-02,0.0,1.000000e+00,7.385018e-08,-4.021936e-08
4.900000e-01,3.000000e-02,0.0,1.000000e+00,3.017965e-08,-1.456647e-08
5.000000e-01,3.000000e-02,0.0,1.000000e+00,1.645097e-08,-7.101165e-09
5.100000e-01,3.000000e-02,0.0,1.000000e+00,9.942523e-09,-4.035513e-09
5.200000e-01,3.000000e-02,0.0,1.000000e+00,6.057708e-09,-2.402573e-09
5.300000e-01,3.000000e-02,0.0,1.000000e+00,3.629565e-09,-1.425868e-09
5.400000e-01,3.000000e-02,0.0,1.000000e+00,2.122036e-09,-8.294203e-10
5.500000e-01,3.000000e-02,0.0,1.000000e+00,1.204506e-09,-4.691706e-10
5.600000e-01,3.000000e-02,0.0,1.000000e+00,6.610254e-10,-2.566539e-10
5.700000e-01,3.000000e-02,0.0,1.000000e+00,3.495364e-10,-1.351971e-10
5.800000e-01,3.000000e-02,0.0,1.000000e+00,1.775942e-10,-6.835251e-11
5.900000e-01,3.000000e-02,0.0,1.000000e+00,8.651186e-11,-3.308427e-11
6.000000e-01,3.000000e-02,0.0,1.000000e+00,4.033605e-11,-1.530278e-11
6.100000e-01,3.000000e-02,0.0,1.000000e+00,1.797671e-11,-6.754904e-12
6.200000e-01,3.000000e-02,0.0,1.000000e+00,7.650248e-12,-2.842906e-12
6.300000e-01,3.000000e-02,0.0,1.000000e+00,3.106387e-12,-1.140112e-12
6.400000e-01,3.000000e-02,0.0,1.000000e+00,1.202692e-12,-4.351527e-13
6.500000e-01,3.000000e-02,0.0,1.000000e+00,4.435093e-13,-1.577400e-13
6.600000e-01,3.000000e-02,0.0,1.000000e+00,1.557524e-13,-5.481976e-14
6.700000e-01,3.000000e-02,0.0,1.000000e+00,5.193211e-14,-1.795133e-14
6.800000e-01,3.000000e-02,0.0,1.000000e+00,1.650827e-14,-5.609463e-15
6.900000e-01,3.000000e-02,0.0,1.000000e+00,4.807918e-15,-1.655990e-15
7.000000e-01,3.000000e-02,0.0,1.000000e+00,1.442302e-15,-4.807578e-16
7.100000e-01,3.000000e-02,0.0,1.000000e+00,2.136697e-16,0.000000e+00
7.200000e-01,3.000000e-02,0.0,1.000000e+00,0.000000e+00,0.000000e+00
7.300000e-01,3.000000e-02,0.0,1.000000e+00,0.000000e+00,0.000000e+00
7.400000e-01,3.000000e-02,0.0,1.000000e+00,0.000000e+00,0.000000e+00
7.500000e-01,3.000000e-02,0.0,1.000000e+00,0.000000e+00,0.000000e+00
7.600000e-01,3.000000e-02,0.0,1.000000e+00,0.000000e+00,0.000000e+00
7.700000e-01,3.000000e-02,0.0,1.000000e+00,0.000000e+00,0.000000e+00
7.800000e-01,3.000000e-02,0.0,1.000000e+00,0.000000e+00,0.000000e+00
7.900000e-01,3.000000e-02,0.0,1.000000e+00,0.000000e+00,0.000000e+00
8.000000e-01,3.000000e-02,0.0,1.000000e+00,0.000000e+00,0.000000e+00
8.100000e-01,3.000000e-02,0.0,1.000000e+00,0.000000e+00,0.000000e+00
8.200000e-01,3.000000e-02,0.0,1.000000e+00,0.000000e+00,0.000000e+00
8.300000e-01,3.000000e-02,0.0,1.000000e+00,0.000000e+00,0.000000e+00
8.400000e-01,3.000000e-02,0.0,1.000000e+00,0.000000e+00,0.000000e+00
8.500000e-01,3.000000e-02,0.0,1.000000e+00,0.000000e+00,0.000000e+00
8.600000e-01,3.000000e-02,0.0,1.000000e+00,0.000000e+00,0.000000e+00
8.700000e-01,3.000000e-02,0.0,1.000000e+00,0.000000e+00,0.000000e+00
8.800000e-01,3.000000e-02,0.0,1.000000e+00,0.000000e+00,0.000000e+00
8.900000e-01,3.000000e-02,0.0,1.000000e+00,0.000000e+00,0.000000e+00
9.000000e-01,3.000000e-02,0.0,1.000000e+00,0.000000e+00,0.000000e+00
9.100000e-01,3.000000e-02,0.0,1.000000e+00,0.000000e+00,0.000000e+00
9.200000e-01,3.000000e-02,0.0,1.000000e+00,0.000000e+00,0.000000e+00
9.300000e-01,3.000000e-02,0.0,1.000000e+00,0.000000e+00,0.000000e+00
9.400000e-01,3.000000e-02,0.0,1.000000e+00,0.000000e+00,0.000000e+00
9.500000e-01,3.000000e-02,0.0,1.000000e+00,0.000000e+00,0.000000e+00
9.600000e-01,3.000000e-02,0.0,1.000000e+00,0.000000e+00,0.000000e+00
9.700000e-01,3.000000e-02,0.0,1.000000e+00,0.000000e+00,0.000000e+00
9.800000e-01,3.000000e-02,0.0,1.000000e+00,0.000000e+00,0.000000e+00
9.900000e-01,3.000000e-02,0.0,1.000000e+00,0.000000e+00,0.000000e+00
1.000000e+00,3.000000e-02,0.0,1.000000e+00,0.000000e+00,0.000000e+00
0.000000e+00,4.000000e-02,0.0,1.002162e+00,-3.072853e-04,-4.487937e-03
1.000000e-02,4.000000e-02,0.0,1.002203e+00,-2.871024e-03,-4.290018e-03
2.000000e-02,4.000000e-02,0.0,1.005567e+00,-1.164333e-02,-1.122925e-02
3.000000e-02,4.000000e-02,0.0,1.013170e+00,-2.897018e-02,-2.764303e-02
4.000000e-02,4.000000e-02,0.0,1.025042e+00,-5.586211e-02,-5.586211e-02
5.000000e-02,4.000000e-02,0.0,1.034292e+00,-7.670487e-02,-8.106516e-02
6.000000e-02,4.000000e-02,0.0,1.038250e+00,-8.469082e-02,-9.469597e-02
7.000000e-02,4.000000e-02,0.0,1.039444e+00,-8.532666e-02,-1.017641e-01
8.000000e-02,4.000000e-02,0.0,1.039852e+00,-8.367243e-02,-1.065299e-01
9.000000e-02,4.000000e-02,0.0,1.039396e+00,-7.945338e-02,-1.093500e-01
1.000000e-01,4.000000e-02,0.0,1.036861e+00,-7.055996e-02,-1.063341e-01
1.100000e-01,4.000000e-02,0.0,1.032168e+00,-5.796317e-02,-9.499145e-02
1.200000e-01,4.000000e-02,0.0,1.027012e+00,-4.509422e-02,-7.835649e-02
1.300000e-01,4.000000e-02,0.0,1.022569e+00,-3.452710e-02,-5.985053e-02
1.400000e-01,4.000000e-02,0.0,1.019190e+00,-2.634319e-02,-4.135418e-02
1.500000e-01,4.000000e-02,0.0,1.016763e+00,-1.991535e-02,-2.398461e-02
1.600000e-01,4.000000e-02,0.0,1.015046e+00,-1.480889e-02,-8.715437e-03
1.700000e-01,4.000000e-02,0.0,1.013923e+00,-1.042932e-02,3.904631e-03
1.800000e-01,4.000000e-02,0.0,1.013168e+00,-6.743452e-03,1.340238e-02
1.900000e-01,4.000000e-02,0.0,1.012681e+00,-3.389921e-03,1.899000e-02
2.000000e-01,4.000000e-02,0.0,1.012507e+00,4.104263e-11,2.078990e-02
2.100000e-01,4.000000e-02,0.0,1.012681e+00,3.389921e-03,1.899000e-02
2.200000e-01,4.000000e-02,0.0,1.013168e+00,6.743452e-03,1.340238e-02
2.300000e-01,4.000000e-02,0.0,1.013923e+00,1.042932e-02,3.904631e-03
2.400000e-01,4.000000e-02,0.0,1.015046e+00,1.480889e-02,-8.715438e-03
2.500000e-01,4.000000e-02,0.0,1.016763e+00,1.991535e-02,-2.398461e-02
2.600000e-01,4.000000e-02,0.0,1.019189e+00,2.634319e-02,-4.135417e-02
2.700000e-01,4.000000e-02,0.0,1.022569e+00,3.452711e-02,-5.985052e-02
2.800000e-01,4.000000e-02,0.0,1.027012e+00,4.509425e-02,-7.835648e-02
2.900000e-01,4.000000e-02,0.0,1.032168e+00,5.796313e-02,-9.499147e-02
3.000000e-01,4.000000e-02,0.0,1.036861e+00,7.055979e-02,-1.063343e-01
3.100000e-01,4.000000e-02,0.0,1.039397e+00,7.945243e-02,-1.093505e-01
3.200000e-01,4.000000e-02,0.0,1.039853e+00,8.367012e-02,-1.065320e-01
3.300000e-01,4.000000e-02,0.0,1.039447e+00,8.532087e-02,-1.017694e-01
3.400000e-01,4.000000e-02,0.0,1.038254e+00,8.468004e-02,-9.470557e-02
3.500000e-01,4.000000e-02,0.0,1.034298e+00,7.670083e-02,-8.108672e-02
3.600000e-01,4.000000e-02,0.0,1.025031e+00,5.590774e-02,-5.585735e-02
3.700000e-01,4.000000e-02,0.0,1.013105e+00,2.924210e-02,-2.753106e-02
3.800000e-01,4.000000e-02,0.0,1.005261e+00,1.195804e-02,-1.064267e-02
3.900000e-01,4.000000e-02,0.0,1.002073e+00,4.860369e-03,-4.113739e-03
4.000000e-01,4.000000e-02,0.0,1.000887e+00,2.127172e-03,-1.715972e-03
4.100000e-01,4.000000e-02,0.0,1.000377e+00,9.152417e-04,-7.053168e-04
4.200000e-01,4.000000e-02,0.0,1.000145e+00,3.539887e-04,-2.612726e-04
4.300000e-01,4.000000e-02,0.0,1.000049e+00,1.201271e-04,-8.504917e-05
4.400000e-01,4.000000e-02,0.0,1.000015e+00,3.660324e-05,-2.489395e-05
4.500000e-01,4.000000e-02,0.0,1.000004e+00,1.028141e-05,-6.724048e-06
4.600000e-01,4.000000e-02,0.0,1.000001e+00,2.689957e-06,-1.690400e-06
4.700000e-01,4.000000e-02,0.0,1.000000e+00,6.655752e-07,-3.995266e-07
4.800000e-01,4.000000e-02,0.0,1.000000e+00,1.676096e-07,-9.461833e-08
4.900000e-01,4.000000e-02,0.0,1.000000e+00,5.174249e-08,-2.700135e-08
5.000000e-01,4.000000e-02,0.0,1.000000e+00,2.283133e-08,-1.082030e-08
5.100000e-01,4.000000e-02,0.0,1.000000e+00,1.287205e-08,-5.585438e-09
5.200000e-01,4.000000e-02,0.0,1.000000e+00,7.777573e-09,-3.234163e-09
5.300000e-01,4.000000e-02,0.0,1.000000e+00,4.695972e-09,-1.914811e-09
5.400000e-01,4.000000e-02,0.0,1.000000e+00,2.782341e-09,-1.119492e-09
5.500000e-01,4.000000e-02,0.0,1.000000e+00,1.606272e-09,-6.387746e-10
5.600000e-01,4.000000e-02,0.0,1.000000e+00,8.990879e-10,-3.534575e-10
5.700000e-01,4.000000e-02,0.0,1.000000e+00,4.859775e-10,-1.887787e-10
5.800000e-01,4.000000e-02,0.0,1.000000e+00,2.528364e-10,-9.696490e-11
5.900000e-01,4.000000e-02,0.0,1.000000e+00,1.262792e-10,-4.776450e-11
6.000000e-01,4.000000e-02,0.0,1.000000e+00,6.042210e-11,-2.251670e-11
6.100000e-01,4.000000e-02,0.0,1.000000e+00,2.765255e-11,-1.014278e-11
6.200000e-01,4.000000e-02,0.0,1.000000e+00,1.208963e-11,-4.360762e-12
6.300000e-01,4.000000e-02,0.0,1.000000e+00,5.044771e-12,-1.788013e-12
6.400000e-01,4.000000e-02,0.0,1.000000e+00,2.007605e-12,-6.985379e-13
6.500000e-01,4.000000e-02,0.0,1.000000e+00,7.613809e-13,-2.599707e-13
6.600000e-01,4.000000e-02,0.0,1.000000e+00,2.750787e-13,-9.185142e-14
6.700000e-01,4.000000e-02,0.0,1.000000e+00,9.462516e-14,-3.088139e-14
6.800000e-01,4.000000e-02,0.0,1.000000e+00,3.088066e-14,-9.830089e-15
6.900000e-01,4.000000e-02,0.0,1.000000e+00,9.455912e-15,-2.831252e-15
7.000000e-01,4.000000e-02,0.0,1.000000e+00,2.884658e-15,-6.410257e-16
7.100000e-01,4.000000e-02,0.0,1.000000e+00,6.410176e-16,-5.341578e-17
7.200000e-01,4.000000e-02,0.0,1.000000e+00,5.341578e-17,0.000000e+00
7.300000e-01,4.000000e-02,0.0,1.000000e+00,0.000000e+00,0.000000e+00
7.400000e-01,4.000000e-02,0.0,1.000000e+00,0.000000e+00,0.000000e+00
7.500000e-01,4.000000e-02,0.0,1.000000e+00,0.000000e+00,0.000000e+00
7.600000e-01,4.000000e-02,0.0,1.000000e+00,0.000000e+00,0.000000e+00
7.700000e-01,4.000000e-02,0.0,1.000000e+00,0.000000e+00,0.000000e+00
7.800000e-01,4.000000e-02,0.0,1.000000e+00,0.000000e+00,0.000000e+00
7.900000e-01,4.000000e-02,0.0,1.000000e+00,0.000000e+00,0.000000e+00
8.000000e-01,4.000000e-02,0.0,1.000000e+00,0.000000e+00,0.000000e+00
8.100000e-01,4.000000e-02,0.0,1.000000e+00,0.000000e+00,0.000000e+00
8.200000e-01,4.000000e-02,0.0,1.000000e+00,0.000000e+00,0.000000e+00
8.300000e-01,4.000000e-02,0.0,1.000000e+00,0.000000e+00,0.000000e+00
8.400000e-01,4.000000e-02,0.0,1.000000e+00,0.000000e+00,0.000000e+00
8.500000e-01,4.000000e-02,0.0,1.000000e+00,0.000000e+00,0.000000e+00
8.600000e-01,4.000000e-02,0.0,1.000000e+00,0.000000e+00,0.000000e+00
8.700000e-01,4.000000e-02,0.0,1.000000e+00,0.000000e+00,0.000000e+00
8.800000e-01,4.000000e-02,0.0,1.000000e+00,0.000000e+00,0.000000e+00
8.900000e-01,4.000000e-02,0.0,1.000000e+00,0.000000e+00,0.000000e+00
9.000000e-01,4.000000e-02,0.0,1.000000e+00,0.000000e+00,0.000000e+00
9.100000e-01,4.000000e-02,0.0,1.000000e+00,0.000000e+00,0.000000e+00
9.200000e-01,4.000000e-02,0.0,1.000000e+00,0.000000e+00,0.000000e+00
9.300000e-01,4.000000e-02,0.0,1.000000e+00,0.000000e+00,0.000000e+00
9.400000e-01,4.000000e-02,0.0,1.000000e+00,0.000000e+00,0.000000e+00
9.500000e-01,4.000000e-02,0.0,1.000000e+00,0.000000e+00,0.000000e+00
9.600000e-01,4.000000e-02,0.0,1.000000e+00,0.000000e+00,0.000000e+00
9.700000e-01,4.000000e-02,0.0,1.000000e+00,0.000000e+00,0.000000e+00
9.800000e-01,4.000000e-02,0.0,1.000000e+00,0.000000e+00,0.000000e+00
9.900000e-01,4.000000e-02,0.0,1.000000e+00,0.000000e+00,0.000000e+00
1.000000e+00,4.000000e-02,0.0,1.000000e+00,0.000000e+00,0.000000e+00
0.000000e+00,5.000000e-02,0.0,1.004479e+00,-8.757950e-04,-8.922920e-03
1.000000e-02,5.000000e-02,0.0,1.004850e+00,-6.923500e-03,-9.043990e-03
2.000000e-02,5.000000e-02,0.0,1.012723e+00,-2.792853e-02,-2.499129e-02
3.000000e-02,5.000000e-02,0.0,1.024517e+00,-5.699416e-02,-5.135640e-02
4.000000e-02,5.000000e-02,0.0,1.034292e+00,-8.106516e-02,-7.670487e-02
5.000000e-02,5.000000e-02,0.0,1.038292e+00,-9.034149e-02,-9.034149e-02
6.000000e-02,5.000000e-02,0.0,1.039332e+00,-9.154958e-02,-9.726266e-02
7.000000e-02,5.000000e-02,0.0,1.039657e+00,-9.050583e-02,-1.024989e-01
8.000000e-02,5.000000e-02,0.0,1.039040e+00,-8.679840e-02,-1.058993e-01
9.000000e-02,5.000000e-02,0.0,1.035100e+00,-7.627120e-02,-1.017125e-01
1.000000e-01,5.000000e-02,0.0,1.027834e+00,-5.868473e-02,-8.736592e-02
1.100000e-01,5.000000e-02,0.0,1.019810e+00,-4.123949e-02,-6.866570e-02
1.200000e-01,5.000000e-02,0.0,1.012947e+00,-2.751722e-02,-5.049942e-02
1.300000e-01,5.000000e-02,0.0,1.007450e+00,-1.757250e-02,-3.404543e-02
1.400000e-01,5.000000e-02,0.0,1.003160e+00,-1.054058e-02,-1.919538e-02
1.500000e-01,5.000000e-02,0.0,9.999171e-01,-5.765370e-03,-5.973125e-03
1.600000e-01,5.000000e-02,0.0,9.975585e-01,-2.713437e-03,5.363478e-03
1.700000e-01,5.000000e-02,0.0,9.959568e-01,-9.123515e-04,1.461199e-02
1.800000e-01,5.000000e-02,0.0,9.949330e-01,-1.084221e-04,2.140967e-02
1.900000e-01,5.000000e-02,0.0,9.943496e-01,-5.844754e-06,2.556738e-02
2.000000e-01,5.000000e-02,0.0,9.941907e-01,1.871931e-11,2.720711e-02
2.100000e-01,5.000000e-02,0.0,9.943496e-01,5.844746e-06,2.556738e-02
2.200000e-01,5.000000e-02,0.0,9.949330e-01,1.084218e-04,2.140967e-02
2.300000e-01,5.000000e-02,0.0,9.959568e-01,9.123509e-04,1.461199e-02
2.400000e-01,5.000000e-02,0.0,9.975585e-01,2.713437e-03,5.363478e-03
2.500000e-01,5.000000e-02,0.0,9.999171e-01,5.765374e-03,-5.973123e-03
2.600000e-01,5.000000e-02,0.0,1.003160e+00,1.054059e-02,-1.919537e-02
2.700000e-01,5.000000e-02,0.0,1.007450e+00,1.757252e-02,-3.404542e-02
2.800000e-01,5.000000e-02,0.0,1.012947e+00,2.751725e-02,-5.049941e-02
2.900000e-01,5.000000e-02,0.0,1.019810e+00,4.123934e-02,-6.866572e-02
3.000000e-01,5.000000e-02,0.0,1.027834e+00,5.868440e-02,-8.736628e-02
3.100000e-01,5.000000e-02,0.0,1.035101e+00,7.626886e-02,-1.017138e-01
3.200000e-01,5.000000e-02,0.0,1.039041e+00,8.679359e-02,-1.059019e-01
3.300000e-01,5.000000e-02,0.0,1.039660e+00,9.049699e-02,-1.025049e-01
3.400000e-01,5.000000e-02,0.0,1.039334e+00,9.153992e-02,-9.726297e-02
3.500000e-01,5.000000e-02,0.0,1.038283e+00,9.035044e-02,-9.032486e-02
3.600000e-01,5.000000e-02,0.0,1.034250e+00,8.118880e-02,-7.665868e-02
3.700000e-01,5.000000e-02,0.0,1.024384e+00,5.752944e-02,-5.114631e-02
3.800000e-01,5.000000e-02,0.0,1.012153e+00,2.858459e-02,-2.390181e-02
3.900000e-01,5.000000e-02,0.0,1.004659e+00,1.113542e-02,-8.828564e-03
4.000000e-01,5.000000e-02,0.0,1.001782e+00,4.374051e-03,-3.311275e-03
4.100000e-01,5.000000e-02,0.0,1.000738e+00,1.845376e-03,-1.334804e-03
4.200000e-01,5.000000e-02,0.0,1.000300e+00,7.570507e-04,-5.243739e-04
4.300000e-01,5.000000e-02,0.0,1.000109e+00,2.772815e-04,-1.843521e-04
4.400000e-01,5.000000e-02,0.0,1.000035e+00,8.911435e-05,-5.694458e-05
4.500000e-01,5.000000e-02,0.0,1.000010e+00,2.579436e-05,-1.586506e-05
4.600000e-01,5.000000e-02,0.0,1.000003e+00,6.898169e-06,-4.088435e-06
4.700000e-01,5.000000e-02,0.0,1.000001e+00,1.724388e-06,-9.839973e-07
4.800000e-01,5.000000e-02,0.0,1.000000e+00,4.138763e-07,-2.260597e-07
4.900000e-01,5.000000e-02,0.0,1.000000e+00,1.061137e-07,-5.482415e-08
5.000000e-01,5.000000e-02,0.0,1.000000e+00,3.584796e-08,-1.728549e-08
5.100000e-01,5.000000e-02,0.0,1.000000e+00,1.730175e-08,-7.589752e-09
5.200000e-01,5.000000e-02,0.0,1.000000e+00,1.004718e-08,-4.120145e-09
5.300000e-01,5.000000e-02,0.0,1.000000e+00,6.063664e-09,-2.411051e-09
5.400000e-01,5.000000e-02,0.0,1.000000e+00,3.627748e-09,-1.415197e-09
5.500000e-01,5.000000e-02,0.0,1.000000e+00,2.123598e-09,-8.148568e-10
5.600000e-01,5.000000e-02,0.0,1.000000e+00,1.208680e-09,-4.564153e-10
5.700000e-01,5.000000e-02,0.0,1.000000e+00,6.657813e-10,-2.473688e-10
5.800000e-01,5.000000e-02,0.0,1.000000e+00,3.535911e-10,-1.292034e-10
5.900000e-01,5.000000e-02,0.0,1.000000e+00,1.805118e-10,-6.482957e-11
6.000000e-01,5.000000e-02,0.0,1.000000e+00,8.837013e-11,-3.117392e-11
6.100000e-01,5.000000e-02,0.0,1.000000e+00,4.140900e-11,-1.433975e-11
6.200000e-01,5.000000e-02,0.0,1.000000e+00,1.854678e-11,-6.301332e-12
6.300000e-01,5.000000e-02,0.0,1.000000e+00,7.931523e-12,-2.642763e-12
6.400000e-01,5.000000e-02,0.0,1.000000e+00,3.235856e-12,-1.057034e-12
6.500000e-01,5.000000e-02,0.0,1.000000e+00,1.258687e-12,-4.027739e-13
6.600000e-01,5.000000e-02,0.0,1.000000e+00,4.666613e-13,-1.459322e-13
6.700000e-01,5.000000e-02,0.0,1.000000e+00,1.645726e-13,-5.011742e-14
6.800000e-01,5.000000e-02,0.0,1.000000e+00,5.524534e-14,-1.640203e-14
6.900000e-01,5.000000e-02,0.0,1.000000e+00,1.763013e-14,-4.861316e-15
7.000000e-01,5.000000e-02,0.0,1.000000e+00,5.288631e-15,-1.335470e-15
7.100000e-01,5.000000e-02,0.0,1.000000e+00,1.335464e-15,-2.136664e-16
7.200000e-01,5.000000e-02,0.0,1.000000e+00,1.602506e-16,0.000000e+00
7.300000e-01,5.000000e-02,0.0,1.000000e+00,0.000000e+00,0.000000e+00
7.400000e-01,5.000000e-02,0.0,1.000000e+00,0.000000e+00,0.000000e+00
7.500000e-01,5.000000e-02,0.0,1.000000e+00,0.000000e+00,0.000000e+00
7.600000e-01,5.000000e-02,0.0,1.000000e+00,0.000000e+00,0.000000e+00
7.700000e-01,5.000000e-02,0.0,1.000000e+00,0.000000e+00,0.000000e+00
7.800000e-01,5.000000e-02,0.0,1.000000e+00,0.000000e+00,0.000000e+00
7.900000e-01,5.000000e-02,0.0,1.000000e+00,0.000000e+00,0.000000e+00
8.000000e-01,5.000000e-02,0.0,1.000000e+00,0.000000e+00,0.000000e+00
8.100000e-01,5.000000e-02,0.0,1.000000e+00,0.000000e+00,0.000000e+00
8.200000e-01,5.000000e-02,0.0,1.000000e+00,0.000000e+00,0.000000e+00
8.300000e-01,5.000000e-02,0.0,1.000000e+00,0.000000e+00,0.000000e+00
8.400000e-01,5.000000e-02,0.0,1.000000e+00,0.000000e+00,0.000000e+00
8.500000e-01,5.000000e-02,0.0,1.000000e+00,0.000000e+00,0.000000e+00
8.600000e-01,5.000000e-02,0.0,1.000000e+00,0.000000e+00,0.000000e+00
8.700000e-01,5.000000e-02,0.0,1.000000e+00,0.000000e+00,0.000000e+00
8.800000e-01,5.000000e-02,0.0,1.000000e+00,0.000000e+00,0.000000e+00
8.900000e-01,5.000000e-02,0.0,1.000000e+00,0.000000e+00,0.000000e+00
9.000000e-01,5.000000e-02,0.0,1.000000e+00,0.000000e+00,0.000000e+00
9.100000e-01,5.000000e-02,0.0,1.000000e+00,0.000000e+00,0.000000e+00
9.200000e-01,5.000000e-02,0.0,1.000000e+00,0.000000e+00,0.000000e+00
9.300000e-01,5.000000e-02,0.0,1.000000e+00,0.000000e+00,0.000000e+00
9.400000e-01,5.000000e-02,0.0,1.000000e+00,0.000000e+00,0.000000e+00
9.500000e-01,5.000000e-02,0.0,1.000000e+00,0.000000e+00,0.000000e+00
9.600000e-01,5.000000e-02,0.0,1.000000e+00,0.000000e+00,0.000000e+00
9.700000e-01,5.000000e-02,0.0,1.000000e+00,0.000000e+00,0.000000e+00
9.800000e-01,5.000000e-02,0.0,1.000000e+00,0.000000e+00,0.000000e+00
9.900000e-01,5.000000e-02,0.0,1.000000e+00,0.000000e+00,0.000000e+00
1.000000e+00,5.000000e-02,0.0,1.000000e+00,0.000000e+00,0.000000e+00
0.000000e+00,6.000000e-02,0.0,1.009638e+00,-2.422731e-03,-1.814476e-02
1.000000e-02,6.000000e-02,0.0,1.010660e+00,-1.681364e-02,-1.910123e-02
2.000000e-02,6.000000e-02,0.0,1.023451e+00,-5.420020e-02,-4.561334e-02
3.000000e-02,6.000000e-02,0.0,1.033691e+00,-8.225512e-02,-7.032450e-02
4.000000e-02,6.000000e-02,0.0,1.038250e+00,-9.469597e-02,-8.469082e-02
5.000000e-02,6.000000e-02,0.0,1.039332e+00,-9.726266e-02,-9.154958e-02
6.000000e-02,6.000000e-02,0.0,1.039614e+00,-9.690503e-02,-9.690503e-02
7.000000e-02,6.000000e-02,0.0,1.038920e+00,-9.391731e-02,-1.004893e-01
8.000000e-02,6.000000e-02,0.0,1.034195e+00,-8.221843e-02,-9.521401e-02
9.000000e-02,6.000000e-02,0.0,1.025093e+00,-6.066315e-02,-7.777350e-02
1.000000e-01,6.000000e-02,0.0,1.015319e+00,-3.907674e-02,-5.636628e-02
1.100000e-01,6.000000e-02,0.0,1.007227e+00,-2.278251e-02,-3.716083e-02
1.200000e-01,6.000000e-02,0.0,1.000804e+00,-1.128983e-02,-2.084972e-02
1.300000e-01,6.000000e-02,0.0,9.956551e-01,-3.295766e-03,-6.776246e-03
1.400000e-01,6.000000e-02,0.0,9.915929e-01,1.931542e-03,5.297528e-03
1.500000e-01,6.000000e-02,0.0,9.885186e-01,4.884471e-03,1.531616e-02
1.600000e-01,6.000000e-02,0.0,9.863075e-01,6.038481e-03,2.329140e-02
1.700000e-01,6.000000e-02,0.0,9.848477e-01,5.735908e-03,2.922591e-02
1.800000e-01,6.000000e-02,0.0,9.840440e-01,4.202220e-03,3.326947e-02
1.900000e-01,6.000000e-02,0.0,9.836055e-01,2.251711e-03,3.551055e-02
2.000000e-01,6.000000e-02,0.0,9.834427e-01,1.822667e-11,3.634857e-02
2.100000e-01,6.000000e-02,0.0,9.836055e-01,-2.251711e-03,3.551055e-02
2.200000e-01,6.000000e-02,0.0,9.840440e-01,-4.202220e-03,3.326947e-02
2.300000e-01,6.000000e-02,0.0,9.848477e-01,-5.735909e-03,2.922591e-02
2.400000e-01,6.000000e-02,0.0,9.863075e-01,-6.038479e-03,2.329141e-02
2.500000e-01,6.000000e-02,0.0,9.885186e-01,-4.884464e-03,1.531616e-02
2.600000e-01,6.000000e-02,0.0,9.915929e-01,-1.931522e-03,5.297535e-03
2.700000e-01,6.000000e-02,0.0,9.956550e-01,3.295801e-03,-6.776222e-03
2.800000e-01,6.000000e-02,0.0,1.000804e+00,1.128987e-02,-2.084969e-02
2.900000e-01,6.000000e-02,0.0,1.007227e+00,2.278226e-02,-3.716093e-02
3.000000e-01,6.000000e-02,0.0,1.015319e+00,3.907516e-02,-5.636691e-02
3.100000e-01,6.000000e-02,0.0,1.025094e+00,6.065973e-02,-7.777563e-02
3.200000e-01,6.000000e-02,0.0,1.034198e+00,8.221134e-02,-9.521821e-02
3.300000e-01,6.000000e-02,0.0,1.038924e+00,9.390691e-02,-1.004944e-01
3.400000e-01,6.000000e-02,0.0,1.039611e+00,9.691238e-02,-9.690077e-02
3.500000e-01,6.000000e-02,0.0,1.039289e+00,9.734361e-02,-9.145327e-02
3.600000e-01,6.000000e-02,0.0,1.038112e+00,9.497707e-02,-8.444047e-02
3.700000e-01,6.000000e-02,0.0,1.033394e+00,8.316281e-02,-6.985121e-02
3.800000e-01,6.000000e-02,0.0,1.022503e+00,5.563640e-02,-4.385624e-02
3.900000e-01,6.000000e-02,0.0,1.010424e+00,2.568231e-02,-1.902846e-02
4.000000e-01,6.000000e-02,0.0,1.003806e+00,9.517304e-03,-6.708330e-03
4.100000e-01,6.000000e-02,0.0,1.001421e+00,3.633731e-03,-2.453368e-03
4.200000e-01,6.000000e-02,0.0,1.000570e+00,1.477797e-03,-9.556643e-04
4.300000e-01,6.000000e-02,0.0,1.000221e+00,5.756222e-04,-3.573962e-04
4.400000e-01,6.000000e-02,0.0,1.000076e+00,1.987845e-04,-1.187278e-04
4.500000e-01,6.000000e-02,0.0,1.000023e+00,6.034620e-05,-3.470743e-05
4.600000e-01,6.000000e-02,0.0,1.000006e+00,1.657383e-05,-9.191136e-06
4.700000e-01,6.000000e-02,0.0,1.000002e+00,4.220048e-06,-2.258151e-06
4.800000e-01,6.000000e-02,0.0,1.000000e+00,1.011505e-06,-5.212895e-07
4.900000e-01,6.000000e-02,0.0,1.000000e+00,2.392640e-07,-1.178997e-07
5.000000e-01,6.000000e-02,0.0,1.000000e+00,6.496507e-08,-3.030683e-08
5.100000e-01,6.000000e-02,0.0,1.000000e+00,2.486258e-08,-1.072478e-08
5.200000e-01,6.000000e-02,0.0,1.000000e+00,1.306944e-08,-5.159283e-09
5.300000e-01,6.000000e-02,0.0,1.000000e+00,7.746175e-09,-2.918804e-09
5.400000e-01,6.000000e-02,0.0,1.000000e+00,4.655915e-09,-1.712237e-09
5.500000e-01,6.000000e-02,0.0,1.000000e+00,2.755261e-09,-9.939421e-10
5.600000e-01,6.000000e-02,0.0,1.000000e+00,1.590291e-09,-5.633129e-10
5.700000e-01,6.000000e-02,0.0,1.000000e+00,8.903493e-10,-3.097127e-10
5.800000e-01,6.000000e-02,0.0,1.000000e+00,4.814700e-10,-1.644399e-10
5.900000e-01,6.000000e-02,0.0,1.000000e+00,2.506240e-10,-8.401368e-11
6.000000e-01,6.000000e-02,0.0,1.000000e+00,1.252408e-10,-4.119022e-11
6.100000e-01,6.000000e-02,0.0,1.000000e+00,5.995473e-11,-1.933854e-11
6.200000e-01,6.000000e-02,0.0,1.000000e+00,2.745105e-11,-8.680796e-12
6.300000e-01,6.000000e-02,0.0,1.000000e+00,1.200735e-11,-3.721149e-12
6.400000e-01,6.000000e-02,0.0,1.000000e+00,5.012773e-12,-1.522103e-12
6.500000e-01,6.000000e-02,0.0,1.000000e+00,1.996012e-12,-5.935878e-13
6.600000e-01,6.000000e-02,0.0,1.000000e+00,7.576036e-13,-2.206458e-13
6.700000e-01,6.000000e-02,0.0,1.000000e+00,2.739607e-13,-7.795870e-14
6.800000e-01,6.000000e-02,0.0,1.000000e+00,9.409177e-14,-2.601992e-14
6.900000e-01,6.000000e-02,0.0,1.000000e+00,3.082728e-14,-7.959967e-15
7.000000e-01,6.000000e-02,0.0,1.000000e+00,9.509168e-15,-2.564167e-15
7.100000e-01,6.000000e-02,0.0,1.000000e+00,2.564119e-15,-4.807578e-16
7.200000e-01,6.000000e-02,0.0,1.000000e+00,4.807545e-16,-5.341578e-17
7.300000e-01,6.000000e-02,0.0,1.000000e+00,0.000000e+00,0.000000e+00
7.400000e-01,6.000000e-02,0.0,1.000000e+00,0.000000e+00,0.000000e+00
7.500000e-01,6.000000e-02,0.0,1.000000e+00,0.000000e+00,0.000000e+00
7.600000e-01,6.000000e-02,0.0,1.000000e+00,0.000000e+00,0.000000e+00
7.700000e-01,6.000000e-02,0.0,1.000000e+00,0.000000e+00,0.000000e+00
7.800000e-01,6.000000e-02,0.0,1.000000e+00,0.000000e+00,0.000000e+00
7.900000e-01,6.000000e-02,0.0,1.000000e+00,0.000000e+00,0.000000e+00
8.000000e-01,6.000000e-02,0.0,1.000000e+00,0.000000e+00,0.000000e+00
8.100000e-01,6.000000e-02,0.0,1.000000e+00,0.000000e+00,0.000000e+00
8.200000e-01,6.000000e-02,0.0,1.000000e+00,0.000000e+00,0.000000e+00
8.300000e-01,6.000000e-02,0.0,1.000000e+00,0.000000e+00,0.000000e+00
8.400000e-01,6.000000e-02,0.0,1.000000e+00,0.000000e+00,0.000000e+00
8.500000e-01,6.000000e-02,0.0,1.000000e+00,0.000000e+00,0.000000e+00
8.600000e-01,6.000000e-02,0.0,1.000000e+00,0.000000e+00,0.000000e+00
8.700000e-01,6.000000e-02,0.0,1.000000e+00,0.000000e+00,0.000000e+00
8.800000e-01,6.000000e-02,0.0,1.000000e+00,0.000000e+00,0.000000e+00
8.900000e-01,6.000000e-02,0.0,1.000000e+00,0.000000e+00,0.000000e+00
9.000000e-01,6.000000e-02,0.0,1.000000e+00,0.000000e+00,0.000000e+00
9.100000e-01,6.000000e-02,0.0,1.000000e+00,0.000000e+00,0.000000e+00
9.200000e-01,6.000000e-02,0.0,1.000000e+00,0.000000e+00,0.000000e+00
9.300000e-01,6.000000e-02,0.0,1.000000e+00,0.000000e+00,0.000000e+00
9.400000e-01,6.000000e-02,0.0,1.000000e+00,0.000000e+00,0.000000e+00
9.500000e-01,6.000000e-02,0.0,1.000000e+00,0.000000e+00,0.000000e+00
9.600000e-01,6.000000e-02,0.0,1.000000e+00,0.000000e+00,0.000000e+00
9.700000e-01,6.000000e-02,0.0,1.000000e+00,0.000000e+00,0.000000e+00
9.800000e-01,6.000000e-02,0.0,1.000000e+00,0.000000e+00,0.000000e+00
9.900000e-01,6.000000e-02,0.0,1.000000e+00,0.000000e+00,0.000000e+00
1.000000e+00,6.000000e-02,0.0,1.000000e+00,0.000000e+00,0.000000e+00
0.000000e+00,7.000000e-02,0.0,1.019588e+00,-4.619674e-03,-3.485969e-02
1.000000e-02,7.000000e-02,0.0,1.020245e+00,-3.308237e-02,-3.547666e-02
2.000000e-02,7.000000e-02,0.0,1.033052e+00,-7.851140e-02,-6.336997e-02
3.000000e-02,7.000000e-02,0.0,1.038184e+00,-9.645992e-02,-7.843743e-02
4.000000e-02,7.000000e-02,0.0,1.039444e+00,-1.017641e-01,-8.532666e-02
5.000000e-02,7.000000e-02,0.0,1.039657e+00,-1.024989e-01,-9.050583e-02
6.000000e-02,7.000000e-02,0.0,1.038920e+00,-1.004893e-01,-9.391731e-02
7.000000e-02,7.000000e-02,0.0,1.033919e+00,-8.855168e-02,-8.855168e-02
8.000000e-02,7.000000e-02,0.0,1.023646e+00,-6.404531e-02,-6.977388e-02
9.000000e-02,7.000000e-02,0.0,1.012551e+00,-3.853833e-02,-4.681382e-02
1.000000e-01,7.000000e-02,0.0,1.003597e+00,-1.952447e-02,-2.685306e-02
1.100000e-01,7.000000e-02,0.0,9.966867e-01,-6.353927e-03,-1.036399e-02
1.200000e-01,7.000000e-02,0.0,9.911910e-01,2.743945e-03,3.645627e-03
1.300000e-01,7.000000e-02,0.0,9.868850e-01,8.630008e-03,1.542025e-02
1.400000e-01,7.000000e-02,0.0,9.837060e-01,1.177696e-02,2.479139e-02
1.500000e-01,7.000000e-02,0.0,9.814933e-01,1.278967e-02,3.177522e-02
1.600000e-01,7.000000e-02,0.0,9.801006e-01,1.189940e-02,3.676683e-02
1.700000e-01,7.000000e-02,0.0,9.793538e-01,9.619590e-03,4.001390e-02
1.800000e-01,7.000000e-02,0.0,9.790381e-01,6.747165e-03,4.155465e-02
1.900000e-01,7.000000e-02,0.0,9.790071e-01,3.438494e-03,4.197465e-02
2.000000e-01,7.000000e-02,0.0,9.790297e-01,-5.281124e-11,4.206620e-02
2.100000e-01,7.000000e-02,0.0,9.790071e-01,-3.438495e-03,4.197465e-02
2.200000e-01,7.000000e-02,0.0,9.790381e-01,-6.747166e-03,4.155465e-02
2.300000e-01,7.000000e-02,0.0,9.793538e-01,-9.619590e-03,4.001390e-02
2.400000e-01,7.000000e-02,0.0,9.801006e-01,-1.189940e-02,3.676683e-02
2.500000e-01,7.000000e-02,0.0,9.814933e-01,-1.278966e-02,3.177522e-02
2.600000e-01,7.000000e-02,0.0,9.837060e-01,-1.177692e-02,2.479141e-02
2.700000e-01,7.000000e-02,0.0,9.868850e-01,-8.629926e-03,1.542030e-02
2.800000e-01,7.000000e-02,0.0,9.911911e-01,-2.744011e-03,3.645666e-03
2.900000e-01,7.000000e-02,0.0,9.966869e-01,6.353152e-03,-1.036428e-02
3.000000e-01,7.000000e-02,0.0,1.003598e+00,1.952206e-02,-2.685439e-02
3.100000e-01,7.000000e-02,0.0,1.012554e+00,3.853115e-02,-4.681710e-02
3.200000e-01,7.000000e-02,0.0,1.023651e+00,6.403465e-02,-6.978349e-02
3.300000e-01,7.000000e-02,0.0,1.033921e+00,8.855639e-02,-8.856147e-02
3.400000e-01,7.000000e-02,0.0,1.038908e+00,1.005143e-01,-9.388875e-02
3.500000e-01,7.000000e-02,0.0,1.039572e+00,1.027348e-01,-9.037462e-02
3.600000e-01,7.000000e-02,0.0,1.039168e+00,1.023992e-01,-8.476814e-02
3.700000e-01,7.000000e-02,0.0,1.037562e+00,9.796525e-02,-7.734633e-02
3.800000e-01,7.000000e-02,0.0,1.031506e+00,8.179351e-02,-6.091150e-02
3.900000e-01,7.000000e-02,0.0,1.019459e+00,5.006704e-02,-3.487287e-02
4.000000e-01,7.000000e-02,0.0,1.008215e+00,2.109137e-02,-1.381234e-02
4.100000e-01,7.000000e-02,0.0,1.002864e+00,7.460951e-03,-4.665804e-03
4.200000e-01,7.000000e-02,0.0,1.001049e+00,2.783616e-03,-1.670989e-03
4.300000e-01,7.000000e-02,0.0,1.000406e+00,1.089316e-03,-6.278160e-04
4.400000e-01,7.000000e-02,0.0,1.000149e+00,4.008745e-04,-2.223955e-04
4.500000e-01,7.000000e-02,0.0,1.000048e+00,1.299988e-04,-6.951146e-05
4.600000e-01,7.000000e-02,0.0,1.000014e+00,3.720491e-05,-1.918850e-05
4.700000e-01,7.000000e-02,0.0,1.000004e+00,9.689736e-06,-4.825112e-06
4.800000e-01,7.000000e-02,0.0,1.000001e+00,2.351608e-06,-1.130397e-06
4.900000e-01,7.000000e-02,0.0,1.000000e+00,5.446437e-07,-2.517055e-07
5.000000e-01,7.000000e-02,0.0,1.000000e+00,1.305970e-07,-5.747841e-08
5.100000e-01,7.000000e-02,0.0,1.000000e+00,3.949226e-08,-1.633523e-08
5.200000e-01,7.000000e-02,0.0,1.000000e+00,1.744010e-08,-6.574940e-09
5.300000e-01,7.000000e-02,0.0,1.000000e+00,9.801604e-09,-3.456377e-09
5.400000e-01,7.000000e-02,0.0,1.000000e+00,5.865929e-09,-2.004758e-09
5.500000e-01,7.000000e-02,0.0,1.000000e+00,3.498020e-09,-1.170389e-09
5.600000e-01,7.000000e-02,0.0,1.000000e+00,2.042557e-09,-6.703496e-10
5.700000e-01,7.000000e-02,0.0,1.000000e+00,1.159714e-09,-3.734783e-10
5.800000e-01,7.000000e-02,0.0,1.000000e+00,6.371882e-10,-2.013539e-10
5.900000e-01,7.000000e-02,0.0,1.000000e+00,3.375036e-10,-1.046314e-10
6.000000e-01,7.000000e-02,0.0,1.000000e+00,1.718194e-10,-5.224287e-11
6.100000e-01,7.000000e-02,0.0,1.000000e+00,8.387366e-11,-2.500471e-11
6.200000e-01,7.000000e-02,0.0,1.000000e+00,3.918866e-11,-1.145182e-11
6.300000e-01,7.000000e-02,0.0,1.000000e+00,1.750177e-11,-5.011591e-12
6.400000e-01,7.000000e-02,0.0,1.000000e+00,7.463886e-12,-2.093716e-12
6.500000e-01,7.000000e-02,0.0,1.000000e+00,3.037007e-12,-8.343970e-13
6.600000e-01,7.000000e-02,0.0,1.000000e+00,1.178550e-12,-3.169557e-13
6.700000e-01,7.000000e-02,0.0,1.000000e+00,4.357269e-13,-1.148332e-13
6.800000e-01,7.000000e-02,0.0,1.000000e+00,1.534598e-13,-3.943206e-14
6.900000e-01,7.000000e-02,0.0,1.000000e+00,5.118472e-14,-1.271514e-14
7.000000e-01,7.000000e-02,0.0,1.000000e+00,1.613402e-14,-3.899785e-15
7.100000e-01,7.000000e-02,0.0,1.000000e+00,4.807809e-15,-9.615269e-16
7.200000e-01,7.000000e-02,0.0,1.000000e+00,1.121783e-15,-2.136664e-16
7.300000e-01,7.000000e-02,0.0,1.000000e+00,1.068316e-16,0.000000e+00
7.400000e-01,7.000000e-02,0.0,1.000000e+00,0.000000e+00,0.000000e+00
7.500000e-01,7.000000e-02,0.0,1.000000e+00,0.000000e+00,0.000000e+00
7.600000e-01,7.000000e-02,0.0,1.000000e+00,0.000000e+00,0.000000e+00
7.700000e-01,7.000000e-02,0.0,1.000000e+00,0.000000e+00,0.000000e+00
7.800000e-01,7.000000e-02,0.0,1.000000e+00,0.000000e+00,0.000000e+00
7.900000e-01,7.000000e-02,0.0,1.000000e+00,0.000000e+00,0.000000e+00
8.000000e-01,7.000000e-02,0.0,1.000000e+00,0.000000e+00,0.000000e+00
8.100000e-01,7.000000e-02,0.0,1.000000e+00,0.000000e+00,0.000000e+00
8.200000e-01,7.000000e-02,0.0,1.000000e+00,0.000000e+00,0.000000e+00
8.300000e-01,7.000000e-02,0.0,1.000000e+00,0.000000e+00,0.000000e+00
8.400000e-01,7.000000e-02,0.0,1.000000e+00,0.000000e+00,0.000000e+00
8.500000e-01,7.000000e-02,0.0,1.000000e+00,0.000000e+00,0.000000e+00
8.600000e-01,7.000000e-02,0.0,1.000000e+00,0.000000e+00,0.000000e+00
8.700000e-01,7.000000e-02,0.0,1.000000e+00,0.000000e+00,0.000000e+00
8.800000e-01,7.000000e-02,0.0,1.000000e+00,0.000000e+00,0.000000e+00
8.900000e-01,7.000000e-02,0.0,1.000000e+00,0.000000e+00,0.000000e+00
9.000000e-01,7.000000e-02,0.0,1.000000e+00,0.000000e+00,0.000000e+00
9.100000e-01,7.000000e-02,0.0,1.000000e+00,0.000000e+00,0.000000e+00
9.200000e-01,7.000000e-02,0.0,1.000000e+00,0.000000e+00,0.000000e+00
9.300000e-01,7.000000e-02,0.0,1.000000e+00,0.000000e+00,0.000000e+00
9.400000e-01,7.000000e-02,0.0,1.000000e+00,0.000000e+00,0.000000e+00
9.500000e-01,7.000000e-02,0.0,1.000000e+00,0.000000e+00,0.000000e+00
9.600000e-01,7.000000e-02,0.0,1.000000e+00,0.000000e+00,0.000000e+00
9.700000e-01,7.000000e-02,0.0,1.000000e+00,0.000000e+00,0.000000e+00
9.800000e-01,7.000000e-02,0.0,1.000000e+00,0.000000e+00,0.000000e+00
9.900000e-01,7.000000e-02,0.0,1.000000e+00,0.000000e+00,0.000000e+00
1.000000e+00,7.000000e-02,0.0,1.000000e+00,0.000000e+00,0.000000e+00
0.000000e+00,8.000000e-02,0.0,1.033789e+00,-5.312503e-03,-5.746531e-02
1.000000e-02,8.000000e-02,0.0,1.031972e+00,-4.725301e-02,-5.467994e-02
2.000000e-02,8.000000e-02,0.0,1.039012e+00,-9.229550e-02,-7.295230e-02
3.000000e-02,8.000000e-02,0.0,1.039928e+00,-1.035234e-01,-7.929555e-02
4.000000e-02,8.000000e-02,0.0,1.039852e+00,-1.065299e-01,-8.367243e-02
5.000000e-02,8.000000e-02,0.0,1.039040e+00,-1.058993e-01,-8.679840e-02
6.000000e-02,8.000000e-02,0.0,1.034195e+00,-9.521401e-02,-8.221843e-02
7.000000e-02,8.000000e-02,0.0,1.023646e+00,-6.977388e-02,-6.404531e-02
8.000000e-02,8.000000e-02,0.0,1.011616e+00,-4.085235e-02,-4.085235e-02
9.000000e-02,8.000000e-02,0.0,1.001764e+00,-1.845288e-02,-2.071684e-02
1.000000e-01,8.000000e-02,0.0,9.943068e-01,-2.949479e-03,-4.208512e-03
1.100000e-01,8.000000e-02,0.0,9.885391e-01,7.654337e-03,9.724183e-03
1.200000e-01,8.000000e-02,0.0,9.841695e-01,1.444729e-02,2.130369e-02
1.300000e-01,8.000000e-02,0.0,9.811163e-01,1.797035e-02,3.018704e-02
1.400000e-01,8.000000e-02,0.0,9.791784e-01,1.894944e-02,3.638157e-02
1.500000e-01,8.000000e-02,0.0,9.780844e-01,1.772474e-02,4.068837e-02
1.600000e-01,8.000000e-02,0.0,9.775354e-01,1.528934e-02,4.329550e-02
1.700000e-01,8.000000e-02,0.0,9.775548e-01,1.171380e-02,4.423101e-02
1.800000e-01,8.000000e-02,0.0,9.777583e-01,7.662219e-03,4.429234e-02
1.900000e-01,8.000000e-02,0.0,9.779028e-01,3.735611e-03,4.398876e-02
2.000000e-01,8.000000e-02,0.0,9.779564e-01,-2.442867e-10,4.384114e-02
2.100000e-01,8.000000e-02,0.0,9.779028e-01,-3.735611e-03,4.398876e-02
2.200000e-01,8.000000e-02,0.0,9.777583e-01,-7.662219e-03,4.429234e-02
2.300000e-01,8.000000e-02,0.0,9.775548e-01,-1.171380e-02,4.423101e-02
2.400000e-01,8.000000e-02,0.0,9.775354e-01,-1.528933e-02,4.329551e-02
2.500000e-01,8.000000e-02,0.0,9.780844e-01,-1.772471e-02,4.068838e-02
2.600000e-01,8.000000e-02,0.0,9.791784e-01,-1.894937e-02,3.638162e-02
2.700000e-01,8.000000e-02,0.0,9.811162e-01,-1.797026e-02,3.018711e-02
2.800000e-01,8.000000e-02,0.0,9.841695e-01,-1.444749e-02,2.130363e-02
2.900000e-01,8.000000e-02,0.0,9.885396e-01,-7.655996e-03,9.723614e-03
3.000000e-01,8.000000e-02,0.0,9.943084e-01,2.945059e-03,-4.210812e-03
3.100000e-01,8.000000e-02,0.0,1.001769e+00,1.844035e-02,-2.072478e-02
3.200000e-01,8.000000e-02,0.0,1.011627e+00,4.082139e-02,-4.086938e-02
3.300000e-01,8.000000e-02,0.0,1.023648e+00,6.977380e-02,-6.405793e-02
3.400000e-01,8.000000e-02,0.0,1.034149e+00,9.534660e-02,-8.214043e-02
3.500000e-01,8.000000e-02,0.0,1.038840e+00,1.064082e-01,-8.650135e-02
3.600000e-01,8.000000e-02,0.0,1.039430e+00,1.077289e-01,-8.302394e-02
3.700000e-01,8.000000e-02,0.0,1.038860e+00,1.062172e-01,-7.735453e-02
3.800000e-01,8.000000e-02,0.0,1.036375e+00,9.849677e-02,-6.889795e-02
3.900000e-01,8.000000e-02,0.0,1.028333e+00,7.620139e-02,-4.999030e-02
4.000000e-01,8.000000e-02,0.0,1.015524e+00,4.133441e-02,-2.531435e-02
4.100000e-01,8.000000e-02,0.0,1.005912e+00,1.574981e-02,-9.088537e-03
4.200000e-01,8.000000e-02,0.0,1.001987e+00,5.368805e-03,-2.968321e-03
4.300000e-01,8.000000e-02,0.0,1.000717e+00,1.964308e-03,-1.043906e-03
4.400000e-01,8.000000e-02,0.0,1.000267e+00,7.365960e-04,-3.768001e-04
4.500000e-01,8.000000e-02,0.0,1.000092e+00,2.546584e-04,-1.256983e-04
4.600000e-01,8.000000e-02,0.0,1.000028e+00,7.727657e-05,-3.682528e-05
4.700000e-01,8.000000e-02,0.0,1.000007e+00,2.082562e-05,-9.585489e-06
4.800000e-01,8.000000e-02,0.0,1.000002e+00,5.144410e-06,-2.287818e-06
4.900000e-01,8.000000e-02,0.0,1.000000e+00,1.194110e-06,-5.120603e-07
5.000000e-01,8.000000e-02,0.0,1.000000e+00,2.716865e-07,-1.114684e-07
5.100000e-01,8.000000e-02,0.0,1.000000e+00,6.920485e-08,-2.685331e-08
5.200000e-01,8.000000e-02,0.0,1.000000e+00,2.455976e-08,-8.781155e-09
5.300000e-01,8.000000e-02,0.0,1.000000e+00,1.240224e-08,-4.072848e-09
5.400000e-01,8.000000e-02,0.0,1.000000e+00,7.264694e-09,-2.287931e-09
5.500000e-01,8.000000e-02,0.0,1.000000e+00,4.346245e-09,-1.336991e-09
5.600000e-01,8.000000e-02,0.0,1.000000e+00,2.561619e-09,-7.724848e-10
5.700000e-01,8.000000e-02,0.0,1.000000e+00,1.472034e-09,-4.354695e-10
5.800000e-01,8.000000e-02,0.0,1.000000e+00,8.201816e-10,-2.380444e-10
5.900000e-01,8.000000e-02,0.0,1.000000e+00,4.412351e-10,-1.256239e-10
6.000000e-01,8.000000e-02,0.0,1.000000e+00,2.284303e-10,-6.378367e-11
6.100000e-01,8.000000e-02,0.0,1.000000e+00,1.135076e-10,-3.107510e-11
6.200000e-01,8.000000e-02,0.0,1.000000e+00,5.402723e-11,-1.449798e-11
6.300000e-01,8.000000e-02,0.0,1.000000e+00,2.459573e-11,-6.467569e-12
6.400000e-01,8.000000e-02,0.0,1.000000e+00,1.069729e-11,-2.755538e-12
6.500000e-01,8.000000e-02,0.0,1.000000e+00,4.441007e-12,-1.120450e-12
6.600000e-01,8.000000e-02,0.0,1.000000e+00,1.758858e-12,-4.346009e-13
6.700000e-01,8.000000e-02,0.0,1.000000e+00,6.642520e-13,-1.607409e-13
6.800000e-01,8.000000e-02,0.0,1.000000e+00,2.390155e-13,-5.637226e-14
6.900000e-01,8.000000e-02,0.0,1.000000e+00,8.185551e-14,-1.885988e-14
7.000000e-01,8.000000e-02,0.0,1.000000e+00,2.639241e-14,-5.609478e-15
7.100000e-01,8.000000e-02,0.0,1.000000e+00,7.959783e-15,-1.602574e-15
7.200000e-01,8.000000e-02,0.0,1.000000e+00,2.083340e-15,-3.739262e-16
7.300000e-01,8.000000e-02,0.0,1.000000e+00,4.273328e-16,0.000000e+00
7.400000e-01,8.000000e-02,0.0,1.000000e+00,0.000000e+00,0.000000e+00
7.500000e-01,8.000000e-02,0.0,1.000000e+00,0.000000e+00,0.000000e+00
7.600000e-01,8.000000e-02,0.0,1.000000e+00,0.000000e+00,0.000000e+00
7.700000e-01,8.000000e-02,0.0,1.000000e+00,0.000000e+00,0.000000e+00
7.800000e-01,8.000000e-02,0.0,1.000000e+00,0.000000e+00,0.000000e+00
7.900000e-01,8.000000e-02,0.0,1.000000e+00,0.000000e+00,0.000000e+00
8.000000e-01,8.000000e-02,0.0,1.000000e+00,0.000000e+00,0.000000e+00
8.100000e-01,8.000000e-02,0.0,1.000000e+00,0.000000e+00,0.000000e+00
8.200000e-01,8.000000e-02,0.0,1.000000e+00,0.000000e+00,0.000000e+00
8.300000e-01,8.000000e-02,0.0,1.000000e+00,0.000000e+00,0.000000e+00
8.400000e-01,8.000000e-02,0.0,1.000000e+00,0.000000e+00,0.000000e+00
8.500000e-01,8.000000e-02,0.0,1.000000e+00,0.000000e+00,0.000000e+00
8.600000e-01,8.000000e-02,0.0,1.000000e+00,0.000000e+00,0.000000e+00
8.700000e-01,8.000000e-02,0.0,1.000000e+00,0.000000e+00,0.000000e+00
8.800000e-01,8.000000e-02,0.0,1.000000e+00,0.000000e+00,0.000000e+00
8.900000e-01,8.000000e-02,0.0,1.000000e+00,0.000000e+00,0.000000e+00
9.000000e-01,8.000000e-02,0.0,1.000000e+00,0.000000e+00,0.000000e+00
9.100000e-01,8.000000e-02,0.0,1.000000e+00,0.000000e+00,0.000000e+00
9.200000e-01,8.000000e-02,0.0,1.000000e+00,0.000000e+00,0.000000e+00
9.300000e-01,8.000000e-02,0.0,1.000000e+00,0.000000e+00,0.000000e+00
9.400000e-01,8.000000e-02,0.0,1.000000e+00,0.000000e+00,0.000000e+00
9.500000e-01,8.000000e-02,0.0,1.000000e+00,0.000000e+00,0.000000e+00
9.600000e-01,8.000000e-02,0.0,1.000000e+00,0.000000e+00,0.000000e+00
9.700000e-01,8.000000e-02,0.0,1.000000e+00,0.000000e+00,0.000000e+00
9.800000e-01,8.000000e-02,0.0,1.000000e+00,0.000000e+00,0.000000e+00
9.900000e-01,8.000000e-02,0.0,1.000000e+00,0.000000e+00,0.000000e+00
1.000000e+00,8.000000e-02,0.0,1.000000e+00,0.000000e+00,0.000000e+00
0.000000e+00,9.000000e-02,0.0,1.048526e+00,-3.558803e-03,-7.914075e-02
1.000000e-02,9.000000e-02,0.0,1.043422e+00,-5.207195e-02,-7.182472e-02
2.000000e-02,9.000000e-02,0.0,1.043221e+00,-9.552718e-02,-7.724676e-02
3.000000e-02,9.000000e-02,0.0,1.040742e+00,-1.068326e-01,-7.728995e-02
4.000000e-02,9.000000e-02,0.0,1.039396e+00,-1.093500e-01,-7.945338e-02
5.000000e-02,9.000000e-02,0.0,1.035100e+00,-1.017125e-01,-7.627120e-02
6.000000e-02,9.000000e-02,0.0,1.025093e+00,-7.777350e-02,-6.066315e-02
7.000000e-02,9.000000e-02,0.0,1.012551e+00,-4.681382e-02,-3.853833e-02
8.000000e-02,9.000000e-02,0.0,1.001764e+00,-2.071684e-02,-1.845288e-02
9.000000e-02,9.000000e-02,0.0,9.935281e-01,-1.944031e-03,-1.944031e-03
1.000000e-01,9.000000e-02,0.0,9.872847e-01,1.096702e-02,1.189685e-02
1.100000e-01,9.000000e-02,0.0,9.827412e-01,1.917160e-02,2.326675e-02
1.200000e-01,9.000000e-02,0.0,9.797990e-01,2.333044e-02,3.174309e-02
1.300000e-01,9.000000e-02,0.0,9.781614e-01,2.436703e-02,3.741934e-02
1.400000e-01,9.000000e-02,0.0,9.773167e-01,2.318914e-02,4.135858e-02
1.500000e-01,9.000000e-02,0.0,9.769223e-01,2.088094e-02,4.387467e-02
1.600000e-01,9.000000e-02,0.0,9.771104e-01,1.707728e-02,4.489286e-02
1.700000e-01,9.000000e-02,0.0,9.774476e-01,1.258053e-02,4.493682e-02
1.800000e-01,9.000000e-02,0.0,9.777520e-01,8.158720e-03,4.453415e-02
1.900000e-01,9.000000e-02,0.0,9.779349e-01,3.966292e-03,4.400850e-02
2.000000e-01,9.000000e-02,0.0,9.780000e-01,-4.584813e-10,4.376316e-02
2.100000e-01,9.000000e-02,0.0,9.779349e-01,-3.966293e-03,4.400850e-02
2.200000e-01,9.000000e-02,0.0,9.777520e-01,-8.158720e-03,4.453415e-02
2.300000e-01,9.000000e-02,0.0,9.774476e-01,-1.258052e-02,4.493682e-02
2.400000e-01,9.000000e-02,0.0,9.771104e-01,-1.707726e-02,4.489287e-02
2.500000e-01,9.000000e-02,0.0,9.769222e-01,-2.088088e-02,4.387471e-02
2.600000e-01,9.000000e-02,0.0,9.773166e-01,-2.318901e-02,4.135863e-02
2.700000e-01,9.000000e-02,0.0,9.781614e-01,-2.436701e-02,3.741937e-02
2.800000e-01,9.000000e-02,0.0,9.797992e-01,-2.333105e-02,3.174292e-02
2.900000e-01,9.000000e-02,0.0,9.827421e-01,-1.917420e-02,2.326554e-02
3.000000e-01,9.000000e-02,0.0,9.872882e-01,-1.097627e-02,1.189231e-02
3.100000e-01,9.000000e-02,0.0,9.935366e-01,1.920130e-03,-1.955160e-03
3.200000e-01,9.000000e-02,0.0,1.001774e+00,2.068257e-02,-1.846463e-02
3.300000e-01,9.000000e-02,0.0,1.012540e+00,4.683496e-02,-3.851609e-02
3.400000e-01,9.000000e-02,0.0,1.024997e+00,7.803987e-02,-6.053852e-02
3.500000e-01,9.000000e-02,0.0,1.034816e+00,1.025213e-01,-7.584651e-02
3.600000e-01,9.000000e-02,0.0,1.038699e+00,1.112904e-01,-7.846193e-02
3.700000e-01,9.000000e-02,0.0,1.039120e+00,1.115133e-01,-7.496601e-02
3.800000e-01,9.000000e-02,0.0,1.038168e+00,1.081414e-01,-6.917152e-02
3.900000e-01,9.000000e-02,0.0,1.034145e+00,9.538643e-02,-5.869060e-02
4.000000e-01,9.000000e-02,0.0,1.023768e+00,6.581079e-02,-3.775479e-02
4.100000e-01,9.000000e-02,0.0,1.011224e+00,3.080153e-02,-1.648128e-02
4.200000e-01,9.000000e-02,0.0,1.003873e+00,1.066674e-02,-5.401009e-03
4.300000e-01,9.000000e-02,0.0,1.001272e+00,3.551787e-03,-1.726569e-03
4.400000e-01,9.000000e-02,0.0,1.000452e+00,1.274417e-03,-5.963029e-04
4.500000e-01,9.000000e-02,0.0,1.000161e+00,4.548917e-04,-2.054712e-04
4.600000e-01,9.000000e-02,0.0,1.000052e+00,1.468692e-04,-6.414823e-05
4.700000e-01,9.000000e-02,0.0,1.000015e+00,4.159760e-05,-1.756471e-05
4.800000e-01,9.000000e-02,0.0,1.000004e+00,1.055468e-05,-4.308481e-06
4.900000e-01,9.000000e-02,0.0,1.000001e+00,2.477082e-06,-9.765551e-07
5.000000e-01,9.000000e-02,0.0,1.000000e+00,5.548117e-07,-2.100789e-07
5.100000e-01,9.000000e-02,0.0,1.000000e+00,1.282411e-07,-4.606219e-08
5.200000e-01,9.000000e-02,0.0,1.000000e+00,3.715009e-08,-1.243030e-08
5.300000e-01,9.000000e-02,0.0,1.000000e+00,1.594866e-08,-4.862693e-09
5.400000e-01,9.000000e-02,0.0,1.000000e+00,8.882114e-09,-2.561644e-09
5.500000e-01,9.000000e-02,0.0,1.000000e+00,5.292600e-09,-1.485852e-09
5.600000e-01,9.000000e-02,0.0,1.000000e+00,3.140770e-09,-8.638891e-10
5.700000e-01,9.000000e-02,0.0,1.000000e+00,1.823286e-09,-4.919166e-10
5.800000e-01,9.000000e-02,0.0,1.000000e+00,1.028363e-09,-2.721997e-10
5.900000e-01,9.000000e-02,0.0,1.000000e+00,5.609108e-10,-1.456481e-10
6.000000e-01,9.000000e-02,0.0,1.000000e+00,2.947925e-10,-7.507580e-11
6.100000e-01,9.000000e-02,0.0,1.000000e+00,1.488568e-10,-3.717123e-11
6.200000e-01,9.000000e-02,0.0,1.000000e+00,7.205841e-11,-1.763754e-11
6.300000e-01,9.000000e-02,0.0,1.000000e+00,3.338416e-11,-8.007153e-12
6.400000e-01,9.000000e-02,0.0,1.000000e+00,1.478366e-11,-3.473751e-12
6.500000e-01,9.000000e-02,0.0,1.000000e+00,6.251804e-12,-1.438830e-12
6.600000e-01,9.000000e-02,0.0,1.000000e+00,2.522708e-12,-5.685616e-13
6.700000e-01,9.000000e-02,0.0,1.000000e+00,9.711456e-13,-2.143514e-13
6.800000e-01,9.000000e-02,0.0,1.000000e+00,3.562125e-13,-7.710833e-14
6.900000e-01,9.000000e-02,0.0,1.000000e+00,1.244441e-13,-2.612734e-14
7.000000e-01,9.000000e-02,0.0,1.000000e+00,4.124641e-14,-8.494685e-15
7.100000e-01,9.000000e-02,0.0,1.000000e+00,1.271469e-14,-2.724417e-15
7.200000e-01,9.000000e-02,0.0,1.000000e+00,3.685956e-15,-5.876099e-16
7.300000e-01,9.000000e-02,0.0,1.000000e+00,7.478525e-16,-5.341578e-17
7.400000e-01,9.000000e-02,0.0,1.000000e+00,5.341578e-17,0.000000e+00
7.500000e-01,9.000000e-02,0.0,1.000000e+00,0.000000e+00,0.000000e+00
7.600000e-01,9.000000e-02,0.0,1.000000e+00,0.000000e+00,0.000000e+00
7.700000e-01,9.000000e-02,0.0,1.000000e+00,0.000000e+00,0.000000e+00
7.800000e-01,9.000000e-02,0.0,1.000000e+00,0.000000e+00,0.000000e+00
7.900000e-01,9.000000e-02,0.0,1.000000e+00,0.000000e+00,0.000000e+00
8.000000e-01,9.000000e-02,0.0,1.000000e+00,0.000000e+00,0.000000e+00
8.100000e-01,9.000000e-02,0.0,1.000000e+00,0.000000e+00,0.000000e+00
8.200000e-01,9.000000e-02,0.0,1.000000e+00,0.000000e+00,0.000000e+00
8.300000e-01,9.000000e-02,0.0,1.000000e+00,0.000000e+00,0.000000e+00
8.400000e-01,9.000000e-02,0.0,1.000000e+00,0.000000e+00,0.000000e+00
8.500000e-01,9.000000e-02,0.0,1.000000e+00,0.000000e+00,0.000000e+00
8.600000e-01,9.000000e-02,0.0,1.000000e+00,0.000000e+00,0.000000e+00
8.700000e-01,9.000000e-02,0.0,1.000000e+00,0.000000e+00,0.000000e+00
8.800000e-01,9.000000e-02,0.0,1.000000e+00,0.000000e+00,0.000000e+00
8.900000e-01,9.000000e-02,0.0,1.000000e+00,0.000000e+00,0.000000e+00
9.000000e-01,9.000000e-02,0.0,1.000000e+00,0.000000e+00,0.000000e+00
9.100000e-01,9.000000e-02,0.0,1.000000e+00,0.000000e+00,0.000000e+00
9.200000e-01,9.000000e-02,0.0,1.000000e+00,0.000000e+00,0.000000e+00
9.300000e-01,9.000000e-02,0.0,1.000000e+00,0.000000e+00,0.000000e+00
9.400000e-01,9.000000e-02,0.0,1.000000e+00,0.000000e+00,0.000000e+00
9.500000e-01,9.000000e-02,0.0,1.000000e+00,0.000000e+00,0.000000e+00
9.600000e-01,9.000000e-02,0.0,1.000000e+00,0.000000e+00,0.000000e+00
9.700000e-01,9.000000e-02,0.0,1.000000e+00,0.000000e+00,0.000000e+00
9.800000e-01,9.000000e-02,0.0,1.000000e+00,0.000000e+00,0.000000e+00
9.900000e-01,9.000000e-02,0.0,1.000000e+00,0.000000e+00,0.000000e+00
1.000000e+00,9.000000e-02,0.0,1.000000e+00,0.000000e+00,0.000000e+00
0.000000e+00,1.000000e-01,0.0,1.060496e+00,-8.354567e-04,-9.389303e-02
1.000000e-02,1.000000e-01,0.0,1.053196e+00,-4.807256e-02,-8.377998e-02
2.000000e-02,1.000000e-01,0.0,1.046987e+00,-9.059149e-02,-7.874654e-02
3.000000e-02,1.000000e-01,0.0,1.041465e+00,-1.064351e-01,-7.395247e-02
4.000000e-02,1.000000e-01,0.0,1.036861e+00,-1.063341e-01,-7.055996e-02
5.000000e-02,1.000000e-01,0.0,1.027834e+00,-8.736592e-02,-5.868473e-02
6.000000e-02,1.000000e-01,0.0,1.015319e+00,-5.636628e-02,-3.907674e-02
7.000000e-02,1.000000e-01,0.0,1.003597e+00,-2.685306e-02,-1.952447e-02
8.000000e-02,1.000000e-01,0.0,9.943068e-01,-4.208512e-03,-2.949479e-03
9.000000e-02,1.000000e-01,0.0,9.872847e-01,1.189685e-02,1.096702e-02
1.000000e-01,1.000000e-01,0.0,9.823005e-01,2.232285e-02,2.232285e-02
1.100000e-01,1.000000e-01,0.0,9.792572e-01,2.766468e-02,3.062703e-02
1.200000e-01,1.000000e-01,0.0,9.777560e-01,2.911900e-02,3.602718e-02
1.300000e-01,1.000000e-01,0.0,9.770685e-01,2.827061e-02,3.976981e-02
1.400000e-01,1.000000e-01,0.0,9.767162e-01,2.641301e-02,4.257709e-02
1.500000e-01,1.000000e-01,0.0,9.768736e-01,2.294143e-02,4.426973e-02
1.600000e-01,1.000000e-01,0.0,9.774404e-01,1.817871e-02,4.455051e-02
1.700000e-01,1.000000e-01,0.0,9.781866e-01,1.309437e-02,4.359439e-02
1.800000e-01,1.000000e-01,0.0,9.788066e-01,8.367818e-03,4.207444e-02
1.900000e-01,1.000000e-01,0.0,9.791923e-01,4.040708e-03,4.072589e-02
2.000000e-01,1.000000e-01,0.0,9.793420e-01,-7.994128e-10,4.006088e-02
2.100000e-01,1.000000e-01,0.0,9.791923e-01,-4.040710e-03,4.072588e-02
2.200000e-01,1.000000e-01,0.0,9.788066e-01,-8.367819e-03,4.207444e-02
2.300000e-01,1.000000e-01,0.0,9.781866e-01,-1.309436e-02,4.359439e-02
2.400000e-01,1.000000e-01,0.0,9.774403e-01,-1.817867e-02,4.455052e-02
2.500000e-01,1.000000e-01,0.0,9.768736e-01,-2.294133e-02,4.426977e-02
2.600000e-01,1.000000e-01,0.0,9.767162e-01,-2.641290e-02,4.257713e-02
2.700000e-01,1.000000e-01,0.0,9.770686e-01,-2.827070e-02,3.976971e-02
2.800000e-01,1.000000e-01,0.0,9.777564e-01,-2.912023e-02,3.602662e-02
2.900000e-01,1.000000e-01,0.0,9.792591e-01,-2.767033e-02,3.062503e-02
3.000000e-01,1.000000e-01,0.0,9.823060e-01,-2.233949e-02,2.231734e-02
3.100000e-01,1.000000e-01,0.0,9.872936e-01,-1.192563e-02,1.095873e-02
3.200000e-01,1.000000e-01,0.0,9.943084e-01,4.196961e-03,-2.946776e-03
3.300000e-01,1.000000e-01,0.0,1.003560e+00,2.695378e-02,-1.947382e-02
3.400000e-01,1.000000e-01,0.0,1.015185e+00,5.677588e-02,-3.892183e-02
3.500000e-01,1.000000e-01,0.0,1.027467e+00,8.850328e-02,-5.827752e-02
3.600000e-01,1.000000e-01,0.0,1.035801e+00,1.094170e-01,-6.924739e-02
3.700000e-01,1.000000e-01,0.0,1.038419e+00,1.148284e-01,-6.986113e-02
3.800000e-01,1.000000e-01,0.0,1.038594e+00,1.138566e-01,-6.637743e-02
3.900000e-01,1.000000e-01,0.0,1.036830e+00,1.071738e-01,-6.013599e-02
4.000000e-01,1.000000e-01,0.0,1.030332e+00,8.699108e-02,-4.653164e-02
4.100000e-01,1.000000e-01,0.0,1.018084e+00,5.128202e-02,-2.551431e-02
4.200000e-01,1.000000e-01,0.0,1.007249e+00,2.044094e-02,-9.489686e-03
4.300000e-01,1.000000e-01,0.0,1.002312e+00,6.564577e-03,-2.897843e-03
4.400000e-01,1.000000e-01,0.0,1.000753e+00,2.163515e-03,-9.178043e-04
4.500000e-01,1.000000e-01,0.0,1.000262e+00,7.576595e-04,-3.100728e-04
4.600000e-01,1.000000e-01,0.0,1.000088e+00,2.551528e-04,-1.011079e-04
4.700000e-01,1.000000e-01,0.0,1.000026e+00,7.650952e-05,-2.936488e-05
4.800000e-01,1.000000e-01,0.0,1.000007e+00,2.020211e-05,-7.502640e-06
4.900000e-01,1.000000e-01,0.0,1.000002e+00,4.832135e-06,-1.734758e-06
5.000000e-01,1.000000e-01,0.0,1.000000e+00,1.082761e-06,-3.743421e-07
5.100000e-01,1.000000e-01,0.0,1.000000e+00,2.390115e-07,-7.866952e-08
5.200000e-01,1.000000e-01,0.0,1.000000e+00,5.970987e-08,-1.839866e-08
5.300000e-01,1.000000e-01,0.0,1.000000e+00,2.119596e-08,-5.963293e-09
5.400000e-01,1.000000e-01,0.0,1.000000e+00,1.079513e-08,-2.833198e-09
5.500000e-01,1.000000e-01,0.0,1.000000e+00,6.330275e-09,-1.609353e-09
5.600000e-01,1.000000e-01,0.0,1.000000e+00,3.770396e-09,-9.384328e-10
5.700000e-01,1.000000e-01,0.0,1.000000e+00,2.207146e-09,-5.387920e-10
5.800000e-01,1.000000e-01,0.0,1.000000e+00,1.258025e-09,-3.012961e-10
5.900000e-01,1.000000e-01,0.0,1.000000e+00,6.945356e-10,-1.631895e-10
6.000000e-01,1.000000e-01,0.0,1.000000e+00,3.699366e-10,-8.525574e-11
6.100000e-01,1.000000e-01,0.0,1.000000e+00,1.895100e-10,-4.282517e-11
6.200000e-01,1.000000e-01,0.0,1.000000e+00,9.314416e-11,-2.063220e-11
6.300000e-01,1.000000e-01,0.0,1.000000e+00,4.384206e-11,-9.516201e-12
6.400000e-01,1.000000e-01,0.0,1.000000e+00,1.973507e-11,-4.196398e-12
6.500000e-01,1.000000e-01,0.0,1.000000e+00,8.486955e-12,-1.767563e-12
6.600000e-01,1.000000e-01,0.0,1.000000e+00,3.484195e-12,-7.103924e-13
6.700000e-01,1.000000e-01,0.0,1.000000e+00,1.364648e-12,-2.725622e-13
6.800000e-01,1.000000e-01,0.0,1.000000e+00,5.098663e-13,-9.960974e-14
6.900000e-01,1.000000e-01,0.0,1.000000e+00,1.815708e-13,-3.473122e-14
7.000000e-01,1.000000e-01,0.0,1.000000e+00,6.128447e-14,-1.143355e-14
7.100000e-01,1.000000e-01,0.0,1.000000e+00,1.960701e-14,-3.792951e-15
7.200000e-01,1.000000e-01,0.0,1.000000e+00,5.876307e-15,-1.068388e-15
7.300000e-01,1.000000e-01,0.0,1.000000e+00,1.442299e-15,-2.136664e-16
7.400000e-01,1.000000e-01,0.0,1.000000e+00,1.602506e-16,0.000000e+00
7.500000e-01,1.000000e-01,0.0,1.000000e+00,0.000000e+00,0.000000e+00
7.600000e-01,1.000000e-01,0.0,1.000000e+00,0.000000e+00,0.000000e+00
7.700000e-01,1.000000e-01,0.0,1.000000e+00,0.000000e+00,0.000000e+00
7.800000e-01,1.000000e-01,0.0,1.000000e+00,0.000000e+00,0.000000e+00
7.900000e-01,1.000000e-01,0.0,1.000000e+00,0.000000e+00,0.000000e+00
8.000000e-01,1.000000e-01,0.0,1.000000e+00,0.000000e+00,0.000000e+00
8.100000e-01,1.000000e-01,0.0,1.000000e+00,0.000000e+00,0.000000e+00
8.200000e-01,1.000000e-01,0.0,1.000000e+00,0.000000e+00,0.000000e+00
8.300000e-01,1.000000e-01,0.0,1.000000e+00,0.000000e+00,0.000000e+00
8.400000e-01,1.000000e-01,0.0,1.000000e+00,0.000000e+00,0.000000e+00
8.500000e-01,1.000000e-01,0.0,1.000000e+00,0.000000e+00,0.000000e+00
8.600000e-01,1.000000e-01,0.0,1.000000e+00,0.000000e+00,0.000000e+00
8.700000e-01,1.000000e-01,0.0,1.000000e+00,0.000000e+00,0.000000e+00
8.800000e-01,1.000000e-01,0.0,1.000000e+00,0.000000e+00,0.000000e+00
8.900000e-01,1.000000e-01,0.0,1.000000e+00,0.000000e+00,0.000000e+00
9.000000e-01,1.000000e-01,0.0,1.000000e+00,0.000000e+00,0.000000e+00
9.100000e-01,1.000000e-01,0.0,1.000000e+00,0.000000e+00,0.000000e+00
9.200000e-01,1.000000e-01,0.0,1.000000e+00,0.000000e+00,0.000000e+00
9.300000e-01,1.000000e-01,0.0,1.000000e+00,0.000000e+00,0.000000e+00
9.400000e-01,1.000000e-01,0.0,1.000000e+00,0.000000e+00,0.000000e+00
9.500000e-01,1.000000e-01,0.0,1.000000e+00,0.000000e+00,0.000000e+00
9.600000e-01,1.000000e-01,0.0,1.000000e+00,0.000000e+00,0.000000e+00
9.700000e-01,1.000000e-01,0.0,1.000000e+00,0.000000e+00,0.000000e+00
9.800000e-01,1.000000e-01,0.0,1.000000e+00,0.000000e+00,0.000000e+00
9.900000e-01,1.000000e-01,0.0,1.000000e+00,0.000000e+00,0.000000e+00
1.000000e+00,1.000000e-01,0.0,1.000000e+00,0.000000e+00,0.000000e+00
0.000000e+00,1.100000e-01,0.0,1.068354e+00,1.537019e-03,-9.945183e-02
1.000000e-02,1.100000e-01,0.0,1.060461e+00,-3.867013e-02,-8.930485e-02
2.000000e-02,1.100000e-01,0.0,1.050939e+00,-8.030130e-02,-7.839830e-02
3.000000e-02,1.100000e-01,0.0,1.041638e+00,-1.005001e-01,-6.846991e-02
4.000000e-02,1.100000e-01,0.0,1.032168e+00,-9.499145e-02,-5.796317e-02
5.000000e-02,1.100000e-01,0.0,1.019810e+00,-6.866570e-02,-4.123949e-02
6.000000e-02,1.100000e-01,0.0,1.007227e+00,-3.716083e-02,-2.278251e-02
7.000000e-02,1.100000e-01,0.0,9.966867e-01,-1.036399e-02,-6.353927e-03
8.000000e-02,1.100000e-01,0.0,9.885391e-01,9.724183e-03,7.654337e-03
9.000000e-02,1.100000e-01,0.0,9.827412e-01,2.326675e-02,1.917160e-02
1.000000e-01,1.100000e-01,0.0,9.792572e-01,3.062703e-02,2.766468e-02
1.100000e-01,1.100000e-01,0.0,9.776552e-01,3.310422e-02,3.310422e-02
1.200000e-01,1.100000e-01,0.0,9.770244e-01,3.285984e-02,3.676616e-02
1.300000e-01,1.100000e-01,0.0,9.766706e-01,3.159893e-02,3.985283e-02
1.400000e-01,1.100000e-01,0.0,9.767180e-01,2.894341e-02,4.222290e-02
1.500000e-01,1.100000e-01,0.0,9.776788e-01,2.397006e-02,4.253514e-02
1.600000e-01,1.100000e-01,0.0,9.792198e-01,1.785118e-02,4.035476e-02
1.700000e-01,1.100000e-01,0.0,9.806094e-01,1.228884e-02,3.733045e-02
1.800000e-01,1.100000e-01,0.0,9.815879e-01,7.649365e-03,3.448944e-02
1.900000e-01,1.100000e-01,0.0,9.821660e-01,3.626067e-03,3.234770e-02
2.000000e-01,1.100000e-01,0.0,9.823809e-01,-1.562062e-09,3.125356e-02
2.100000e-01,1.100000e-01,0.0,9.821660e-01,-3.626070e-03,3.234770e-02
2.200000e-01,1.100000e-01,0.0,9.815879e-01,-7.649364e-03,3.448945e-02
2.300000e-01,1.100000e-01,0.0,9.806094e-01,-1.228883e-02,3.733045e-02
2.400000e-01,1.100000e-01,0.0,9.792198e-01,-1.785111e-02,4.035478e-02
2.500000e-01,1.100000e-01,0.0,9.776787e-01,-2.396992e-02,4.253517e-02
2.600000e-01,1.100000e-01,0.0,9.767180e-01,-2.894331e-02,4.222292e-02
2.700000e-01,1.100000e-01,0.0,9.766708e-01,-3.159934e-02,3.985269e-02
2.800000e-01,1.100000e-01,0.0,9.770253e-01,-3.286239e-02,3.676520e-02
2.900000e-01,1.100000e-01,0.0,9.776581e-01,-3.311287e-02,3.310173e-02
3.000000e-01,1.100000e-01,0.0,9.792635e-01,-3.064713e-02,2.766037e-02
3.100000e-01,1.100000e-01,0.0,9.827480e-01,-2.329080e-02,1.916893e-02
3.200000e-01,1.100000e-01,0.0,9.885315e-01,-9.705213e-03,7.664583e-03
3.300000e-01,1.100000e-01,0.0,9.966346e-01,1.052742e-02,-6.310602e-03
3.400000e-01,1.100000e-01,0.0,1.007060e+00,3.768765e-02,-2.264692e-02
3.500000e-01,1.100000e-01,0.0,1.019271e+00,7.031345e-02,-4.072446e-02
3.600000e-01,1.100000e-01,0.0,1.030484e+00,1.000961e-01,-5.606545e-02
3.700000e-01,1.100000e-01,0.0,1.036618e+00,1.150697e-01,-6.212253e-02
3.800000e-01,1.100000e-01,0.0,1.037979e+00,1.168269e-01,-6.110243e-02
3.900000e-01,1.100000e-01,0.0,1.037656e+00,1.141396e-01,-5.737637e-02
4.000000e-01,1.100000e-01,0.0,1.034291e+00,1.016375e-01,-4.976582e-02
4.100000e-01,1.100000e-01,0.0,1.024668e+00,7.225026e-02,-3.316169e-02
4.200000e-01,1.100000e-01,0.0,1.012112e+00,3.507594e-02,-1.495038e-02
4.300000e-01,1.100000e-01,0.0,1.004154e+00,1.201332e-02,-4.800176e-03
4.400000e-01,1.100000e-01,0.0,1.001267e+00,3.693695e-03,-1.408273e-03
4.500000e-01,1.100000e-01,0.0,1.000413e+00,1.213745e-03,-4.452232e-04
4.600000e-01,1.100000e-01,0.0,1.000139e+00,4.106398e-04,-1.458229e-04
4.700000e-01,1.100000e-01,0.0,1.000044e+00,1.291545e-04,-4.452593e-05
4.800000e-01,1.100000e-01,0.0,1.000012e+00,3.581808e-05,-1.197149e-05
4.900000e-01,1.100000e-01,0.0,1.000003e+00,8.823137e-06,-2.853493e-06
5.000000e-01,1.100000e-01,0.0,1.000001e+00,1.996549e-06,-6.228610e-07
5.100000e-01,1.100000e-01,0.0,1.000000e+00,4.327285e-07,-1.289845e-07
5.200000e-01,1.100000e-01,0.0,1.000000e+00,9.865986e-08,-2.759446e-08
5.300000e-01,1.100000e-01,0.0,1.000000e+00,2.931601e-08,-7.521345e-09
5.400000e-01,1.100000e-01,0.0,1.000000e+00,1.315057e-08,-3.115236e-09
5.500000e-01,1.100000e-01,0.0,1.000000e+00,7.456415e-09,-1.700840e-09
5.600000e-01,1.100000e-01,0.0,1.000000e+00,4.438217e-09,-9.901592e-10
5.700000e-01,1.100000e-01,0.0,1.000000e+00,2.615027e-09,-5.721336e-10
5.800000e-01,1.100000e-01,0.0,1.000000e+00,1.503857e-09,-3.228105e-10
5.900000e-01,1.100000e-01,0.0,1.000000e+00,8.390240e-10,-1.766962e-10
6.000000e-01,1.100000e-01,0.0,1.000000e+00,4.521814e-10,-9.340785e-11
6.100000e-01,1.100000e-01,0.0,1.000000e+00,2.346169e-10,-4.752412e-11
6.200000e-01,1.100000e-01,0.0,1.000000e+00,1.168889e-10,-2.320922e-11
6.300000e-01,1.100000e-01,0.0,1.000000e+00,5.580556e-11,-1.085804e-11
6.400000e-01,1.100000e-01,0.0,1.000000e+00,2.549258e-11,-4.858615e-12
6.500000e-01,1.100000e-01,0.0,1.000000e+00,1.113011e-11,-2.077297e-12
6.600000e-01,1.100000e-01,0.0,1.000000e+00,4.640293e-12,-8.479042e-13
6.700000e-01,1.100000e-01,0.0,1.000000e+00,1.846371e-12,-3.301356e-13
6.800000e-01,1.100000e-01,0.0,1.000000e+00,7.012072e-13,-1.227006e-13
6.900000e-01,1.100000e-01,0.0,1.000000e+00,2.536646e-13,-4.349706e-14
7.000000e-01,1.100000e-01,0.0,1.000000e+00,8.709440e-14,-1.458656e-14
7.100000e-01,1.100000e-01,0.0,1.000000e+00,2.836965e-14,-4.754784e-15
7.200000e-01,1.100000e-01,0.0,1.000000e+00,8.761186e-15,-1.495728e-15
7.300000e-01,1.100000e-01,0.0,1.000000e+00,2.403865e-15,-3.739262e-16
7.400000e-01,1.100000e-01,0.0,1.000000e+00,4.807545e-16,0.000000e+00
7.500000e-01,1.100000e-01,0.0,1.000000e+00,0.000000e+00,0.000000e+00
7.600000e-01,1.100000e-01,0.0,1.000000e+00,0.000000e+00,0.000000e+00
7.700000e-01,1.100000e-01,0.0,1.000000e+00,0.000000e+00,0.000000e+00
7.800000e-01,1.100000e-01,0.0,1.000000e+00,0.000000e+00,0.000000e+00
7.900000e-01,1.100000e-01,0.0,1.000000e+00,0.000000e+00,0.000000e+00
8.000000e-01,1.100000e-01,0.0,1.000000e+00,0.000000e+00,0.000000e+00
8.100000e-01,1.100000e-01,0.0,1.000000e+00,0.000000e+00,0.000000e+00
8.200000e-01,1.100000e-01,0.0,1.000000e+00,0.000000e+00,0.000000e+00
8.300000e-01,1.100000e-01,0.0,1.000000e+00,0.000000e+00,0.000000e+00
8.400000e-01,1.100000e-01,0.0,1.000000e+00,0.000000e+00,0.000000e+00
8.500000e-01,1.100000e-01,0.0,1.000000e+00,0.000000e+00,0.000000e+00
8.600000e-01,1.100000e-01,0.0,1.000000e+00,0.000000e+00,0.000000e+00
8.700000e-01,1.100000e-01,0.0,1.000000e+00,0.000000e+00,0.000000e+00
8.800000e-01,1.100000e-01,0.0,1.000000e+00,0.000000e+00,0.000000e+00
8.900000e-01,1.100000e-01,0.0,1.000000e+00,0.000000e+00,0.000000e+00
9.000000e-01,1.100000e-01,0.0,1.000000e+00,0.000000e+00,0.000000e+00
9.100000e-01,1.100000e-01,0.0,1.000000e+00,0.000000e+00,0.000000e+00
9.200000e-01,1.100000e-01,0.0,1.000000e+00,0.000000e+00,0.000000e+00
9.300000e-01,1.100000e-01,0.0,1.000000e+00,0.000000e+00,0.000000e+00
9.400000e-01,1.100000e-01,0.0,1.000000e+00,0.000000e+00,0.000000e+00
9.500000e-01,1.100000e-01,0.0,1.000000e+00,0.000000e+00,0.000000e+00
9.600000e-01,1.100000e-01,0.0,1.000000e+00,0.000000e+00,0.000000e+00
9.700000e-01,1.100000e-01,0.0,1.000000e+00,0.000000e+00,0.000000e+00
9.800000e-01,1.100000e-01,0.0,1.000000e+00,0.000000e+00,0.000000e+00
9.900000e-01,1.100000e-01,0.0,1.000000e+00,0.000000e+00,0.000000e+00
1.000000e+00,1.100000e-01,0.0,1.000000e+00,0.000000e+00,0.000000e+00
0.000000e+00,1.200000e-01,0.0,1.072091e+00,2.764137e-03,-9.589104e-02
1.000000e-02,1.200000e-01,0.0,1.064996e+00,-2.820690e-02,-8.785647e-02
2.000000e-02,1.200000e-01,0.0,1.054588e+00,-6.681130e-02,-7.599303e-02
3.000000e-02,1.200000e-01,0.0,1.041191e+00,-8.757246e-02,-6.127630e-02
4.000000e-02,1.200000e-01,0.0,1.027012e+00,-7.835649e-02,-4.509422e-02
5.000000e-02,1.200000e-01,0.0,1.012947e+00,-5.049942e-02,-2.751722e-02
6.000000e-02,1.200000e-01,0.0,1.000804e+00,-2.084972e-02,-1.128983e-02
7.000000e-02,1.200000e-01,0.0,9.911910e-01,3.645627e-03,2.743945e-03
8.000000e-02,1.200000e-01,0.0,9.841695e-01,2.130369e-02,1.444729e-02
9.000000e-02,1.200000e-01,0.0,9.797990e-01,3.174309e-02,2.333044e-02
1.000000e-01,1.200000e-01,0.0,9.777560e-01,3.602718e-02,2.911900e-02
1.100000e-01,1.200000e-01,0.0,9.770244e-01,3.676616e-02,3.285984e-02
1.200000e-01,1.200000e-01,0.0,9.766765e-01,3.611424e-02,3.611424e-02
1.300000e-01,1.200000e-01,0.0,9.766275e-01,3.445134e-02,3.892232e-02
1.400000e-01,1.200000e-01,0.0,9.778803e-01,2.962999e-02,3.920916e-02
1.500000e-01,1.200000e-01,0.0,9.802614e-01,2.231352e-02,3.607526e-02
1.600000e-01,1.200000e-01,0.0,9.824001e-01,1.563917e-02,3.199687e-02
1.700000e-01,1.200000e-01,0.0,9.838716e-01,1.053387e-02,2.834206e-02
1.800000e-01,1.200000e-01,0.0,9.848075e-01,6.484831e-03,2.533657e-02
1.900000e-01,1.200000e-01,0.0,9.853370e-01,3.030926e-03,2.312333e-02
2.000000e-01,1.200000e-01,0.0,9.855316e-01,-2.743264e-09,2.182583e-02
2.100000e-01,1.200000e-01,0.0,9.853370e-01,-3.030930e-03,2.312333e-02
2.200000e-01,1.200000e-01,0.0,9.848075e-01,-6.484824e-03,2.533657e-02
2.300000e-01,1.200000e-01,0.0,9.838716e-01,-1.053384e-02,2.834207e-02
2.400000e-01,1.200000e-01,0.0,9.824001e-01,-1.563909e-02,3.199688e-02
2.500000e-01,1.200000e-01,0.0,9.802614e-01,-2.231340e-02,3.607528e-02
2.600000e-01,1.200000e-01,0.0,9.778803e-01,-2.962992e-02,3.920913e-02
2.700000e-01,1.200000e-01,0.0,9.766278e-01,-3.445219e-02,3.892213e-02
2.800000e-01,1.200000e-01,0.0,9.766777e-01,-3.611829e-02,3.611343e-02
2.900000e-01,1.200000e-01,0.0,9.770279e-01,-3.677723e-02,3.285733e-02
3.000000e-01,1.200000e-01,0.0,9.777625e-01,-3.604734e-02,2.911510e-02
3.100000e-01,1.200000e-01,0.0,9.798043e-01,-3.175980e-02,2.332821e-02
3.200000e-01,1.200000e-01,0.0,9.841606e-01,-2.127083e-02,1.444836e-02
3.300000e-01,1.200000e-01,0.0,9.911322e-01,-3.447066e-03,2.762586e-03
3.400000e-01,1.200000e-01,0.0,1.000566e+00,2.159747e-02,-1.114092e-02
3.500000e-01,1.200000e-01,0.0,1.012107e+00,5.303171e-02,-2.677520e-02
3.600000e-01,1.200000e-01,0.0,1.024292e+00,8.644742e-02,-4.231872e-02
3.700000e-01,1.200000e-01,0.0,1.033380e+00,1.107196e-01,-5.238077e-02
3.800000e-01,1.200000e-01,0.0,1.036868e+00,1.183138e-01,-5.424105e-02
3.900000e-01,1.200000e-01,0.0,1.037425e+00,1.173302e-01,-5.251188e-02
4.000000e-01,1.200000e-01,0.0,1.035887e+00,1.108978e-01,-4.772771e-02
4.100000e-01,1.200000e-01,0.0,1.029620e+00,8.933104e-02,-3.723157e-02
4.200000e-01,1.200000e-01,0.0,1.017622e+00,5.244271e-02,-2.036269e-02
4.300000e-01,1.200000e-01,0.0,1.006982e+00,2.061279e-02,-7.435841e-03
4.400000e-01,1.200000e-01,0.0,1.002127e+00,6.295531e-03,-2.141340e-03
4.500000e-01,1.200000e-01,0.0,1.000642e+00,1.915117e-03,-6.227150e-04
4.600000e-01,1.200000e-01,0.0,1.000209e+00,6.254902e-04,-1.962876e-04
4.700000e-01,1.200000e-01,0.0,1.000067e+00,2.014237e-04,-6.144495e-05
4.800000e-01,1.200000e-01,0.0,1.000020e+00,5.858674e-05,-1.737838e-05
4.900000e-01,1.200000e-01,0.0,1.000005e+00,1.499995e-05,-4.313079e-06
5.000000e-01,1.200000e-01,0.0,1.000001e+00,3.457951e-06,-9.602976e-07
5.100000e-01,1.200000e-01,0.0,1.000000e+00,7.469061e-07,-1.987095e-07
5.200000e-01,1.200000e-01,0.0,1.000000e+00,1.618338e-07,-4.049437e-08
5.300000e-01,1.200000e-01,0.0,1.000000e+00,4.180648e-08,-9.621020e-09
5.400000e-01,1.200000e-01,0.0,1.000000e+00,1.616540e-08,-3.415809e-09
5.500000e-01,1.200000e-01,0.0,1.000000e+00,8.674541e-09,-1.754493e-09
5.600000e-01,1.200000e-01,0.0,1.000000e+00,5.129676e-09,-1.013701e-09
5.700000e-01,1.200000e-01,0.0,1.000000e+00,3.036239e-09,-5.883526e-10
5.800000e-01,1.200000e-01,0.0,1.000000e+00,1.759083e-09,-3.344346e-10
5.900000e-01,1.200000e-01,0.0,1.000000e+00,9.902826e-10,-1.847178e-10
6.000000e-01,1.200000e-01,0.0,1.000000e+00,5.391721e-10,-9.865271e-11
6.100000e-01,1.200000e-01,0.0,1.000000e+00,2.828947e-10,-5.075699e-11
6.200000e-01,1.200000e-01,0.0,1.000000e+00,1.426347e-10,-2.508591e-11
6.300000e-01,1.200000e-01,0.0,1.000000e+00,6.895829e-11,-1.188393e-11
6.400000e-01,1.200000e-01,0.0,1.000000e+00,3.191513e-11,-5.387494e-12
6.500000e-01,1.200000e-01,0.0,1.000000e+00,1.412284e-11,-2.334356e-12
6.600000e-01,1.200000e-01,0.0,1.000000e+00,5.969692e-12,-9.659680e-13
6.700000e-01,1.200000e-01,0.0,1.000000e+00,2.409159e-12,-3.813510e-13
6.800000e-01,1.200000e-01,0.0,1.000000e+00,9.277826e-13,-1.439203e-13
6.900000e-01,1.200000e-01,0.0,1.000000e+00,3.405648e-13,-5.183530e-14
7.000000e-01,1.200000e-01,0.0,1.000000e+00,1.191040e-13,-1.768578e-14
7.100000e-01,1.200000e-01,0.0,1.000000e+00,3.932410e-14,-5.663336e-15
7.200000e-01,1.200000e-01,0.0,1.000000e+00,1.234096e-14,-1.656040e-15
7.300000e-01,1.200000e-01,0.0,1.000000e+00,3.632540e-15,-3.739229e-16
7.400000e-01,1.200000e-01,0.0,1.000000e+00,7.478525e-16,-5.341578e-17
7.500000e-01,1.200000e-01,0.0,1.000000e+00,5.341578e-17,0.000000e+00
7.600000e-01,1.200000e-01,0.0,1.000000e+00,0.000000e+00,0.000000e+00
7.700000e-01,1.200000e-01,0.0,1.000000e+00,0.000000e+00,0.000000e+00
7.800000e-01,1.200000e-01,0.0,1.000000e+00,0.000000e+00,0.000000e+00
7.900000e-01,1.200000e-01,0.0,1.000000e+00,0.000000e+00,0.000000e+00
8.000000e-01,1.200000e-01,0.0,1.000000e+00,0.000000e+00,0.000000e+00
8.100000e-01,1.200000e-01,0.0,1.000000e+00,0.000000e+00,0.000000e+00
8.200000e-01,1.200000e-01,0.0,1.000000e+00,0.000000e+00,0.000000e+00
8.300000e-01,1.200000e-01,0.0,1.000000e+00,0.000000e+00,0.000000e+00
8.400000e-01,1.200000e-01,0.0,1.000000e+00,0.000000e+00,0.000000e+00
8.500000e-01,1.200000e-01,0.0,1.000000e+00,0.000000e+00,0.000000e+00
8.600000e-01,1.200000e-01,0.0,1.000000e+00,0.000000e+00,0.000000e+00
8.700000e-01,1.200000e-01,0.0,1.000000e+00,0.000000e+00,0.000000e+00
8.800000e-01,1.200000e-01,0.0,1.000000e+00,0.000000e+00,0.000000e+00
8.900000e-01,1.200000e-01,0.0,1.000000e+00,0.000000e+00,0.000000e+00
9.000000e-01,1.200000e-01,0.0,1.000000e+00,0.000000e+00,0.000000e+00
9.100000e-01,1.200000e-01,0.0,1.000000e+00,0.000000e+00,0.000000e+00
9.200000e-01,1.200000e-01,0.0,1.000000e+00,0.000000e+00,0.000000e+00
9.300000e-01,1.200000e-01,0.0,1.000000e+00,0.000000e+00,0.000000e+00
9.400000e-01,1.200000e-01,0.0,1.000000e+00,0.000000e+00,0.000000e+00
9.500000e-01,1.200000e-01,0.0,1.000000e+00,0.000000e+00,0.000000e+00
9.600000e-01,1.200000e-01,0.0,1.000000e+00,0.000000e+00,0.000000e+00
9.700000e-01,1.200000e-01,0.0,1.000000e+00,0.000000e+00,0.000000e+00
9.800000e-01,1.200000e-01,0.0,1.000000e+00,0.000000e+00,0.000000e+00
9.900000e-01,1.200000e-01,0.0,1.000000e+00,0.000000e+00,0.000000e+00
1.000000e+00,1.200000e-01,0.0,1.000000e+00,0.000000e+00,0.000000e+00
0.000000e+00,1.300000e-01,0.0,1.073445e+00,3.279660e-03,-8.779542e-02
1.000000e-02,1.300000e-01,0.0,1.067362e+00,-1.925633e-02,-8.128226e-02
2.000000e-02,1.300000e-01,0.0,1.057101e+00,-5.223086e-02,-7.044372e-02
3.000000e-02,1.300000e-01,0.0,1.040404e+00,-6.950225e-02,-5.347294e-02
4.000000e-02,1.300000e-01,0.0,1.022569e+00,-5.985053e-02,-3.452710e-02
5.000000e-02,1.300000e-01,0.0,1.007450e+00,-3.404543e-02,-1.757250e-02
6.000000e-02,1.300000e-01,0.0,9.956551e-01,-6.776246e-03,-3.295766e-03
7.000000e-02,1.300000e-01,0.0,9.868850e-01,1.542025e-02,8.630008e-03
8.000000e-02,1.300000e-01,0.0,9.811163e-01,3.018704e-02,1.797035e-02
9.000000e-02,1.300000e-01,0.0,9.781614e-01,3.741934e-02,2.436703e-02
1.000000e-01,1.300000e-01,0.0,9.770685e-01,3.976981e-02,2.827061e-02
1.100000e-01,1.300000e-01,0.0,9.766706e-01,3.985283e-02,3.159893e-02
1.200000e-01,1.300000e-01,0.0,9.766275e-01,3.892232e-02,3.445134e-02
1.300000e-01,1.300000e-01,0.0,9.779068e-01,3.482833e-02,3.482833e-02
1.400000e-01,1.300000e-01,0.0,9.808521e-01,2.680292e-02,3.143693e-02
1.500000e-01,1.300000e-01,0.0,9.836742e-01,1.898933e-02,2.700579e-02
1.600000e-01,1.300000e-01,0.0,9.854808e-01,1.321768e-02,2.349584e-02
1.700000e-01,1.300000e-01,0.0,9.866259e-01,9.060060e-03,2.058174e-02
1.800000e-01,1.300000e-01,0.0,9.873419e-01,5.641744e-03,1.803861e-02
1.900000e-01,1.300000e-01,0.0,9.877373e-01,2.643494e-03,1.603516e-02
2.000000e-01,1.300000e-01,0.0,9.878840e-01,-2.790314e-09,1.461356e-02
2.100000e-01,1.300000e-01,0.0,9.877373e-01,-2.643497e-03,1.603516e-02
2.200000e-01,1.300000e-01,0.0,9.873419e-01,-5.641730e-03,1.803861e-02
2.300000e-01,1.300000e-01,0.0,9.866259e-01,-9.060035e-03,2.058174e-02
2.400000e-01,1.300000e-01,0.0,9.854808e-01,-1.321757e-02,2.349586e-02
2.500000e-01,1.300000e-01,0.0,9.836741e-01,-1.898917e-02,2.700580e-02
2.600000e-01,1.300000e-01,0.0,9.808522e-01,-2.680325e-02,3.143687e-02
2.700000e-01,1.300000e-01,0.0,9.779073e-01,-3.482946e-02,3.482790e-02
2.800000e-01,1.300000e-01,0.0,9.766291e-01,-3.892738e-02,3.445056e-02
2.900000e-01,1.300000e-01,0.0,9.766746e-01,-3.986572e-02,3.159704e-02
3.000000e-01,1.300000e-01,0.0,9.770753e-01,-3.979077e-02,2.826651e-02
3.100000e-01,1.300000e-01,0.0,9.781697e-01,-3.743911e-02,2.435616e-02
3.200000e-01,1.300000e-01,0.0,9.811109e-01,-3.015826e-02,1.795362e-02
3.300000e-01,1.300000e-01,0.0,9.868080e-01,-1.516555e-02,8.639478e-03
3.400000e-01,1.300000e-01,0.0,9.952993e-01,7.876188e-03,-3.083385e-03
3.500000e-01,1.300000e-01,0.0,1.006150e+00,3.794977e-02,-1.651897e-02
3.600000e-01,1.300000e-01,0.0,1.018386e+00,7.231504e-02,-3.059714e-02
3.700000e-01,1.300000e-01,0.0,1.029314e+00,1.026956e-01,-4.206578e-02
3.800000e-01,1.300000e-01,0.0,1.035249e+00,1.177370e-01,-4.665210e-02
3.900000e-01,1.300000e-01,0.0,1.036595e+00,1.191015e-01,-4.610159e-02
4.000000e-01,1.300000e-01,0.0,1.036403e+00,1.157627e-01,-4.370117e-02
4.100000e-01,1.300000e-01,0.0,1.032599e+00,1.013866e-01,-3.724103e-02
4.200000e-01,1.300000e-01,0.0,1.022638e+00,6.917185e-02,-2.402411e-02
4.300000e-01,1.300000e-01,0.0,1.010596e+00,3.197690e-02,-1.030917e-02
4.400000e-01,1.300000e-01,0.0,1.003452e+00,1.038199e-02,-3.123905e-03
4.500000e-01,1.300000e-01,0.0,1.000990e+00,2.993809e-03,-8.529610e-04
4.600000e-01,1.300000e-01,0.0,1.000302e+00,9.194457e-04,-2.511285e-04
4.700000e-01,1.300000e-01,0.0,1.000097e+00,2.941268e-04,-7.796149e-05
4.800000e-01,1.300000e-01,0.0,1.000029e+00,8.859924e-05,-2.290247e-05
4.900000e-01,1.300000e-01,0.0,1.000008e+00,2.365347e-05,-5.945038e-06
5.000000e-01,1.300000e-01,0.0,1.000002e+00,5.599952e-06,-1.361488e-06
5.100000e-01,1.300000e-01,0.0,1.000000e+00,1.217198e-06,-2.839838e-07
5.200000e-01,1.300000e-01,0.0,1.000000e+00,2.569399e-07,-5.650754e-08
5.300000e-01,1.300000e-01,0.0,1.000000e+00,6.017967e-08,-1.217832e-08
5.400000e-01,1.300000e-01,0.0,1.000000e+00,2.008159e-08,-3.721504e-09
5.500000e-01,1.300000e-01,0.0,1.000000e+00,9.992132e-09,-1.764150e-09
5.600000e-01,1.300000e-01,0.0,1.000000e+00,5.828204e-09,-1.004628e-09
5.700000e-01,1.300000e-01,0.0,1.000000e+00,3.458265e-09,-5.845358e-10
5.800000e-01,1.300000e-01,0.0,1.000000e+00,2.015674e-09,-3.342790e-10
5.900000e-01,1.300000e-01,0.0,1.000000e+00,1.143365e-09,-1.860424e-10
6.000000e-01,1.300000e-01,0.0,1.000000e+00,6.279743e-10,-1.002335e-10
6.100000e-01,1.300000e-01,0.0,1.000000e+00,3.326778e-10,-5.207044e-11
6.200000e-01,1.300000e-01,0.0,1.000000e+00,1.694835e-10,-2.600268e-11
6.300000e-01,1.300000e-01,0.0,1.000000e+00,8.284086e-11,-1.245368e-11
6.400000e-01,1.300000e-01,0.0,1.000000e+00,3.878035e-11,-5.710277e-12
6.500000e-01,1.300000e-01,0.0,1.000000e+00,1.736431e-11,-2.503531e-12
6.600000e-01,1.300000e-01,0.0,1.000000e+00,7.429589e-12,-1.048390e-12
6.700000e-01,1.300000e-01,0.0,1.000000e+00,3.035382e-12,-4.190998e-13
6.800000e-01,1.300000e-01,0.0,1.000000e+00,1.183761e-12,-1.600638e-13
6.900000e-01,1.300000e-01,0.0,1.000000e+00,4.403488e-13,-5.851738e-14
7.000000e-01,1.300000e-01,0.0,1.000000e+00,1.561390e-13,-2.035831e-14
7.100000e-01,1.300000e-01,0.0,1.000000e+00,5.257578e-14,-6.571396e-15
7.200000e-01,1.300000e-01,0.0,1.000000e+00,1.672211e-14,-2.030091e-15
7.300000e-01,1.300000e-01,0.0,1.000000e+00,5.074964e-15,-4.273501e-16
7.400000e-01,1.300000e-01,0.0,1.000000e+00,1.175203e-15,-5.341578e-17
7.500000e-01,1.300000e-01,0.0,1.000000e+00,1.068316e-16,0.000000e+00
7.600000e-01,1.300000e-01,0.0,1.000000e+00,0.000000e+00,0.000000e+00
7.700000e-01,1.300000e-01,0.0,1.000000e+00,0.000000e+00,0.000000e+00
7.800000e-01,1.300000e-01,0.0,1.000000e+00,0.000000e+00,0.000000e+00
7.900000e-01,1.300000e-01,0.0,1.000000e+00,0.000000e+00,0.000000e+00
8.000000e-01,1.300000e-01,0.0,1.000000e+00,0.000000e+00,0.000000e+00
8.100000e-01,1.300000e-01,0.0,1.000000e+00,0.000000e+00,0.000000e+00
8.200000e-01,1.300000e-01,0.0,1.000000e+00,0.000000e+00,0.000000e+00
8.300000e-01,1.300000e-01,0.0,1.000000e+00,0.000000e+00,0.000000e+00
8.400000e-01,1.300000e-01,0.0,1.000000e+00,0.000000e+00,0.000000e+00
8.500000e-01,1.300000e-01,0.0,1.000000e+00,0.000000e+00,0.000000e+00
8.600000e-01,1.300000e-01,0.0,1.000000e+00,0.000000e+00,0.000000e+00
8.700000e-01,1.300000e-01,0.0,1.000000e+00,0.000000e+00,0.000000e+00
8.800000e-01,1.300000e-01,0.0,1.000000e+00,0.000000e+00,0.000000e+00
8.900000e-01,1.300000e-01,0.0,1.000000e+00,0.000000e+00,0.000000e+00
9.000000e-01,1.300000e-01,0.0,1.000000e+00,0.000000e+00,0.000000e+00
9.100000e-01,1.300000e-01,0.0,1.000000e+00,0.000000e+00,0.000000e+00
9.200000e-01,1.300000e-01,0.0,1.000000e+00,0.000000e+00,0.000000e+00
9.300000e-01,1.300000e-01,0.0,1.000000e+00,0.000000e+00,0.000000e+00
9.400000e-01,1.300000e-01,0.0,1.000000e+00,0.000000e+00,0.000000e+00
9.500000e-01,1.300000e-01,0.0,1.000000e+00,0.000000e+00,0.000000e+00
9.600000e-01,1.300000e-01,0.0,1.000000e+00,0.000000e+00,0.000000e+00
9.700000e-01,1.300000e-01,0.0,1.000000e+00,0.000000e+00,0.000000e+00
9.800000e-01,1.300000e-01,0.0,1.000000e+00,0.000000e+00,0.000000e+00
9.900000e-01,1.300000e-01,0.0,1.000000e+00,0.000000e+00,0.000000e+00
1.000000e+00,1.300000e-01,0.0,1.000000e+00,0.000000e+00,0.000000e+00
0.000000e+00,1.400000e-01,0.0,1.073320e+00,3.168731e-03,-7.690585e-02
1.000000e-02,1.400000e-01,0.0,1.068528e+00,-1.223336e-02,-7.257774e-02
2.000000e-02,1.400000e-01,0.0,1.058677e+00,-3.800556e-02,-6.333392e-02
3.000000e-02,1.400000e-01,0.0,1.039467e+00,-4.947558e-02,-4.553717e-02
4.000000e-02,1.400000e-01,0.0,1.019190e+00,-4.135418e-02,-2.634319e-02
5.000000e-02,1.400000e-01,0.0,1.003160e+00,-1.919538e-02,-1.054058e-02
6.000000e-02,1.400000e-01,0.0,9.915929e-01,5.297528e-03,1.931542e-03
7.000000e-02,1.400000e-01,0.0,9.837060e-01,2.479139e-02,1.177696e-02
8.000000e-02,1.400000e-01,0.0,9.791784e-01,3.638157e-02,1.894944e-02
9.000000e-02,1.400000e-01,0.0,9.773167e-01,4.135858e-02,2.318914e-02
1.000000e-01,1.400000e-01,0.0,9.767162e-01,4.257709e-02,2.641301e-02
1.100000e-01,1.400000e-01,0.0,9.767180e-01,4.222290e-02,2.894341e-02
1.200000e-01,1.400000e-01,0.0,9.778803e-01,3.920916e-02,2.962999e-02
1.300000e-01,1.400000e-01,0.0,9.808521e-01,3.143693e-02,2.680292e-02
1.400000e-01,1.400000e-01,0.0,9.841044e-01,2.265121e-02,2.265121e-02
1.500000e-01,1.400000e-01,0.0,9.863527e-01,1.622607e-02,1.950007e-02
1.600000e-01,1.400000e-01,0.0,9.876825e-01,1.170840e-02,1.721740e-02
1.700000e-01,1.400000e-01,0.0,9.885020e-01,8.219932e-03,1.515985e-02
1.800000e-01,1.400000e-01,0.0,9.890264e-01,5.223655e-03,1.310405e-02
1.900000e-01,1.400000e-01,0.0,9.893234e-01,2.501859e-03,1.129144e-02
2.000000e-01,1.400000e-01,0.0,9.894345e-01,-1.689047e-09,9.760885e-03
2.100000e-01,1.400000e-01,0.0,9.893234e-01,-2.501862e-03,1.129144e-02
2.200000e-01,1.400000e-01,0.0,9.890264e-01,-5.223641e-03,1.310406e-02
2.300000e-01,1.400000e-01,0.0,9.885020e-01,-8.219880e-03,1.515986e-02
2.400000e-01,1.400000e-01,0.0,9.876824e-01,-1.170830e-02,1.721743e-02
2.500000e-01,1.400000e-01,0.0,9.863527e-01,-1.622594e-02,1.950008e-02
2.600000e-01,1.400000e-01,0.0,9.841045e-01,-2.265169e-02,2.265125e-02
2.700000e-01,1.400000e-01,0.0,9.808529e-01,-3.143963e-02,2.680250e-02
2.800000e-01,1.400000e-01,0.0,9.778818e-01,-3.921378e-02,2.962878e-02
2.900000e-01,1.400000e-01,0.0,9.767228e-01,-4.223703e-02,2.894073e-02
3.000000e-01,1.400000e-01,0.0,9.767251e-01,-4.260312e-02,2.640652e-02
3.100000e-01,1.400000e-01,0.0,9.773272e-01,-4.138775e-02,2.317328e-02
3.200000e-01,1.400000e-01,0.0,9.791730e-01,-3.635196e-02,1.892325e-02
3.300000e-01,1.400000e-01,0.0,9.835926e-01,-2.442715e-02,1.179970e-02
3.400000e-01,1.400000e-01,0.0,9.910630e-01,-3.669920e-03,2.237465e-03
3.500000e-01,1.400000e-01,0.0,1.001231e+00,2.503466e-02,-9.126666e-03
3.600000e-01,1.400000e-01,0.0,1.013232e+00,5.932538e-02,-2.135336e-02
3.700000e-01,1.400000e-01,0.0,1.025101e+00,9.318243e-02,-3.246759e-02
3.800000e-01,1.400000e-01,0.0,1.033117e+00,1.150200e-01,-3.869101e-02
3.900000e-01,1.400000e-01,0.0,1.035758e+00,1.200634e-01,-3.939608e-02
4.000000e-01,1.400000e-01,0.0,1.036127e+00,1.181616e-01,-3.814908e-02
4.100000e-01,1.400000e-01,0.0,1.033990e+00,1.091057e-01,-3.403852e-02
4.200000e-01,1.400000e-01,0.0,1.026473e+00,8.288202e-02,-2.502393e-02
4.300000e-01,1.400000e-01,0.0,1.014436e+00,4.450905e-02,-1.256294e-02
4.400000e-01,1.400000e-01,0.0,1.005243e+00,1.603041e-02,-4.201464e-03
4.500000e-01,1.400000e-01,0.0,1.001497e+00,4.579181e-03,-1.126139e-03
4.600000e-01,1.400000e-01,0.0,1.000428e+00,1.317620e-03,-3.078118e-04
4.700000e-01,1.400000e-01,0.0,1.000132e+00,4.078790e-04,-9.193926e-05
4.800000e-01,1.400000e-01,0.0,1.000041e+00,1.248036e-04,-2.746103e-05
4.900000e-01,1.400000e-01,0.0,1.000011e+00,3.459160e-05,-7.428577e-06
5.000000e-01,1.400000e-01,0.0,1.000003e+00,8.451866e-06,-1.760135e-06
5.100000e-01,1.400000e-01,0.0,1.000001e+00,1.862364e-06,-3.726550e-07
5.200000e-01,1.400000e-01,0.0,1.000000e+00,3.887832e-07,-7.343302e-08
5.300000e-01,1.400000e-01,0.0,1.000000e+00,8.541778e-08,-1.483590e-08
5.400000e-01,1.400000e-01,0.0,1.000000e+00,2.506757e-08,-3.980690e-09
5.500000e-01,1.400000e-01,0.0,1.000000e+00,1.141001e-08,-1.721624e-09
5.600000e-01,1.400000e-01,0.0,1.000000e+00,6.515006e-09,-9.597313e-10
5.700000e-01,1.400000e-01,0.0,1.000000e+00,3.867139e-09,-5.587294e-10
5.800000e-01,1.400000e-01,0.0,1.000000e+00,2.264675e-09,-3.210627e-10
5.900000e-01,1.400000e-01,0.0,1.000000e+00,1.292695e-09,-1.798211e-10
6.000000e-01,1.400000e-01,0.0,1.000000e+00,7.152172e-10,-9.759802e-11
6.100000e-01,1.400000e-01,0.0,1.000000e+00,3.820043e-10,-5.111806e-11
6.200000e-01,1.400000e-01,0.0,1.000000e+00,1.963416e-10,-2.575381e-11
6.300000e-01,1.400000e-01,0.0,1.000000e+00,9.687300e-11,-1.245019e-11
6.400000e-01,1.400000e-01,0.0,1.000000e+00,4.579633e-11,-5.764831e-12
6.500000e-01,1.400000e-01,0.0,1.000000e+00,2.071540e-11,-2.552998e-12
6.600000e-01,1.400000e-01,0.0,1.000000e+00,8.956093e-12,-1.080403e-12
6.700000e-01,1.400000e-01,0.0,1.000000e+00,3.698471e-12,-4.363747e-13
6.800000e-01,1.400000e-01,0.0,1.000000e+00,1.457925e-12,-1.682467e-13
6.900000e-01,1.400000e-01,0.0,1.000000e+00,5.483117e-13,-6.204511e-14
7.000000e-01,1.400000e-01,0.0,1.000000e+00,1.965954e-13,-2.190972e-14
7.100000e-01,1.400000e-01,0.0,1.000000e+00,6.721792e-14,-7.159360e-15
7.200000e-01,1.400000e-01,0.0,1.000000e+00,2.174468e-14,-2.510848e-15
7.300000e-01,1.400000e-01,0.0,1.000000e+00,6.570868e-15,-8.547249e-16
7.400000e-01,1.400000e-01,0.0,1.000000e+00,1.549152e-15,-1.602506e-16
7.500000e-01,1.400000e-01,0.0,1.000000e+00,2.670822e-16,0.000000e+00
7.600000e-01,1.400000e-01,0.0,1.000000e+00,0.000000e+00,0.000000e+00
7.700000e-01,1.400000e-01,0.0,1.000000e+00,0.000000e+00,0.000000e+00
7.800000e-01,1.400000e-01,0.0,1.000000e+00,0.000000e+00,0.000000e+00
7.900000e-01,1.400000e-01,0.0,1.000000e+00,0.000000e+00,0.000000e+00
8.000000e-01,1.400000e-01,0.0,1.000000e+00,0.000000e+00,0.000000e+00
8.100000e-01,1.400000e-01,0.0,1.000000e+00,0.000000e+00,0.000000e+00
8.200000e-01,1.400000e-01,0.0,1.000000e+00,0.000000e+00,0.000000e+00
8.300000e-01,1.400000e-01,0.0,1.000000e+00,0.000000e+00,0.000000e+00
8.400000e-01,1.400000e-01,0.0,1.000000e+00,0.000000e+00,0.000000e+00
8.500000e-01,1.400000e-01,0.0,1.000000e+00,0.000000e+00,0.000000e+00
8.600000e-01,1.400000e-01,0.0,1.000000e+00,0.000000e+00,0.000000e+00
8.700000e-01,1.400000e-01,0.0,1.000000e+00,0.000000e+00,0.000000e+00
8.800000e-01,1.400000e-01,0.0,1.000000e+00,0.000000e+00,0.000000e+00
8.900000e-01,1.400000e-01,0.0,1.000000e+00,0.000000e+00,0.000000e+00
9.000000e-01,1.400000e-01,0.0,1.000000e+00,0.000000e+00,0.000000e+00
9.100000e-01,1.400000e-01,0.0,1.000000e+00,0.000000e+00,0.000000e+00
9.200000e-01,1.400000e-01,0.0,1.000000e+00,0.000000e+00,0.000000e+00
9.300000e-01,1.400000e-01,0.0,1.000000e+00,0.000000e+00,0.000000e+00
9.400000e-01,1.400000e-01,0.0,1.000000e+00,0.000000e+00,0.000000e+00
9.500000e-01,1.400000e-01,0.0,1.000000e+00,0.000000e+00,0.000000e+00
9.600000e-01,1.400000e-01,0.0,1.000000e+00,0.000000e+00,0.000000e+00
9.700000e-01,1.400000e-01,0.0,1.000000e+00,0.000000e+00,0.000000e+00
9.800000e-01,1.400000e-01,0.0,1.000000e+00,0.000000e+00,0.000000e+00
9.900000e-01,1.400000e-01,0.0,1.000000e+00,0.000000e+00,0.000000e+00
1.000000e+00,1.400000e-01,0.0,1.000000e+00,0.000000e+00,0.000000e+00
0.000000e+00,1.500000e-01,0.0,1.072529e+00,2.919095e-03,-6.466214e-02
1.000000e-02,1.500000e-01,0.0,1.068762e+00,-7.358364e-03,-6.192594e-02
2.000000e-02,1.500000e-01,0.0,1.059006e+00,-2.462534e-02,-5.435605e-02
3.000000e-02,1.500000e-01,0.0,1.038513e+00,-3.004956e-02,-3.764252e-02
4.000000e-02,1.500000e-01,0.0,1.016763e+00,-2.398461e-02,-1.991535e-02
5.000000e-02,1.500000e-01,0.0,9.999171e-01,-5.973125e-03,-5.765370e-03
6.000000e-02,1.500000e-01,0.0,9.885186e-01,1.531616e-02,4.884471e-03
7.000000e-02,1.500000e-01,0.0,9.814933e-01,3.177522e-02,1.278967e-02
8.000000e-02,1.500000e-01,0.0,9.780844e-01,4.068837e-02,1.772474e-02
9.000000e-02,1.500000e-01,0.0,9.769223e-01,4.387467e-02,2.088094e-02
1.000000e-01,1.500000e-01,0.0,9.768736e-01,4.426973e-02,2.294143e-02
1.100000e-01,1.500000e-01,0.0,9.776788e-01,4.253514e-02,2.397006e-02
1.200000e-01,1.500000e-01,0.0,9.802614e-01,3.607526e-02,2.231352e-02
1.300000e-01,1.500000e-01,0.0,9.836742e-01,2.700579e-02,1.898933e-02
1.400000e-01,1.500000e-01,0.0,9.863527e-01,1.950007e-02,1.622607e-02
1.500000e-01,1.500000e-01,0.0,9.880251e-01,1.441361e-02,1.441361e-02
1.600000e-01,1.500000e-01,0.0,9.890551e-01,1.079287e-02,1.296949e-02
1.700000e-01,1.500000e-01,0.0,9.897027e-01,7.788021e-03,1.152280e-02
1.800000e-01,1.500000e-01,0.0,9.901097e-01,5.056955e-03,9.895309e-03
1.900000e-01,1.500000e-01,0.0,9.903422e-01,2.486249e-03,8.299019e-03
2.000000e-01,1.500000e-01,0.0,9.904209e-01,-2.146117e-09,6.732410e-03
2.100000e-01,1.500000e-01,0.0,9.903422e-01,-2.486249e-03,8.299018e-03
2.200000e-01,1.500000e-01,0.0,9.901097e-01,-5.056931e-03,9.895311e-03
2.300000e-01,1.500000e-01,0.0,9.897027e-01,-7.787949e-03,1.152281e-02
2.400000e-01,1.500000e-01,0.0,9.890550e-01,-1.079277e-02,1.296953e-02
2.500000e-01,1.500000e-01,0.0,9.880251e-01,-1.441353e-02,1.441368e-02
2.600000e-01,1.500000e-01,0.0,9.863529e-01,-1.950058e-02,1.622618e-02
2.700000e-01,1.500000e-01,0.0,9.836750e-01,-2.700832e-02,1.898919e-02
2.800000e-01,1.500000e-01,0.0,9.802638e-01,-3.608274e-02,2.231165e-02
2.900000e-01,1.500000e-01,0.0,9.776858e-01,-4.255568e-02,2.396462e-02
3.000000e-01,1.500000e-01,0.0,9.768842e-01,-4.429959e-02,2.293006e-02
3.100000e-01,1.500000e-01,0.0,9.769340e-01,-4.390945e-02,2.086405e-02
3.200000e-01,1.500000e-01,0.0,9.780708e-01,-4.064692e-02,1.770604e-02
3.300000e-01,1.500000e-01,0.0,9.813256e-01,-3.125195e-02,1.283784e-02
3.400000e-01,1.500000e-01,0.0,9.877632e-01,-1.298826e-02,5.284932e-03
3.500000e-01,1.500000e-01,0.0,9.972274e-01,1.421410e-02,-4.057133e-03
3.600000e-01,1.500000e-01,0.0,1.008906e+00,4.807491e-02,-1.432280e-02
3.700000e-01,1.500000e-01,0.0,1.021200e+00,8.379094e-02,-2.418859e-02
3.800000e-01,1.500000e-01,0.0,1.030777e+00,1.108432e-01,-3.090255e-02
3.900000e-01,1.500000e-01,0.0,1.034843e+00,1.203398e-01,-3.262310e-02
4.000000e-01,1.500000e-01,0.0,1.035566e+00,1.195138e-01,-3.189222e-02
4.100000e-01,1.500000e-01,0.0,1.034659e+00,1.135646e-01,-2.962005e-02
4.200000e-01,1.500000e-01,0.0,1.029021e+00,9.308474e-02,-2.356249e-02
4.300000e-01,1.500000e-01,0.0,1.017917e+00,5.631393e-02,-1.346158e-02
4.400000e-01,1.500000e-01,0.0,1.007321e+00,2.275162e-02,-5.055382e-03
4.500000e-01,1.500000e-01,0.0,1.002165e+00,6.704453e-03,-1.389281e-03
4.600000e-01,1.500000e-01,0.0,1.000592e+00,1.837605e-03,-3.585828e-04
4.700000e-01,1.500000e-01,0.0,1.000174e+00,5.424522e-04,-1.012322e-04
4.800000e-01,1.500000e-01,0.0,1.000053e+00,1.653090e-04,-3.003721e-05
4.900000e-01,1.500000e-01,0.0,1.000015e+00,4.708495e-05,-8.375632e-06
5.000000e-01,1.500000e-01,0.0,1.000004e+00,1.187490e-05,-2.055246e-06
5.100000e-01,1.500000e-01,0.0,1.000001e+00,2.665951e-06,-4.439142e-07
5.200000e-01,1.500000e-01,0.0,1.000000e+00,5.556168e-07,-8.734871e-08
5.300000e-01,1.500000e-01,0.0,1.000000e+00,1.172821e-07,-1.693084e-08
5.400000e-01,1.500000e-01,0.0,1.000000e+00,3.108756e-08,-4.098737e-09
5.500000e-01,1.500000e-01,0.0,1.000000e+00,1.290442e-08,-1.616045e-09
5.600000e-01,1.500000e-01,0.0,1.000000e+00,7.168286e-09,-8.773260e-10
5.700000e-01,1.500000e-01,0.0,1.000000e+00,4.247966e-09,-5.101957e-10
5.800000e-01,1.500000e-01,0.0,1.000000e+00,2.496622e-09,-2.942759e-10
5.900000e-01,1.500000e-01,0.0,1.000000e+00,1.432362e-09,-1.656726e-10
6.000000e-01,1.500000e-01,0.0,1.000000e+00,7.972866e-10,-9.046739e-11
6.100000e-01,1.500000e-01,0.0,1.000000e+00,4.287333e-10,-4.770632e-11
6.200000e-01,1.500000e-01,0.0,1.000000e+00,2.219892e-10,-2.421310e-11
6.300000e-01,1.500000e-01,0.0,1.000000e+00,1.103901e-10,-1.179747e-11
6.400000e-01,1.500000e-01,0.0,1.000000e+00,5.261784e-11,-5.507401e-12
6.500000e-01,1.500000e-01,0.0,1.000000e+00,2.400497e-11,-2.459906e-12
6.600000e-01,1.500000e-01,0.0,1.000000e+00,1.047027e-11,-1.049964e-12
6.700000e-01,1.500000e-01,0.0,1.000000e+00,4.362606e-12,-4.280530e-13
6.800000e-01,1.500000e-01,0.0,1.000000e+00,1.735416e-12,-1.663809e-13
6.900000e-01,1.500000e-01,0.0,1.000000e+00,6.591122e-13,-6.215271e-14
7.000000e-01,1.500000e-01,0.0,1.000000e+00,2.386008e-13,-2.196266e-14
7.100000e-01,1.500000e-01,0.0,1.000000e+00,8.207434e-14,-7.426984e-15
7.200000e-01,1.500000e-01,0.0,1.000000e+00,2.682089e-14,-2.404146e-15
7.300000e-01,1.500000e-01,0.0,1.000000e+00,8.387269e-15,-8.547102e-16
7.400000e-01,1.500000e-01,0.0,1.000000e+00,2.403865e-15,-1.602506e-16
7.500000e-01,1.500000e-01,0.0,1.000000e+00,4.807545e-16,0.000000e+00
7.600000e-01,1.500000e-01,0.0,1.000000e+00,0.000000e+00,0.000000e+00
7.700000e-01,1.500000e-01,0.0,1.000000e+00,0.000000e+00,0.000000e+00
7.800000e-01,1.500000e-01,0.0,1.000000e+00,0.000000e+00,0.000000e+00
7.900000e-01,1.500000e-01,0.0,1.000000e+00,0.000000e+00,0.000000e+00
8.000000e-01,1.500000e-01,0.0,1.000000e+00,0.000000e+00,0.000000e+00
8.100000e-01,1.500000e-01,0.0,1.000000e+00,0.000000e+00,0.000000e+00
8.200000e-01,1.500000e-01,0.0,1.000000e+00,0.000000e+00,0.000000e+00
8.300000e-01,1.500000e-01,0.0,1.000000e+00,0.000000e+00,0.000000e+00
8.400000e-01,1.500000e-01,0.0,1.000000e+00,0.000000e+00,0.000000e+00
8.500000e-01,1.500000e-01,0.0,1.000000e+00,0.000000e+00,0.000000e+00
8.600000e-01,1.500000e-01,0.0,1.000000e+00,0.000000e+00,0.000000e+00
8.700000e-01,1.500000e-01,0.0,1.000000e+00,0.000000e+00,0.000000e+00
8.800000e-01,1.500000e-01,0.0,1.000000e+00,0.000000e+00,0.000000e+00
8.900000e-01,1.500000e-01,0.0,1.000000e+00,0.000000e+00,0.000000e+00
9.000000e-01,1.500000e-01,0.0,1.000000e+00,0.000000e+00,0.000000e+00
9.100000e-01,1.500000e-01,0.0,1.000000e+00,0.000000e+00,0.000000e+00
9.200000e-01,1.500000e-01,0.0,1.000000e+00,0.000000e+00,0.000000e+00
9.300000e-01,1.500000e-01,0.0,1.000000e+00,0.000000e+00,0.000000e+00
9.400000e-01,1.500000e-01,0.0,1.000000e+00,0.000000e+00,0.000000e+00
9.500000e-01,1.500000e-01,0.0,1.000000e+00,0.000000e+00,0.000000e+00
9.600000e-01,1.500000e-01,0.0,1.000000e+00,0.000000e+00,0.000000e+00
9.700000e-01,1.500000e-01,0.0,1.000000e+00,0.000000e+00,0.000000e+00
9.800000e-01,1.500000e-01,0.0,1.000000e+00,0.000000e+00,0.000000e+00
9.900000e-01,1.500000e-01,0.0,1.000000e+00,0.000000e+00,0.000000e+00
1.000000e+00,1.500000e-01,0.0,1.000000e+00,0.000000e+00,0.000000e+00
0.000000e+00,1.600000e-01,0.0,1.071442e+00,2.662751e-03,-5.179432e-02
1.000000e-02,1.600000e-01,0.0,1.068383e+00,-3.676076e-03,-5.013824e-02
2.000000e-02,1.600000e-01,0.0,1.058510e+00,-1.292100e-02,-4.393872e-02
3.000000e-02,1.600000e-01,0.0,1.037603e+00,-1.325925e-02,-2.994854e-02
4.000000e-02,1.600000e-01,0.0,1.015046e+00,-8.715437e-03,-1.480889e-02
5.000000e-02,1.600000e-01,0.0,9.975585e-01,5.363478e-03,-2.713437e-03
6.000000e-02,1.600000e-01,0.0,9.863075e-01,2.329140e-02,6.038481e-03
7.000000e-02,1.600000e-01,0.0,9.801006e-01,3.676683e-02,1.189940e-02
8.000000e-02,1.600000e-01,0.0,9.775354e-01,4.329550e-02,1.528934e-02
9.000000e-02,1.600000e-01,0.0,9.771104e-01,4.489286e-02,1.707728e-02
1.000000e-01,1.600000e-01,0.0,9.774404e-01,4.455051e-02,1.817871e-02
1.100000e-01,1.600000e-01,0.0,9.792198e-01,4.035476e-02,1.785118e-02
1.200000e-01,1.600000e-01,0.0,9.824001e-01,3.199687e-02,1.563917e-02
1.300000e-01,1.600000e-01,0.0,9.854808e-01,2.349584e-02,1.321768e-02
1.400000e-01,1.600000e-01,0.0,9.876825e-01,1.721740e-02,1.170840e-02
1.500000e-01,1.600000e-01,0.0,9.890551e-01,1.296949e-02,1.079287e-02
1.600000e-01,1.600000e-01,0.0,9.899190e-01,9.941254e-03,9.941254e-03
1.700000e-01,1.600000e-01,0.0,9.904669e-01,7.375196e-03,8.927667e-03
1.800000e-01,1.600000e-01,0.0,9.908061e-01,4.923684e-03,7.640596e-03
1.900000e-01,1.600000e-01,0.0,9.909946e-01,2.482118e-03,6.273945e-03
2.000000e-01,1.600000e-01,0.0,9.910508e-01,-4.545831e-09,4.827437e-03
2.100000e-01,1.600000e-01,0.0,9.909946e-01,-2.482119e-03,6.273943e-03
2.200000e-01,1.600000e-01,0.0,9.908061e-01,-4.923651e-03,7.640598e-03
2.300000e-01,1.600000e-01,0.0,9.904669e-01,-7.375092e-03,8.927692e-03
2.400000e-01,1.600000e-01,0.0,9.899190e-01,-9.941097e-03,9.941321e-03
2.500000e-01,1.600000e-01,0.0,9.890550e-01,-1.296937e-02,1.079297e-02
2.600000e-01,1.600000e-01,0.0,9.876827e-01,-1.721801e-02,1.170850e-02
2.700000e-01,1.600000e-01,0.0,9.854820e-01,-2.349939e-02,1.321733e-02
2.800000e-01,1.600000e-01,0.0,9.824038e-01,-3.200822e-02,1.563637e-02
2.900000e-01,1.600000e-01,0.0,9.792285e-01,-4.038138e-02,1.784338e-02
3.000000e-01,1.600000e-01,0.0,9.774545e-01,-4.459219e-02,1.816622e-02
3.100000e-01,1.600000e-01,0.0,9.771148e-01,-4.490684e-02,1.706384e-02
3.200000e-01,1.600000e-01,0.0,9.775137e-01,-4.322672e-02,1.527120e-02
3.300000e-01,1.600000e-01,0.0,9.798642e-01,-3.604610e-02,1.198250e-02
3.400000e-01,1.600000e-01,0.0,9.852966e-01,-2.015478e-02,6.493158e-03
3.500000e-01,1.600000e-01,0.0,9.940634e-01,5.458745e-03,-8.727532e-04
3.600000e-01,1.600000e-01,0.0,1.005401e+00,3.874695e-02,-9.158384e-03
3.700000e-01,1.600000e-01,0.0,1.017859e+00,7.540586e-02,-1.738371e-02
3.800000e-01,1.600000e-01,0.0,1.028488e+00,1.061244e-01,-2.360404e-02
3.900000e-01,1.600000e-01,0.0,1.033871e+00,1.199411e-01,-2.583919e-02
4.000000e-01,1.600000e-01,0.0,1.035062e+00,1.203280e-01,-2.552642e-02
4.100000e-01,1.600000e-01,0.0,1.034770e+00,1.161486e-01,-2.427507e-02
4.200000e-01,1.600000e-01,0.0,1.030567e+00,1.000745e-01,-2.009790e-02
4.300000e-01,1.600000e-01,0.0,1.020683e+00,6.624964e-02,-1.278441e-02
4.400000e-01,1.600000e-01,0.0,1.009402e+00,2.964319e-02,-5.344677e-03
4.500000e-01,1.600000e-01,0.0,1.002942e+00,9.215579e-03,-1.546280e-03
4.600000e-01,1.600000e-01,0.0,1.000787e+00,2.466149e-03,-3.871626e-04
4.700000e-01,1.600000e-01,0.0,1.000221e+00,6.938299e-04,-1.031603e-04
4.800000e-01,1.600000e-01,0.0,1.000066e+00,2.075565e-04,-2.987316e-05
4.900000e-01,1.600000e-01,0.0,1.000019e+00,6.001177e-05,-8.464442e-06
5.000000e-01,1.600000e-01,0.0,1.000005e+00,1.555513e-05,-2.141290e-06
5.100000e-01,1.600000e-01,0.0,1.000001e+00,3.564476e-06,-4.726272e-07
5.200000e-01,1.600000e-01,0.0,1.000000e+00,7.459820e-07,-9.327630e-08
5.300000e-01,1.600000e-01,0.0,1.000000e+00,1.537044e-07,-1.761015e-08
5.400000e-01,1.600000e-01,0.0,1.000000e+00,3.778862e-08,-3.956456e-09
5.500000e-01,1.600000e-01,0.0,1.000000e+00,1.440929e-08,-1.435964e-09
5.600000e-01,1.600000e-01,0.0,1.000000e+00,7.762493e-09,-7.576686e-10
5.700000e-01,1.600000e-01,0.0,1.000000e+00,4.585645e-09,-4.396123e-10
5.800000e-01,1.600000e-01,0.0,1.000000e+00,2.702082e-09,-2.542880e-10
5.900000e-01,1.600000e-01,0.0,1.000000e+00,1.556466e-09,-1.437515e-10
6.000000e-01,1.600000e-01,0.0,1.000000e+00,8.705491e-10,-7.888139e-11
6.100000e-01,1.600000e-01,0.0,1.000000e+00,4.706854e-10,-4.182564e-11
6.200000e-01,1.600000e-01,0.0,1.000000e+00,2.451659e-10,-2.135521e-11
6.300000e-01,1.600000e-01,0.0,1.000000e+00,1.226933e-10,-1.047133e-11
6.400000e-01,1.600000e-01,0.0,1.000000e+00,5.887444e-11,-4.921047e-12
6.500000e-01,1.600000e-01,0.0,1.000000e+00,2.704639e-11,-2.213441e-12
6.600000e-01,1.600000e-01,0.0,1.000000e+00,1.188163e-11,-9.515124e-13
6.700000e-01,1.600000e-01,0.0,1.000000e+00,4.987358e-12,-3.907557e-13
6.800000e-01,1.600000e-01,0.0,1.000000e+00,1.998750e-12,-1.528055e-13
6.900000e-01,1.600000e-01,0.0,1.000000e+00,7.644097e-13,-5.750408e-14
7.000000e-01,1.600000e-01,0.0,1.000000e+00,2.790068e-13,-2.057201e-14
7.100000e-01,1.600000e-01,0.0,1.000000e+00,9.714428e-14,-7.160148e-15
7.200000e-01,1.600000e-01,0.0,1.000000e+00,3.205756e-14,-2.190463e-15
7.300000e-01,1.600000e-01,0.0,1.000000e+00,1.009706e-14,-6.410143e-16
7.400000e-01,1.600000e-01,0.0,1.000000e+00,2.724405e-15,-2.136756e-16
7.500000e-01,1.600000e-01,0.0,1.000000e+00,5.875927e-16,0.000000e+00
7.600000e-01,1.600000e-01,0.0,1.000000e+00,0.000000e+00,0.000000e+00
7.700000e-01,1.600000e-01,0.0,1.000000e+00,0.000000e+00,0.000000e+00
7.800000e-01,1.600000e-01,0.0,1.000000e+00,0.000000e+00,0.000000e+00
7.900000e-01,1.600000e-01,0.0,1.000000e+00,0.000000e+00,0.000000e+00
8.000000e-01,1.600000e-01,0.0,1.000000e+00,0.000000e+00,0.000000e+00
8.100000e-01,1.600000e-01,0.0,1.000000e+00,0.000000e+00,0.000000e+00
8.200000e-01,1.600000e-01,0.0,1.000000e+00,0.000000e+00,0.000000e+00
8.300000e-01,1.600000e-01,0.0,1.000000e+00,0.000000e+00,0.000000e+00
8.400000e-01,1.600000e-01,0.0,1.000000e+00,0.000000e+00,0.000000e+00
8.500000e-01,1.600000e-01,0.0,1.000000e+00,0.000000e+00,0.000000e+00
8.600000e-01,1.600000e-01,0.0,1.000000e+00,0.000000e+00,0.000000e+00
8.700000e-01,1.600000e-01,0.0,1.000000e+00,0.000000e+00,0.000000e+00
8.800000e-01,1.600000e-01,0.0,1.000000e+00,0.000000e+00,0.000000e+00
8.900000e-01,1.600000e-01,0.0,1.000000e+00,0.000000e+00,0.000000e+00
9.000000e-01,1.600000e-01,0.0,1.000000e+00,0.000000e+00,0.000000e+00
9.100000e-01,1.600000e-01,0.0,1.000000e+00,0.000000e+00,0.000000e+00
9.200000e-01,1.600000e-01,0.0,1.000000e+00,0.000000e+00,0.000000e+00
9.300000e-01,1.600000e-01,0.0,1.000000e+00,0.000000e+00,0.000000e+00
9.400000e-01,1.600000e-01,0.0,1.000000e+00,0.000000e+00,0.000000e+00
9.500000e-01,1.600000e-01,0.0,1.000000e+00,0.000000e+00,0.000000e+00
9.600000e-01,1.600000e-01,0.0,1.000000e+00,0.000000e+00,0.000000e+00
9.700000e-01,1.600000e-01,0.0,1.000000e+00,0.000000e+00,0.000000e+00
9.800000e-01,1.600000e-01,0.0,1.000000e+00,0.000000e+00,0.000000e+00
9.900000e-01,1.600000e-01,0.0,1.000000e+00,0.000000e+00,0.000000e+00
1.000000e+00,1.600000e-01,0.0,1.000000e+00,0.000000e+00,0.000000e+00
0.000000e+00,1.700000e-01,0.0,1.070311e+00,2.502800e-03,-3.861965e-02
1.000000e-02,1.700000e-01,0.0,1.067694e+00,-1.013676e-03,-3.765958e-02
2.000000e-02,1.700000e-01,0.0,1.057679e+00,-3.681024e-03,-3.305186e-02
3.000000e-02,1.700000e-01,0.0,1.036790e+00,2.178944e-04,-2.242430e-02
4.000000e-02,1.700000e-01,0.0,1.013923e+00,3.904631e-03,-1.042932e-02
5.000000e-02,1.700000e-01,0.0,9.959568e-01,1.461199e-02,-9.123515e-04
6.000000e-02,1.700000e-01,0.0,9.848477e-01,2.922591e-02,5.735908e-03
7.000000e-02,1.700000e-01,0.0,9.793538e-01,4.001390e-02,9.619590e-03
8.000000e-02,1.700000e-01,0.0,9.775548e-01,4.423101e-02,1.171380e-02
9.000000e-02,1.700000e-01,0.0,9.774476e-01,4.493682e-02,1.258053e-02
1.000000e-01,1.700000e-01,0.0,9.781866e-01,4.359439e-02,1.309437e-02
1.100000e-01,1.700000e-01,0.0,9.806094e-01,3.733045e-02,1.228884e-02
1.200000e-01,1.700000e-01,0.0,9.838716e-01,2.834206e-02,1.053387e-02
1.300000e-01,1.700000e-01,0.0,9.866259e-01,2.058174e-02,9.060060e-03
1.400000e-01,1.700000e-01,0.0,9.885020e-01,1.515985e-02,8.219932e-03
1.500000e-01,1.700000e-01,0.0,9.897027e-01,1.152280e-02,7.788021e-03
1.600000e-01,1.700000e-01,0.0,9.904669e-01,8.927667e-03,7.375196e-03
1.700000e-01,1.700000e-01,0.0,9.909587e-01,6.765130e-03,6.765130e-03
1.800000e-01,1.700000e-01,0.0,9.912644e-01,4.646880e-03,5.837267e-03
1.900000e-01,1.700000e-01,0.0,9.914313e-01,2.418348e-03,4.756418e-03
2.000000e-01,1.700000e-01,0.0,9.914660e-01,-6.547879e-09,3.511826e-03
2.100000e-01,1.700000e-01,0.0,9.914313e-01,-2.418352e-03,4.756417e-03
2.200000e-01,1.700000e-01,0.0,9.912644e-01,-4.646836e-03,5.837272e-03
2.300000e-01,1.700000e-01,0.0,9.909586e-01,-6.764983e-03,6.765156e-03
2.400000e-01,1.700000e-01,0.0,9.904669e-01,-8.927445e-03,7.375255e-03
2.500000e-01,1.700000e-01,0.0,9.897026e-01,-1.152262e-02,7.788103e-03
2.600000e-01,1.700000e-01,0.0,9.885023e-01,-1.516062e-02,8.219966e-03
2.700000e-01,1.700000e-01,0.0,9.866276e-01,-2.058682e-02,9.059395e-03
2.800000e-01,1.700000e-01,0.0,9.838768e-01,-2.835826e-02,1.053068e-02
2.900000e-01,1.700000e-01,0.0,9.806197e-01,-3.736363e-02,1.228122e-02
3.000000e-01,1.700000e-01,0.0,9.782005e-01,-4.363893e-02,1.308271e-02
3.100000e-01,1.700000e-01,0.0,9.774529e-01,-4.495379e-02,1.256721e-02
3.200000e-01,1.700000e-01,0.0,9.775122e-01,-4.411069e-02,1.171413e-02
3.300000e-01,1.700000e-01,0.0,9.790561e-01,-3.908064e-02,9.685749e-03
3.400000e-01,1.700000e-01,0.0,9.835818e-01,-2.527134e-02,6.177571e-03
3.500000e-01,1.700000e-01,0.0,9.916851e-01,-1.235887e-03,8.169278e-04
3.600000e-01,1.700000e-01,0.0,1.002687e+00,3.140289e-02,-5.496317e-03
3.700000e-01,1.700000e-01,0.0,1.015176e+00,6.853022e-02,-1.189054e-02
3.800000e-01,1.700000e-01,0.0,1.026500e+00,1.017345e-01,-1.696398e-02
3.900000e-01,1.700000e-01,0.0,1.032954e+00,1.190862e-01,-1.917209e-02
4.000000e-01,1.700000e-01,0.0,1.034622e+00,1.209109e-01,-1.912865e-02
4.100000e-01,1.700000e-01,0.0,1.034649e+00,1.176918e-01,-1.839436e-02
4.200000e-01,1.700000e-01,0.0,1.031554e+00,1.046334e-01,-1.586858e-02
4.300000e-01,1.700000e-01,0.0,1.022699e+00,7.376513e-02,-1.072913e-02
4.400000e-01,1.700000e-01,0.0,1.011212e+00,3.583755e-02,-4.893311e-03
4.500000e-01,1.700000e-01,0.0,1.003723e+00,1.178704e-02,-1.495701e-03
4.600000e-01,1.700000e-01,0.0,1.000995e+00,3.140347e-03,-3.717134e-04
4.700000e-01,1.700000e-01,0.0,1.000269e+00,8.495759e-04,-9.454804e-05
4.800000e-01,1.700000e-01,0.0,1.000078e+00,2.480404e-04,-2.651719e-05
4.900000e-01,1.700000e-01,0.0,1.000023e+00,7.204322e-05,-7.534482e-06
5.000000e-01,1.700000e-01,0.0,1.000006e+00,1.905862e-05,-1.948104e-06
5.100000e-01,1.700000e-01,0.0,1.000001e+00,4.450740e-06,-4.380768e-07
5.200000e-01,1.700000e-01,0.0,1.000000e+00,9.378661e-07,-8.675593e-08
5.300000e-01,1.700000e-01,0.0,1.000000e+00,1.905796e-07,-1.612209e-08
5.400000e-01,1.700000e-01,0.0,1.000000e+00,4.447014e-08,-3.454259e-09
5.500000e-01,1.700000e-01,0.0,1.000000e+00,1.581081e-08,-1.174453e-09
5.600000e-01,1.700000e-01,0.0,1.000000e+00,8.268840e-09,-6.034348e-10
5.700000e-01,1.700000e-01,0.0,1.000000e+00,4.865815e-09,-3.491525e-10
5.800000e-01,1.700000e-01,0.0,1.000000e+00,2.872265e-09,-2.023863e-10
5.900000e-01,1.700000e-01,0.0,1.000000e+00,1.659507e-09,-1.147733e-10
6.000000e-01,1.700000e-01,0.0,1.000000e+00,9.315970e-10,-6.321724e-11
6.100000e-01,1.700000e-01,0.0,1.000000e+00,5.057998e-10,-3.366182e-11
6.200000e-01,1.700000e-01,0.0,1.000000e+00,2.646649e-10,-1.726633e-11
6.300000e-01,1.700000e-01,0.0,1.000000e+00,1.331025e-10,-8.507874e-12
6.400000e-01,1.700000e-01,0.0,1.000000e+00,6.419987e-11,-4.018779e-12
6.500000e-01,1.700000e-01,0.0,1.000000e+00,2.965194e-11,-1.817217e-12
6.600000e-01,1.700000e-01,0.0,1.000000e+00,1.309881e-11,-7.855363e-13
6.700000e-01,1.700000e-01,0.0,1.000000e+00,5.529527e-12,-3.245291e-13
6.800000e-01,1.700000e-01,0.0,1.000000e+00,2.229052e-12,-1.279578e-13
6.900000e-01,1.700000e-01,0.0,1.000000e+00,8.576843e-13,-4.809753e-14
7.000000e-01,1.700000e-01,0.0,1.000000e+00,3.148682e-13,-1.726163e-14
7.100000e-01,1.700000e-01,0.0,1.000000e+00,1.103429e-13,-6.038229e-15
7.200000e-01,1.700000e-01,0.0,1.000000e+00,3.665308e-14,-1.709517e-15
7.300000e-01,1.700000e-01,0.0,1.000000e+00,1.153959e-14,-6.945087e-16
7.400000e-01,1.700000e-01,0.0,1.000000e+00,3.365446e-15,-2.670914e-16
7.500000e-01,1.700000e-01,0.0,1.000000e+00,7.478525e-16,0.000000e+00
7.600000e-01,1.700000e-01,0.0,1.000000e+00,5.341578e-17,0.000000e+00
7.700000e-01,1.700000e-01,0.0,1.000000e+00,0.000000e+00,0.000000e+00
7.800000e-01,1.700000e-01,0.0,1.000000e+00,0.000000e+00,0.000000e+00
7.900000e-01,1.700000e-01,0.0,1.000000e+00,0.000000e+00,0.000000e+00
8.000000e-01,1.700000e-01,0.0,1.000000e+00,0.000000e+00,0.000000e+00
8.100000e-01,1.700000e-01,0.0,1.000000e+00,0.000000e+00,0.000000e+00
8.200000e-01,1.700000e-01,0.0,1.000000e+00,0.000000e+00,0.000000e+00
8.300000e-01,1.700000e-01,0.0,1.000000e+00,0.000000e+00,0.000000e+00
8.400000e-01,1.700000e-01,0.0,1.000000e+00,0.000000e+00,0.000000e+00
8.500000e-01,1.700000e-01,0.0,1.000000e+00,0.000000e+00,0.000000e+00
8.600000e-01,1.700000e-01,0.0,1.000000e+00,0.000000e+00,0.000000e+00
8.700000e-01,1.700000e-01,0.0,1.000000e+00,0.000000e+00,0.000000e+00
8.800000e-01,1.700000e-01,0.0,1.000000e+00,0.000000e+00,0.000000e+00
8.900000e-01,1.700000e-01,0.0,1.000000e+00,0.000000e+00,0.000000e+00
9.000000e-01,1.700000e-01,0.0,1.000000e+00,0.000000e+00,0.000000e+00
9.100000e-01,1.700000e-01,0.0,1.000000e+00,0.000000e+00,0.000000e+00
9.200000e-01,1.700000e-01,0.0,1.000000e+00,0.000000e+00,0.000000e+00
9.300000e-01,1.700000e-01,0.0,1.000000e+00,0.000000e+00,0.000000e+00
9.400000e-01,1.700000e-01,0.0,1.000000e+00,0.000000e+00,0.000000e+00
9.500000e-01,1.700000e-01,0.0,1.000000e+00,0.000000e+00,0.000000e+00
9.600000e-01,1.700000e-01,0.0,1.000000e+00,0.000000e+00,0.000000e+00
9.700000e-01,1.700000e-01,0.0,1.000000e+00,0.000000e+00,0.000000e+00
9.800000e-01,1.700000e-01,0.0,1.000000e+00,0.000000e+00,0.000000e+00
9.900000e-01,1.700000e-01,0.0,1.000000e+00,0.000000e+00,0.000000e+00
1.000000e+00,1.700000e-01,0.0,1.000000e+00,0.000000e+00,0.000000e+00
0.000000e+00,1.800000e-01,0.0,1.069376e+00,2.437407e-03,-2.549143e-02
1.000000e-02,1.800000e-01,0.0,1.066994e+00,8.085971e-04,-2.495710e-02
2.000000e-02,1.800000e-01,0.0,1.056796e+00,2.922123e-03,-2.192354e-02
3.000000e-02,1.800000e-01,0.0,1.036073e+00,9.971789e-03,-1.493142e-02
4.000000e-02,1.800000e-01,0.0,1.013168e+00,1.340238e-02,-6.743452e-03
5.000000e-02,1.800000e-01,0.0,9.949330e-01,2.140967e-02,-1.084221e-04
6.000000e-02,1.800000e-01,0.0,9.840440e-01,3.326947e-02,4.202220e-03
7.000000e-02,1.800000e-01,0.0,9.790381e-01,4.155465e-02,6.747165e-03
8.000000e-02,1.800000e-01,0.0,9.777583e-01,4.429234e-02,7.662219e-03
9.000000e-02,1.800000e-01,0.0,9.777520e-01,4.453415e-02,8.158720e-03
1.000000e-01,1.800000e-01,0.0,9.788066e-01,4.207444e-02,8.367818e-03
1.100000e-01,1.800000e-01,0.0,9.815879e-01,3.448944e-02,7.649365e-03
1.200000e-01,1.800000e-01,0.0,9.848075e-01,2.533657e-02,6.484831e-03
1.300000e-01,1.800000e-01,0.0,9.873419e-01,1.803861e-02,5.641744e-03
1.400000e-01,1.800000e-01,0.0,9.890264e-01,1.310405e-02,5.223655e-03
1.500000e-01,1.800000e-01,0.0,9.901097e-01,9.895309e-03,5.056955e-03
1.600000e-01,1.800000e-01,0.0,9.908061e-01,7.640596e-03,4.923684e-03
1.700000e-01,1.800000e-01,0.0,9.912644e-01,5.837267e-03,4.646880e-03
1.800000e-01,1.800000e-01,0.0,9.915503e-01,4.089687e-03,4.089687e-03
1.900000e-01,1.800000e-01,0.0,9.917058e-01,2.193069e-03,3.362952e-03
2.000000e-01,1.800000e-01,0.0,9.917269e-01,-8.276283e-09,2.453954e-03
2.100000e-01,1.800000e-01,0.0,9.917058e-01,-2.193070e-03,3.362953e-03
2.200000e-01,1.800000e-01,0.0,9.915503e-01,-4.089632e-03,4.089695e-03
2.300000e-01,1.800000e-01,0.0,9.912643e-01,-5.837101e-03,4.646897e-03
2.400000e-01,1.800000e-01,0.0,9.908060e-01,-7.640343e-03,4.923718e-03
2.500000e-01,1.800000e-01,0.0,9.901097e-01,-9.895095e-03,5.057021e-03
2.600000e-01,1.800000e-01,0.0,9.890269e-01,-1.310531e-02,5.223580e-03
2.700000e-01,1.800000e-01,0.0,9.873441e-01,-1.804558e-02,5.641154e-03
2.800000e-01,1.800000e-01,0.0,9.848136e-01,-2.535637e-02,6.482480e-03
2.900000e-01,1.800000e-01,0.0,9.815998e-01,-3.452819e-02,7.643436e-03
3.000000e-01,1.800000e-01,0.0,9.788249e-01,-4.213316e-02,8.354664e-03
3.100000e-01,1.800000e-01,0.0,9.777542e-01,-4.454498e-02,8.146374e-03
3.200000e-01,1.800000e-01,0.0,9.776803e-01,-4.405999e-02,7.688930e-03
3.300000e-01,1.800000e-01,0.0,9.786886e-01,-4.046369e-02,6.806494e-03
3.400000e-01,1.800000e-01,0.0,9.825534e-01,-2.858754e-02,4.570870e-03
3.500000e-01,1.800000e-01,0.0,9.900449e-01,-5.926630e-03,1.226597e-03
3.600000e-01,1.800000e-01,0.0,1.000702e+00,2.601899e-02,-3.096109e-03
3.700000e-01,1.800000e-01,0.0,1.013244e+00,6.347081e-02,-7.323956e-03
3.800000e-01,1.800000e-01,0.0,1.024991e+00,9.830654e-02,-1.093597e-02
3.900000e-01,1.800000e-01,0.0,1.032211e+00,1.181897e-01,-1.266372e-02
4.000000e-01,1.800000e-01,0.0,1.034275e+00,1.212603e-01,-1.273839e-02
4.100000e-01,1.800000e-01,0.0,1.034495e+00,1.185079e-01,-1.232552e-02
4.200000e-01,1.800000e-01,0.0,1.032076e+00,1.074400e-01,-1.097902e-02
4.300000e-01,1.800000e-01,0.0,1.024044e+00,7.900938e-02,-7.565004e-03
4.400000e-01,1.800000e-01,0.0,1.012586e+00,4.060610e-02,-3.705076e-03
4.500000e-01,1.800000e-01,0.0,1.004387e+00,1.399364e-02,-1.186083e-03
4.600000e-01,1.800000e-01,0.0,1.001181e+00,3.752541e-03,-2.954479e-04
4.700000e-01,1.800000e-01,0.0,1.000311e+00,9.890844e-04,-7.286376e-05
4.800000e-01,1.800000e-01,0.0,1.000089e+00,2.823578e-04,-1.984121e-05
4.900000e-01,1.800000e-01,0.0,1.000026e+00,8.186882e-05,-5.606828e-06
5.000000e-01,1.800000e-01,0.0,1.000007e+00,2.193602e-05,-1.467465e-06
5.100000e-01,1.800000e-01,0.0,1.000002e+00,5.196729e-06,-3.337332e-07
5.200000e-01,1.800000e-01,0.0,1.000000e+00,1.102459e-06,-6.610084e-08
5.300000e-01,1.800000e-01,0.0,1.000000e+00,2.224098e-07,-1.223417e-08
5.400000e-01,1.800000e-01,0.0,1.000000e+00,5.019983e-08,-2.567332e-09
5.500000e-01,1.800000e-01,0.0,1.000000e+00,1.696380e-08,-8.348903e-10
5.600000e-01,1.800000e-01,0.0,1.000000e+00,8.658006e-09,-4.199718e-10
5.700000e-01,1.800000e-01,0.0,1.000000e+00,5.075967e-09,-2.423881e-10
5.800000e-01,1.800000e-01,0.0,1.000000e+00,2.999658e-09,-1.407100e-10
5.900000e-01,1.800000e-01,0.0,1.000000e+00,1.736769e-09,-7.997873e-11
6.000000e-01,1.800000e-01,0.0,1.000000e+00,9.774928e-10,-4.417083e-11
6.100000e-01,1.800000e-01,0.0,1.000000e+00,5.322860e-10,-2.359125e-11
6.200000e-01,1.800000e-01,0.0,1.000000e+00,2.794290e-10,-1.214047e-11
6.300000e-01,1.800000e-01,0.0,1.000000e+00,1.410178e-10,-6.002989e-12
6.400000e-01,1.800000e-01,0.0,1.000000e+00,6.826782e-11,-2.846215e-12
6.500000e-01,1.800000e-01,0.0,1.000000e+00,3.165165e-11,-1.291660e-12
6.600000e-01,1.800000e-01,0.0,1.000000e+00,1.403729e-11,-5.606303e-13
6.700000e-01,1.800000e-01,0.0,1.000000e+00,5.949742e-12,-2.324274e-13
6.800000e-01,1.800000e-01,0.0,1.000000e+00,2.408624e-12,-9.225509e-14
6.900000e-01,1.800000e-01,0.0,1.000000e+00,9.308057e-13,-3.452265e-14
7.000000e-01,1.800000e-01,0.0,1.000000e+00,3.431405e-13,-1.261231e-14
7.100000e-01,1.800000e-01,0.0,1.000000e+00,1.206047e-13,-4.327758e-15
7.200000e-01,1.800000e-01,0.0,1.000000e+00,4.028642e-14,-1.335515e-15
7.300000e-01,1.800000e-01,0.0,1.000000e+00,1.276834e-14,-5.876576e-16
7.400000e-01,1.800000e-01,0.0,1.000000e+00,3.953103e-15,0.000000e+00
7.500000e-01,1.800000e-01,0.0,1.000000e+00,8.012770e-16,0.000000e+00
7.600000e-01,1.800000e-01,0.0,1.000000e+00,5.341578e-17,0.000000e+00
7.700000e-01,1.800000e-01,0.0,1.000000e+00,0.000000e+00,0.000000e+00
7.800000e-01,1.800000e-01,0.0,1.000000e+00,0.000000e+00,0.000000e+00
7.900000e-01,1.800000e-01,0.0,1.000000e+00,0.000000e+00,0.000000e+00
8.000000e-01,1.800000e-01,0.0,1.000000e+00,0.000000e+00,0.000000e+00
8.100000e-01,1.800000e-01,0.0,1.000000e+00,0.000000e+00,0.000000e+00
8.200000e-01,1.800000e-01,0.0,1.000000e+00,0.000000e+00,0.000000e+00
8.300000e-01,1.800000e-01,0.0,1.000000e+00,0.000000e+00,0.000000e+00
8.400000e-01,1.800000e-01,0.0,1.000000e+00,0.000000e+00,0.000000e+00
8.500000e-01,1.800000e-01,0.0,1.000000e+00,0.000000e+00,0.000000e+00
8.600000e-01,1.800000e-01,0.0,1.000000e+00,0.000000e+00,0.000000e+00
8.700000e-01,1.800000e-01,0.0,1.000000e+00,0.000000e+00,0.000000e+00
8.800000e-01,1.800000e-01,0.0,1.000000e+00,0.000000e+00,0.000000e+00
8.900000e-01,1.800000e-01,0.0,1.000000e+00,0.000000e+00,0.000000e+00
9.000000e-01,1.800000e-01,0.0,1.000000e+00,0.000000e+00,0.000000e+00
9.100000e-01,1.800000e-01,0.0,1.000000e+00,0.000000e+00,0.000000e+00
9.200000e-01,1.800000e-01,0.0,1.000000e+00,0.000000e+00,0.000000e+00
9.300000e-01,1.800000e-01,0.0,1.000000e+00,0.000000e+00,0.000000e+00
9.400000e-01,1.800000e-01,0.0,1.000000e+00,0.000000e+00,0.000000e+00
9.500000e-01,1.800000e-01,0.0,1.000000e+00,0.000000e+00,0.000000e+00
9.600000e-01,1.800000e-01,0.0,1.000000e+00,0.000000e+00,0.000000e+00
9.700000e-01,1.800000e-01,0.0,1.000000e+00,0.000000e+00,0.000000e+00
9.800000e-01,1.800000e-01,0.0,1.000000e+00,0.000000e+00,0.000000e+00
9.900000e-01,1.800000e-01,0.0,1.000000e+00,0.000000e+00,0.000000e+00
1.000000e+00,1.800000e-01,0.0,1.000000e+00,0.000000e+00,0.000000e+00
0.000000e+00,1.900000e-01,0.0,1.068809e+00,2.414308e-03,-1.266061e-02
1.000000e-02,1.900000e-01,0.0,1.066545e+00,1.863927e-03,-1.241342e-02
2.000000e-02,1.900000e-01,0.0,1.056190e+00,6.756613e-03,-1.089833e-02
3.000000e-02,1.900000e-01,0.0,1.035587e+00,1.562880e-02,-7.446100e-03
4.000000e-02,1.900000e-01,0.0,1.012681e+00,1.899000e-02,-3.389921e-03
5.000000e-02,1.900000e-01,0.0,9.943496e-01,2.556738e-02,-5.844754e-06
6.000000e-02,1.900000e-01,0.0,9.836055e-01,3.551055e-02,2.251711e-03
7.000000e-02,1.900000e-01,0.0,9.790071e-01,4.197465e-02,3.438494e-03
8.000000e-02,1.900000e-01,0.0,9.779028e-01,4.398876e-02,3.735611e-03
9.000000e-02,1.900000e-01,0.0,9.779349e-01,4.400850e-02,3.966292e-03
1.000000e-01,1.900000e-01,0.0,9.791923e-01,4.072589e-02,4.040708e-03
1.100000e-01,1.900000e-01,0.0,9.821660e-01,3.234770e-02,3.626067e-03
1.200000e-01,1.900000e-01,0.0,9.853370e-01,2.312333e-02,3.030926e-03
1.300000e-01,1.900000e-01,0.0,9.877373e-01,1.603516e-02,2.643494e-03
1.400000e-01,1.900000e-01,0.0,9.893234e-01,1.129144e-02,2.501859e-03
1.500000e-01,1.900000e-01,0.0,9.903422e-01,8.299019e-03,2.486249e-03
1.600000e-01,1.900000e-01,0.0,9.909946e-01,6.273945e-03,2.482118e-03
1.700000e-01,1.900000e-01,0.0,9.914313e-01,4.756418e-03,2.418348e-03
1.800000e-01,1.900000e-01,0.0,9.917058e-01,3.362952e-03,2.193069e-03
1.900000e-01,1.900000e-01,0.0,9.918538e-01,1.851007e-03,1.851007e-03
2.000000e-01,1.900000e-01,0.0,9.918646e-01,-8.677902e-09,1.374497e-03
2.100000e-01,1.900000e-01,0.0,9.918538e-01,-1.851007e-03,1.851009e-03
2.200000e-01,1.900000e-01,0.0,9.917058e-01,-3.362897e-03,2.193076e-03
2.300000e-01,1.900000e-01,0.0,9.914313e-01,-4.756254e-03,2.418361e-03
2.400000e-01,1.900000e-01,0.0,9.909945e-01,-6.273638e-03,2.482124e-03
2.500000e-01,1.900000e-01,0.0,9.903421e-01,-8.298705e-03,2.486285e-03
2.600000e-01,1.900000e-01,0.0,9.893239e-01,-1.129305e-02,2.501683e-03
2.700000e-01,1.900000e-01,0.0,9.877397e-01,-1.604281e-02,2.643440e-03
2.800000e-01,1.900000e-01,0.0,9.853438e-01,-2.314502e-02,3.029896e-03
2.900000e-01,1.900000e-01,0.0,9.821809e-01,-3.239544e-02,3.621371e-03
3.000000e-01,1.900000e-01,0.0,9.792136e-01,-4.079644e-02,4.030062e-03
3.100000e-01,1.900000e-01,0.0,9.779257e-01,-4.398968e-02,3.964023e-03
3.200000e-01,1.900000e-01,0.0,9.778106e-01,-4.370000e-02,3.758709e-03
3.300000e-01,1.900000e-01,0.0,9.786263e-01,-4.078049e-02,3.459901e-03
3.400000e-01,1.900000e-01,0.0,9.819652e-01,-3.030393e-02,2.440548e-03
3.500000e-01,1.900000e-01,0.0,9.890630e-01,-8.736876e-03,6.247535e-04
3.600000e-01,1.900000e-01,0.0,9.995783e-01,2.296391e-02,-1.243083e-03
3.700000e-01,1.900000e-01,0.0,1.012097e+00,6.060068e-02,-3.485324e-03
3.800000e-01,1.900000e-01,0.0,1.024055e+00,9.615714e-02,-5.340100e-03
3.900000e-01,1.900000e-01,0.0,1.031719e+00,1.175339e-01,-6.286043e-03
4.000000e-01,1.900000e-01,0.0,1.034065e+00,1.214735e-01,-6.375854e-03
4.100000e-01,1.900000e-01,0.0,1.034381e+00,1.189627e-01,-6.164476e-03
4.200000e-01,1.900000e-01,0.0,1.032277e+00,1.088535e-01,-5.584216e-03
4.300000e-01,1.900000e-01,0.0,1.024866e+00,8.206660e-02,-4.160153e-03
4.400000e-01,1.900000e-01,0.0,1.013460e+00,4.371711e-02,-2.009825e-03
4.500000e-01,1.900000e-01,0.0,1.004831e+00,1.549215e-02,-6.796955e-04
4.600000e-01,1.900000e-01,0.0,1.001311e+00,4.180568e-03,-1.734364e-04
4.700000e-01,1.900000e-01,0.0,1.000341e+00,1.086436e-03,-4.197444e-05
4.800000e-01,1.900000e-01,0.0,1.000096e+00,3.055412e-04,-1.113151e-05
4.900000e-01,1.900000e-01,0.0,1.000028e+00,8.831186e-05,-3.104675e-06
5.000000e-01,1.900000e-01,0.0,1.000007e+00,2.382174e-05,-8.100244e-07
5.100000e-01,1.900000e-01,0.0,1.000002e+00,5.694246e-06,-1.822199e-07
5.200000e-01,1.900000e-01,0.0,1.000000e+00,1.213861e-06,-3.522019e-08
5.300000e-01,1.900000e-01,0.0,1.000000e+00,2.440716e-07,-6.548060e-09
5.400000e-01,1.900000e-01,0.0,1.000000e+00,5.409135e-08,-1.373005e-09
5.500000e-01,1.900000e-01,0.0,1.000000e+00,1.772835e-08,-4.337846e-10
5.600000e-01,1.900000e-01,0.0,1.000000e+00,8.904084e-09,-2.151639e-10
5.700000e-01,1.900000e-01,0.0,1.000000e+00,5.206277e-09,-1.240540e-10
5.800000e-01,1.900000e-01,0.0,1.000000e+00,3.078497e-09,-7.210687e-11
5.900000e-01,1.900000e-01,0.0,1.000000e+00,1.784635e-09,-4.104889e-11
6.000000e-01,1.900000e-01,0.0,1.000000e+00,1.005976e-09,-2.270921e-11
6.100000e-01,1.900000e-01,0.0,1.000000e+00,5.487591e-10,-1.215122e-11
6.200000e-01,1.900000e-01,0.0,1.000000e+00,2.886352e-10,-6.265587e-12
6.300000e-01,1.900000e-01,0.0,1.000000e+00,1.459671e-10,-3.104905e-12
6.400000e-01,1.900000e-01,0.0,1.000000e+00,7.081921e-11,-1.475251e-12
6.500000e-01,1.900000e-01,0.0,1.000000e+00,3.290980e-11,-6.708930e-13
6.600000e-01,1.900000e-01,0.0,1.000000e+00,1.463024e-11,-2.918694e-13
6.700000e-01,1.900000e-01,0.0,1.000000e+00,6.215971e-12,-1.211846e-13
6.800000e-01,1.900000e-01,0.0,1.000000e+00,2.522288e-12,-4.837466e-14
6.900000e-01,1.900000e-01,0.0,1.000000e+00,9.771525e-13,-1.816887e-14
7.000000e-01,1.900000e-01,0.0,1.000000e+00,3.613117e-13,-6.518958e-15
7.100000e-01,1.900000e-01,0.0,1.000000e+00,1.273913e-13,-2.351151e-15
7.200000e-01,1.900000e-01,0.0,1.000000e+00,4.274472e-14,-6.410176e-16
7.300000e-01,1.900000e-01,0.0,1.000000e+00,1.378358e-14,-1.602506e-16
7.400000e-01,1.900000e-01,0.0,1.000000e+00,4.113359e-15,0.000000e+00
7.500000e-01,1.900000e-01,0.0,1.000000e+00,8.012770e-16,0.000000e+00
7.600000e-01,1.900000e-01,0.0,1.000000e+00,5.341578e-17,0.000000e+00
7.700000e-01,1.900000e-01,0.0,1.000000e+00,0.000000e+00,0.000000e+00
7.800000e-01,1.900000e-01,0.0,1.000000e+00,0.000000e+00,0.000000e+00
7.900000e-01,1.900000e-01,0.0,1.000000e+00,0.000000e+00,0.000000e+00
8.000000e-01,1.900000e-01,0.0,1.000000e+00,0.000000e+00,0.000000e+00
8.100000e-01,1.900000e-01,0.0,1.000000e+00,0.000000e+00,0.000000e+00
8.200000e-01,1.900000e-01,0.0,1.000000e+00,0.000000e+00,0.000000e+00
8.300000e-01,1.900000e-01,0.0,1.000000e+00,0.000000e+00,0.000000e+00
8.400000e-01,1.900000e-01,0.0,1.000000e+00,0.000000e+00,0.000000e+00
8.500000e-01,1.900000e-01,0.0,1.000000e+00,0.000000e+00,0.000000e+00
8.600000e-01,1.900000e-01,0.0,1.000000e+00,0.000000e+00,0.000000e+00
8.700000e-01,1.900000e-01,0.0,1.000000e+00,0.000000e+00,0.000000e+00
8.800000e-01,1.900000e-01,0.0,1.000000e+00,0.000000e+00,0.000000e+00
8.900000e-01,1.900000e-01,0.0,1.000000e+00,0.000000e+00,0.000000e+00
9.000000e-01,1.900000e-01,0.0,1.000000e+00,0.000000e+00,0.000000e+00
9.100000e-01,1.900000e-01,0.0,1.000000e+00,0.000000e+00,0.000000e+00
9.200000e-01,1.900000e-01,0.0,1.000000e+00,0.000000e+00,0.000000e+00
9.300000e-01,1.900000e-01,0.0,1.000000e+00,0.000000e+00,0.000000e+00
9.400000e-01,1.900000e-01,0.0,1.000000e+00,0.000000e+00,0.000000e+00
9.500000e-01,1.900000e-01,0.0,1.000000e+00,0.000000e+00,0.000000e+00
9.600000e-01,1.900000e-01,0.0,1.000000e+00,0.000000e+00,0.000000e+00
9.700000e-01,1.900000e-01,0.0,1.000000e+00,0.000000e+00,0.000000e+00
9.800000e-01,1.900000e-01,0.0,1.000000e+00,0.000000e+00,0.000000e+00
9.900000e-01,1.900000e-01,0.0,1.000000e+00,0.000000e+00,0.000000e+00
1.000000e+00,1.900000e-01,0.0,1.000000e+00,0.000000e+00,0.000000e+00
0.000000e+00,2.000000e-01,0.0,1.068630e+00,2.409212e-03,3.527401e-12
1.000000e-02,2.000000e-01,0.0,1.066401e+00,2.212464e-03,3.454855e-12
2.000000e-02,2.000000e-01,0.0,1.055980e+00,8.042691e-03,1.210656e-11
3.000000e-02,2.000000e-01,0.0,1.035419e+00,1.748518e-02,2.551619e-11
4.000000e-02,2.000000e-01,0.0,1.012507e+00,2.078990e-02,4.104272e-11
5.000000e-02,2.000000e-01,0.0,9.941907e-01,2.720711e-02,1.871932e-11
6.000000e-02,2.000000e-01,0.0,9.834427e-01,3.634857e-02,1.822629e-11
7.000000e-02,2.000000e-01,0.0,9.790297e-01,4.206620e-02,-5.281160e-11
8.000000e-02,2.000000e-01,0.0,9.779564e-01,4.384114e-02,-2.442874e-10
9.000000e-02,2.000000e-01,0.0,9.780000e-01,4.376316e-02,-4.584819e-10
1.000000e-01,2.000000e-01,0.0,9.793420e-01,4.006088e-02,-7.994132e-10
1.100000e-01,2.000000e-01,0.0,9.823809e-01,3.125356e-02,-1.562062e-09
1.200000e-01,2.000000e-01,0.0,9.855316e-01,2.182583e-02,-2.743263e-09
1.300000e-01,2.000000e-01,0.0,9.878840e-01,1.461356e-02,-2.790314e-09
1.400000e-01,2.000000e-01,0.0,9.894345e-01,9.760885e-03,-1.689047e-09
1.500000e-01,2.000000e-01,0.0,9.904209e-01,6.732410e-03,-2.146117e-09
1.600000e-01,2.000000e-01,0.0,9.910508e-01,4.827437e-03,-4.545831e-09
1.700000e-01,2.000000e-01,0.0,9.914660e-01,3.511826e-03,-6.547880e-09
1.800000e-01,2.000000e-01,0.0,9.917269e-01,2.453954e-03,-8.276283e-09
1.900000e-01,2.000000e-01,0.0,9.918646e-01,1.374497e-03,-8.677902e-09
2.000000e-01,2.000000e-01,0.0,9.918688e-01,-1.030512e-08,-1.030512e-08
2.100000e-01,2.000000e-01,0.0,9.918646e-01,-1.374494e-03,-8.677871e-09
2.200000e-01,2.000000e-01,0.0,9.917269e-01,-2.453883e-03,-8.276353e-09
2.300000e-01,2.000000e-01,0.0,9.914660e-01,-3.511642e-03,-6.547939e-09
2.400000e-01,2.000000e-01,0.0,9.910507e-01,-4.827153e-03,-4.545821e-09
2.500000e-01,2.000000e-01,0.0,9.904209e-01,-6.732541e-03,-2.145790e-09
2.600000e-01,2.000000e-01,0.0,9.894352e-01,-9.763119e-03,-1.688725e-09
2.700000e-01,2.000000e-01,0.0,9.878861e-01,-1.462006e-02,-2.791680e-09
2.800000e-01,2.000000e-01,0.0,9.855389e-01,-2.184911e-02,-2.743993e-09
2.900000e-01,2.000000e-01,0.0,9.823974e-01,-3.130802e-02,-1.561986e-09
3.000000e-01,2.000000e-01,0.0,9.793620e-01,-4.013136e-02,-8.001546e-10
3.100000e-01,2.000000e-01,0.0,9.779862e-01,-4.372843e-02,-4.599396e-10
3.200000e-01,2.000000e-01,0.0,9.778674e-01,-4.356316e-02,-2.338194e-10
3.300000e-01,2.000000e-01,0.0,9.786292e-01,-4.080887e-02,-6.036167e-11
3.400000e-01,2.000000e-01,0.0,9.817394e-01,-3.096264e-02,1.826101e-11
3.500000e-01,2.000000e-01,0.0,9.887070e-01,-9.851916e-03,1.944318e-11
3.600000e-01,2.000000e-01,0.0,9.992600e-01,2.207308e-02,1.801253e-11
3.700000e-01,2.000000e-01,0.0,1.011695e+00,5.966631e-02,2.789126e-11
3.800000e-01,2.000000e-01,0.0,1.023732e+00,9.545558e-02,1.385367e-11
3.900000e-01,2.000000e-01,0.0,1.031542e+00,1.173498e-01,4.384877e-12
4.000000e-01,2.000000e-01,0.0,1.033994e+00,1.216271e-01,6.869140e-13
4.100000e-01,2.000000e-01,0.0,1.034345e+00,1.191942e-01,-4.629566e-13
4.200000e-01,2.000000e-01,0.0,1.032313e+00,1.092919e-01,-4.782377e-13
4.300000e-01,2.000000e-01,0.0,1.025069e+00,8.298080e-02,-1.191373e-13
4.400000e-01,2.000000e-01,0.0,1.013857e+00,4.504898e-02,5.602952e-15
4.500000e-01,2.000000e-01,0.0,1.005078e+00,1.633024e-02,2.113986e-16
4.600000e-01,2.000000e-01,0.0,1.001388e+00,4.440915e-03,-8.557376e-16
4.700000e-01,2.000000e-01,0.0,1.000359e+00,1.146590e-03,-1.600824e-16
4.800000e-01,2.000000e-01,0.0,1.000100e+00,3.197845e-04,1.602411e-16
4.900000e-01,2.000000e-01,0.0,1.000029e+00,9.214596e-05,-9.403736e-21
5.000000e-01,2.000000e-01,0.0,1.000008e+00,2.488806e-05,5.341839e-17
5.100000e-01,2.000000e-01,0.0,1.000002e+00,5.960361e-06,-1.602440e-16
5.200000e-01,2.000000e-01,0.0,1.000000e+00,1.269260e-06,0.000000e+00
5.300000e-01,2.000000e-01,0.0,1.000000e+00,2.537455e-07,0.000000e+00
5.400000e-01,2.000000e-01,0.0,1.000000e+00,5.562170e-08,0.000000e+00
5.500000e-01,2.000000e-01,0.0,1.000000e+00,1.799457e-08,0.000000e+00
5.600000e-01,2.000000e-01,0.0,1.000000e+00,8.984451e-09,0.000000e+00
5.700000e-01,2.000000e-01,0.0,1.000000e+00,5.249193e-09,0.000000e+00
5.800000e-01,2.000000e-01,0.0,1.000000e+00,3.104815e-09,0.000000e+00
5.900000e-01,2.000000e-01,0.0,1.000000e+00,1.800730e-09,0.000000e+00
6.000000e-01,2.000000e-01,0.0,1.000000e+00,1.015593e-09,0.000000e+00
6.100000e-01,2.000000e-01,0.0,1.000000e+00,5.543367e-10,0.000000e+00
6.200000e-01,2.000000e-01,0.0,1.000000e+00,2.917589e-10,0.000000e+00
6.300000e-01,2.000000e-01,0.0,1.000000e+00,1.476496e-10,0.000000e+00
6.400000e-01,2.000000e-01,0.0,1.000000e+00,7.168804e-11,0.000000e+00
6.500000e-01,2.000000e-01,0.0,1.000000e+00,3.333900e-11,0.000000e+00
6.600000e-01,2.000000e-01,0.0,1.000000e+00,1.483240e-11,0.000000e+00
6.700000e-01,2.000000e-01,0.0,1.000000e+00,6.307138e-12,0.000000e+00
6.800000e-01,2.000000e-01,0.0,1.000000e+00,2.561740e-12,0.000000e+00
6.900000e-01,2.000000e-01,0.0,1.000000e+00,9.931347e-13,0.000000e+00
7.000000e-01,2.000000e-01,0.0,1.000000e+00,3.676195e-13,0.000000e+00
7.100000e-01,2.000000e-01,0.0,1.000000e+00,1.295818e-13,0.000000e+00
7.200000e-01,2.000000e-01,0.0,1.000000e+00,4.349263e-14,0.000000e+00
7.300000e-01,2.000000e-01,0.0,1.000000e+00,1.394384e-14,0.000000e+00
7.400000e-01,2.000000e-01,0.0,1.000000e+00,4.113365e-15,0.000000e+00
7.500000e-01,2.000000e-01,0.0,1.000000e+00,9.081086e-16,0.000000e+00
7.600000e-01,2.000000e-01,0.0,1.000000e+00,5.341578e-17,0.000000e+00
7.700000e-01,2.000000e-01,0.0,1.000000e+00,0.000000e+00,0.000000e+00
7.800000e-01,2.000000e-01,0.0,1.000000e+00,0.000000e+00,0.000000e+00
7.900000e-01,2.000000e-01,0.0,1.000000e+00,0.000000e+00,0.000000e+00
8.000000e-01,2.000000e-01,0.0,1.000000e+00,0.000000e+00,0.000000e+00
8.100000e-01,2.000000e-01,0.0,1.000000e+00,0.000000e+00,0.000000e+00
8.200000e-01,2.000000e-01,0.0,1.000000e+00,0.000000e+00,0.000000e+00
8.300000e-01,2.000000e-01,0.0,1.000000e+00,0.000000e+00,0.000000e+00
8.400000e-01,2.000000e-01,0.0,1.000000e+00,0.000000e+00,0.000000e+00
8.500000e-01,2.000000e-01,0.0,1.000000e+00,0.000000e+00,0.000000e+00
8.600000e-01,2.000000e-01,0.0,1.000000e+00,0.000000e+00,0.000000e+00
8.700000e-01,2.000000e-01,0.0,1.000000e+00,0.000000e+00,0.000000e+00
8.800000e-01,2.000000e-01,0.0,1.000000e+00,0.000000e+00,0.000000e+00
8.900000e-01,2.000000e-01,0.0,1.000000e+00,0.000000e+00,0.000000e+00
9.000000e-01,2.000000e-01,0.0,1.000000e+00,0.000000e+00,0.000000e+00
9.100000e-01,2.000000e-01,0.0,1.000000e+00,0.000000e+00,0.000000e+00
9.200000e-01,2.000000e-01,0.0,1.000000e+00,0.000000e+00,0.000000e+00
9.300000e-01,2.000000e-01,0.0,1.000000e+00,0.000000e+00,0.000000e+00
9.400000e-01,2.000000e-01,0.0,1.000000e+00,0.000000e+00,0.000000e+00
9.500000e-01,2.000000e-01,0.0,1.000000e+00,0.000000e+00,0.000000e+00
9.600000e-01,2.000000e-01,0.0,1.000000e+00,0.000000e+00,0.000000e+00
9.700000e-01,2.000000e-01,0.0,1.000000e+00,0.000000e+00,0.000000e+00
9.800000e-01,2.000000e-01,0.0,1.000000e+00,0.000000e+00,0.000000e+00
9.900000e-01,2.000000e-01,0.0,1.000000e+00,0.000000e+00,0.000000e+00
1.000000e+00,2.000000e-01,0.0,1.000000e+00,0.000000e+00,0.000000e+00
0.000000e+00,2.100000e-01,0.0,1.068809e+00,2.414308e-03,1.266061e-02
1.000000e-02,2.100000e-01,0.0,1.066545e+00,1.863927e-03,1.241342e-02
2.000000e-02,2.100000e-01,0.0,1.056190e+00,6.756613e-03,1.089833e-02
3.000000e-02,2.100000e-01,0.0,1.035587e+00,1.562880e-02,7.446100e-03
4.000000e-02,2.100000e-01,0.0,1.012681e+00,1.899000e-02,3.389921e-03
5.000000e-02,2.100000e-01,0.0,9.943496e-01,2.556738e-02,5.844746e-06
6.000000e-02,2.100000e-01,0.0,9.836055e-01,3.551055e-02,-2.251711e-03
7.000000e-02,2.100000e-01,0.0,9.790071e-01,4.197465e-02,-3.438495e-03
8.000000e-02,2.100000e-01,0.0,9.779028e-01,4.398876e-02,-3.735611e-03
9.000000e-02,2.100000e-01,0.0,9.779349e-01,4.400850e-02,-3.966293e-03
1.000000e-01,2.100000e-01,0.0,9.791923e-01,4.072588e-02,-4.040710e-03
1.100000e-01,2.100000e-01,0.0,9.821660e-01,3.234770e-02,-3.626070e-03
1.200000e-01,2.100000e-01,0.0,9.853370e-01,2.312333e-02,-3.030930e-03
1.300000e-01,2.100000e-01,0.0,9.877373e-01,1.603516e-02,-2.643497e-03
1.400000e-01,2.100000e-01,0.0,9.893234e-01,1.129144e-02,-2.501862e-03
1.500000e-01,2.100000e-01,0.0,9.903422e-01,8.299018e-03,-2.486249e-03
1.600000e-01,2.100000e-01,0.0,9.909946e-01,6.273943e-03,-2.482119e-03
1.700000e-01,2.100000e-01,0.0,9.914313e-01,4.756417e-03,-2.418352e-03
1.800000e-01,2.100000e-01,0.0,9.917058e-01,3.362953e-03,-2.193070e-03
1.900000e-01,2.100000e-01,0.0,9.918538e-01,1.851009e-03,-1.851007e-03
2.000000e-01,2.100000e-01,0.0,9.918646e-01,-8.677871e-09,-1.374494e-03
2.100000e-01,2.100000e-01,0.0,9.918538e-01,-1.851008e-03,-1.851008e-03
2.200000e-01,2.100000e-01,0.0,9.917058e-01,-3.362898e-03,-2.193078e-03
2.300000e-01,2.100000e-01,0.0,9.914313e-01,-4.756253e-03,-2.418365e-03
2.400000e-01,2.100000e-01,0.0,9.909945e-01,-6.273636e-03,-2.482125e-03
2.500000e-01,2.100000e-01,0.0,9.903421e-01,-8.298703e-03,-2.486284e-03
2.600000e-01,2.100000e-01,0.0,9.893239e-01,-1.129305e-02,-2.501686e-03
2.700000e-01,2.100000e-01,0.0,9.877397e-01,-1.604281e-02,-2.643443e-03
2.800000e-01,2.100000e-01,0.0,9.853438e-01,-2.314502e-02,-3.029899e-03
2.900000e-01,2.100000e-01,0.0,9.821809e-01,-3.239544e-02,-3.621374e-03
3.000000e-01,2.100000e-01,0.0,9.792136e-01,-4.079644e-02,-4.030064e-03
3.100000e-01,2.100000e-01,0.0,9.779257e-01,-4.398968e-02,-3.964024e-03
3.200000e-01,2.100000e-01,0.0,9.778106e-01,-4.370000e-02,-3.758709e-03
3.300000e-01,2.100000e-01,0.0,9.786263e-01,-4.078049e-02,-3.459901e-03
3.400000e-01,2.100000e-01,0.0,9.819652e-01,-3.030393e-02,-2.440548e-03
3.500000e-01,2.100000e-01,0.0,9.890630e-01,-8.736876e-03,-6.247535e-04
3.600000e-01,2.100000e-01,0.0,9.995783e-01,2.296391e-02,1.243083e-03
3.700000e-01,2.100000e-01,0.0,1.012097e+00,6.060068e-02,3.485324e-03
3.800000e-01,2.100000e-01,0.0,1.024055e+00,9.615714e-02,5.340100e-03
3.900000e-01,2.100000e-01,0.0,1.031719e+00,1.175339e-01,6.286043e-03
4.000000e-01,2.100000e-01,0.0,1.034065e+00,1.214735e-01,6.375854e-03
4.100000e-01,2.100000e-01,0.0,1.034381e+00,1.189627e-01,6.164476e-03
4.200000e-01,2.100000e-01,0.0,1.032277e+00,1.088535e-01,5.584216e-03
4.300000e-01,2.100000e-01,0.0,1.024866e+00,8.206660e-02,4.160153e-03
4.400000e-01,2.100000e-01,0.0,1.013460e+00,4.371711e-02,2.009825e-03
4.500000e-01,2.100000e-01,0.0,1.004831e+00,1.549215e-02,6.796955e-04
4.600000e-01,2.100000e-01,0.0,1.001311e+00,4.180568e-03,1.734364e-04
4.700000e-01,2.100000e-01,0.0,1.000341e+00,1.086436e-03,4.197444e-05
4.800000e-01,2.100000e-01,0.0,1.000096e+00,3.055412e-04,1.113151e-05
4.900000e-01,2.100000e-01,0.0,1.000028e+00,8.831186e-05,3.104675e-06
5.000000e-01,2.100000e-01,0.0,1.000007e+00,2.382174e-05,8.100244e-07
5.100000e-01,2.100000e-01,0.0,1.000002e+00,5.694246e-06,1.822199e-07
5.200000e-01,2.100000e-01,0.0,1.000000e+00,1.213861e-06,3.522019e-08
5.300000e-01,2.100000e-01,0.0,1.000000e+00,2.440716e-07,6.548060e-09
5.400000e-01,2.100000e-01,0.0,1.000000e+00,5.409135e-08,1.373005e-09
5.500000e-01,2.100000e-01,0.0,1.000000e+00,1.772835e-08,4.337846e-10
5.600000e-01,2.100000e-01,0.0,1.000000e+00,8.904084e-09,2.151639e-10
5.700000e-01,2.100000e-01,0.0,1.000000e+00,5.206277e-09,1.240540e-10
5.800000e-01,2.100000e-01,0.0,1.000000e+00,3.078497e-09,7.210687e-11
5.900000e-01,2.100000e-01,0.0,1.000000e+00,1.784635e-09,4.104889e-11
6.000000e-01,2.100000e-01,0.0,1.000000e+00,1.005976e-09,2.270921e-11
6.100000e-01,2.100000e-01,0.0,1.000000e+00,5.487591e-10,1.215122e-11
6.200000e-01,2.100000e-01,0.0,1.000000e+00,2.886352e-10,6.265587e-12
6.300000e-01,2.100000e-01,0.0,1.000000e+00,1.459671e-10,3.104905e-12
6.400000e-01,2.100000e-01,0.0,1.000000e+00,7.081921e-11,1.475251e-12
6.500000e-01,2.100000e-01,0.0,1.000000e+00,3.290980e-11,6.708930e-13
6.600000e-01,2.100000e-01,0.0,1.000000e+00,1.463024e-11,2.918694e-13
6.700000e-01,2.100000e-01,0.0,1.000000e+00,6.215971e-12,1.211846e-13
6.800000e-01,2.100000e-01,0.0,1.000000e+00,2.522288e-12,4.837466e-14
6.900000e-01,2.100000e-01,0.0,1.000000e+00,9.771525e-13,1.816887e-14
7.000000e-01,2.100000e-01,0.0,1.000000e+00,3.613117e-13,6.518958e-15
7.100000e-01,2.100000e-01,0.0,1.000000e+00,1.273913e-13,2.351151e-15
7.200000e-01,2.100000e-01,0.0,1.000000e+00,4.274472e-14,6.410176e-16
7.300000e-01,2.100000e-01,0.0,1.000000e+00,1.378358e-14,1.602506e-16
7.400000e-01,2.100000e-01,0.0,1.000000e+00,4.113359e-15,0.000000e+00
7.500000e-01,2.100000e-01,0.0,1.000000e+00,8.012770e-16,0.000000e+00
7.600000e-01,2.100000e-01,0.0,1.000000e+00,5.341578e-17,0.000000e+00
7.700000e-01,2.100000e-01,0.0,1.000000e+00,0.000000e+00,0.000000e+00
7.800000e-01,2.100000e-01,0.0,1.000000e+00,0.000000e+00,0.000000e+00
7.900000e-01,2.100000e-01,0.0,1.000000e+00,0.000000e+00,0.000000e+00
8.000000e-01,2.100000e-01,0.0,1.000000e+00,0.000000e+00,0.000000e+00
8.100000e-01,2.100000e-01,0.0,1.000000e+00,0.000000e+00,0.000000e+00
8.200000e-01,2.100000e-01,0.0,1.000000e+00,0.000000e+00,0.000000e+00
8.300000e-01,2.100000e-01,0.0,1.000000e+00,0.000000e+00,0.000000e+00
8.400000e-01,2.100000e-01,0.0,1.000000e+00,0.000000e+00,0.000000e+00
8.500000e-01,2.100000e-01,0.0,1.000000e+00,0.000000e+00,0.000000e+00
8.600000e-01,2.100000e-01,0.0,1.000000e+00,0.000000e+00,0.000000e+00
8.700000e-01,2.100000e-01,0.0,1.000000e+00,0.000000e+00,0.000000e+00
8.800000e-01,2.100000e-01,0.0,1.000000e+00,0.000000e+00,0.000000e+00
8.900000e-01,2.100000e-01,0.0,1.000000e+00,0.000000e+00,0.000000e+00
9.000000e-01,2.100000e-01,0.0,1.000000e+00,0.000000e+00,0.000000e+00
9.100000e-01,2.100000e-01,0.0,1.000000e+00,0.000000e+00,0.000000e+00
9.200000e-01,2.100000e-01,0.0,1.000000e+00,0.000000e+00,0.000000e+00
9.300000e-01,2.100000e-01,0.0,1.000000e+00,0.000000e+00,0.000000e+00
9.400000e-01,2.100000e-01,0.0,1.000000e+00,0.000000e+00,0.000000e+00
9.500000e-01,2.100000e-01,0.0,1.000000e+00,0.000000e+00,0.000000e+00
9.600000e-01,2.100000e-01,0.0,1.000000e+00,0.000000e+00,0.000000e+00
9.700000e-01,2.100000e-01,0.0,1.000000e+00,0.000000e+00,0.000000e+00
9.800000e-01,2.100000e-01,0.0,1.000000e+00,0.000000e+00,0.000000e+00
9.900000e-01,2.100000e-01,0.0,1.000000e+00,0.000000e+00,0.000000e+00
1.000000e+00,2.100000e-01,0.0,1.000000e+00,0.000000e+00,0.000000e+00
0.000000e+00,2.200000e-01,0.0,1.069376e+00,2.437407e-03,2.549143e-02
1.000000e-02,2.200000e-01,0.0,1.066994e+00,8.085971e-04,2.495710e-02
2.000000e-02,2.200000e-01,0.0,1.056796e+00,2.922123e-03,2.192354e-02
3.000000e-02,2.200000e-01,0.0,1.036073e+00,9.971789e-03,1.493142e-02
4.000000e-02,2.200000e-01,0.0,1.013168e+00,1.340238e-02,6.743452e-03
5.000000e-02,2.200000e-01,0.0,9.949330e-01,2.140967e-02,1.084218e-04
6.000000e-02,2.200000e-01,0.0,9.840440e-01,3.326947e-02,-4.202220e-03
7.000000e-02,2.200000e-01,0.0,9.790381e-01,4.155465e-02,-6.747166e-03
8.000000e-02,2.200000e-01,0.0,9.777583e-01,4.429234e-02,-7.662219e-03
9.000000e-02,2.200000e-01,0.0,9.777520e-01,4.453415e-02,-8.158720e-03
1.000000e-01,2.200000e-01,0.0,9.788066e-01,4.207444e-02,-8.367819e-03
1.100000e-01,2.200000e-01,0.0,9.815879e-01,3.448945e-02,-7.649364e-03
1.200000e-01,2.200000e-01,0.0,9.848075e-01,2.533657e-02,-6.484824e-03
1.300000e-01,2.200000e-01,0.0,9.873419e-01,1.803861e-02,-5.641730e-03
1.400000e-01,2.200000e-01,0.0,9.890264e-01,1.310406e-02,-5.223641e-03
1.500000e-01,2.200000e-01,0.0,9.901097e-01,9.895311e-03,-5.056931e-03
1.600000e-01,2.200000e-01,0.0,9.908061e-01,7.640598e-03,-4.923651e-03
1.700000e-01,2.200000e-01,0.0,9.912644e-01,5.837272e-03,-4.646836e-03
1.800000e-01,2.200000e-01,0.0,9.915503e-01,4.089695e-03,-4.089632e-03
1.900000e-01,2.200000e-01,0.0,9.917058e-01,2.193076e-03,-3.362897e-03
2.000000e-01,2.200000e-01,0.0,9.917269e-01,-8.276353e-09,-2.453883e-03
2.100000e-01,2.200000e-01,0.0,9.917058e-01,-2.193078e-03,-3.362898e-03
2.200000e-01,2.200000e-01,0.0,9.915503e-01,-4.089640e-03,-4.089640e-03
2.300000e-01,2.200000e-01,0.0,9.912643e-01,-5.837106e-03,-4.646854e-03
2.400000e-01,2.200000e-01,0.0,9.908060e-01,-7.640345e-03,-4.923685e-03
2.500000e-01,2.200000e-01,0.0,9.901097e-01,-9.895097e-03,-5.056997e-03
2.600000e-01,2.200000e-01,0.0,9.890268e-01,-1.310531e-02,-5.223565e-03
2.700000e-01,2.200000e-01,0.0,9.873441e-01,-1.804559e-02,-5.641141e-03
2.800000e-01,2.200000e-01,0.0,9.848136e-01,-2.535638e-02,-6.482472e-03
2.900000e-01,2.200000e-01,0.0,9.815998e-01,-3.452819e-02,-7.643434e-03
3.000000e-01,2.200000e-01,0.0,9.788249e-01,-4.213316e-02,-8.354665e-03
3.100000e-01,2.200000e-01,0.0,9.777542e-01,-4.454498e-02,-8.146375e-03
3.200000e-01,2.200000e-01,0.0,9.776803e-01,-4.405999e-02,-7.688931e-03
3.300000e-01,2.200000e-01,0.0,9.786886e-01,-4.046369e-02,-6.806494e-03
3.400000e-01,2.200000e-01,0.0,9.825534e-01,-2.858754e-02,-4.570871e-03
3.500000e-01,2.200000e-01,0.0,9.900449e-01,-5.926630e-03,-1.226597e-03
3.600000e-01,2.200000e-01,0.0,1.000702e+00,2.601899e-02,3.096109e-03
3.700000e-01,2.200000e-01,0.0,1.013244e+00,6.347081e-02,7.323956e-03
3.800000e-01,2.200000e-01,0.0,1.024991e+00,9.830654e-02,1.093597e-02
3.900000e-01,2.200000e-01,0.0,1.032211e+00,1.181897e-01,1.266372e-02
4.000000e-01,2.200000e-01,0.0,1.034275e+00,1.212603e-01,1.273839e-02
4.100000e-01,2.200000e-01,0.0,1.034495e+00,1.185079e-01,1.232552e-02
4.200000e-01,2.200000e-01,0.0,1.032076e+00,1.074400e-01,1.097902e-02
4.300000e-01,2.200000e-01,0.0,1.024044e+00,7.900938e-02,7.565004e-03
4.400000e-01,2.200000e-01,0.0,1.012586e+00,4.060610e-02,3.705076e-03
4.500000e-01,2.200000e-01,0.0,1.004387e+00,1.399364e-02,1.186083e-03
4.600000e-01,2.200000e-01,0.0,1.001181e+00,3.752541e-03,2.954479e-04
4.700000e-01,2.200000e-01,0.0,1.000311e+00,9.890844e-04,7.286376e-05
4.800000e-01,2.200000e-01,0.0,1.000089e+00,2.823578e-04,1.984121e-05
4.900000e-01,2.200000e-01,0.0,1.000026e+00,8.186882e-05,5.606828e-06
5.000000e-01,2.200000e-01,0.0,1.000007e+00,2.193602e-05,1.467465e-06
5.100000e-01,2.200000e-01,0.0,1.000002e+00,5.196729e-06,3.337332e-07
5.200000e-01,2.200000e-01,0.0,1.000000e+00,1.102459e-06,6.610084e-08
5.300000e-01,2.200000e-01,0.0,1.000000e+00,2.224098e-07,1.223417e-08
5.400000e-01,2.200000e-01,0.0,1.000000e+00,5.019983e-08,2.567332e-09
5.500000e-01,2.200000e-01,0.0,1.000000e+00,1.696380e-08,8.348903e-10
5.600000e-01,2.200000e-01,0.0,1.000000e+00,8.658006e-09,4.199718e-10
5.700000e-01,2.200000e-01,0.0,1.000000e+00,5.075967e-09,2.423881e-10
5.800000e-01,2.200000e-01,0.0,1.000000e+00,2.999658e-09,1.407100e-10
5.900000e-01,2.200000e-01,0.0,1.000000e+00,1.736769e-09,7.997873e-11
6.000000e-01,2.200000e-01,0.0,1.000000e+00,9.774928e-10,4.417083e-11
6.100000e-01,2.200000e-01,0.0,1.000000e+00,5.322860e-10,2.359125e-11
6.200000e-01,2.200000e-01,0.0,1.000000e+00,2.794290e-10,1.214047e-11
6.300000e-01,2.200000e-01,0.0,1.000000e+00,1.410178e-10,6.002989e-12
6.400000e-01,2.200000e-01,0.0,1.000000e+00,6.826782e-11,2.846215e-12
6.500000e-01,2.200000e-01,0.0,1.000000e+00,3.165165e-11,1.291660e-12
6.600000e-01,2.200000e-01,0.0,1.000000e+00,1.403729e-11,5.606303e-13
6.700000e-01,2.200000e-01,0.0,1.000000e+00,5.949742e-12,2.324274e-13
6.800000e-01,2.200000e-01,0.0,1.000000e+00,2.408624e-12,9.225509e-14
6.900000e-01,2.200000e-01,0.0,1.000000e+00,9.308057e-13,3.452265e-14
7.000000e-01,2.200000e-01,0.0,1.000000e+00,3.431405e-13,1.261231e-14
7.100000e-01,2.200000e-01,0.0,1.000000e+00,1.206047e-13,4.327758e-15
7.200000e-01,2.200000e-01,0.0,1.000000e+00,4.028642e-14,1.335515e-15
7.300000e-01,2.200000e-01,0.0,1.000000e+00,1.276834e-14,5.876576e-16
7.400000e-01,2.200000e-01,0.0,1.000000e+00,3.953103e-15,0.000000e+00
7.500000e-01,2.200000e-01,0.0,1.000000e+00,8.012770e-16,0.000000e+00
7.600000e-01,2.200000e-01,0.0,1.000000e+00,5.341578e-17,0.000000e+00
7.700000e-01,2.200000e-01,0.0,1.000000e+00,0.000000e+00,0.000000e+00
7.800000e-01,2.200000e-01,0.0,1.000000e+00,0.000000e+00,0.000000e+00
7.900000e-01,2.200000e-01,0.0,1.000000e+00,0.000000e+00,0.000000e+00
8.000000e-01,2.200000e-01,0.0,1.000000e+00,0.000000e+00,0.000000e+00
8.100000e-01,2.200000e-01,0.0,1.000000e+00,0.000000e+00,0.000000e+00
8.200000e-01,2.200000e-01,0.0,1.000000e+00,0.000000e+00,0.000000e+00
8.300000e-01,2.200000e-01,0.0,1.000000e+00,0.000000e+00,0.000000e+00
8.400000e-01,2.200000e-01,0.0,1.000000e+00,0.000000e+00,0.000000e+00
8.500000e-01,2.200000e-01,0.0,1.000000e+00,0.000000e+00,0.000000e+00
8.600000e-01,2.200000e-01,0.0,1.000000e+00,0.000000e+00,0.000000e+00
8.700000e-01,2.200000e-01,0.0,1.000000e+00,0.000000e+00,0.000000e+00
8.800000e-01,2.200000e-01,0.0,1.000000e+00,0.000000e+00,0.000000e+00
8.900000e-01,2.200000e-01,0.0,1.000000e+00,0.000000e+00,0.000000e+00
9.000000e-01,2.200000e-01,0.0,1.000000e+00,0.000000e+00,0.000000e+00
9.100000e-01,2.200000e-01,0.0,1.000000e+00,0.000000e+00,0.000000e+00
9.200000e-01,2.200000e-01,0.0,1.000000e+00,0.000000e+00,0.000000e+00
9.300000e-01,2.200000e-01,0.0,1.000000e+00,0.000000e+00,0.000000e+00
9.400000e-01,2.200000e-01,0.0,1.000000e+00,0.000000e+00,0.000000e+00
9.500000e-01,2.200000e-01,0.0,1.000000e+00,0.000000e+00,0.000000e+00
9.600000e-01,2.200000e-01,0.0,1.000000e+00,0.000000e+00,0.000000e+00
9.700000e-01,2.200000e-01,0.0,1.000000e+00,0.000000e+00,0.000000e+00
9.800000e-01,2.200000e-01,0.0,1.000000e+00,0.000000e+00,0.000000e+00
9.900000e-01,2.200000e-01,0.0,1.000000e+00,0.000000e+00,0.000000e+00
1.000000e+00,2.200000e-01,0.0,1.000000e+00,0.000000e+00,0.000000e+00
0.000000e+00,2.300000e-01,0.0,1.070311e+00,2.502800e-03,3.861965e-02
1.000000e-02,2.300000e-01,0.0,1.067694e+00,-1.013676e-03,3.765958e-02
2.000000e-02,2.300000e-01,0.0,1.057679e+00,-3.681024e-03,3.305186e-02
3.000000e-02,2.300000e-01,0.0,1.036790e+00,2.178943e-04,2.242430e-02
4.000000e-02,2.300000e-01,0.0,1.013923e+00,3.904631e-03,1.042932e-02
5.000000e-02,2.300000e-01,0.0,9.959568e-01,1.461199e-02,9.123509e-04
6.000000e-02,2.300000e-01,0.0,9.848477e-01,2.922591e-02,-5.735909e-03
7.000000e-02,2.300000e-01,0.0,9.793538e-01,4.001390e-02,-9.619590e-03
8.000000e-02,2.300000e-01,0.0,9.775548e-01,4.423101e-02,-1.171380e-02
9.000000e-02,2.300000e-01,0.0,9.774476e-01,4.493682e-02,-1.258052e-02
1.000000e-01,2.300000e-01,0.0,9.781866e-01,4.359439e-02,-1.309436e-02
1.100000e-01,2.300000e-01,0.0,9.806094e-01,3.733045e-02,-1.228883e-02
1.200000e-01,2.300000e-01,0.0,9.838716e-01,2.834207e-02,-1.053384e-02
1.300000e-01,2.300000e-01,0.0,9.866259e-01,2.058174e-02,-9.060035e-03
1.400000e-01,2.300000e-01,0.0,9.885020e-01,1.515986e-02,-8.219880e-03
1.500000e-01,2.300000e-01,0.0,9.897027e-01,1.152281e-02,-7.787949e-03
1.600000e-01,2.300000e-01,0.0,9.904669e-01,8.927692e-03,-7.375092e-03
1.700000e-01,2.300000e-01,0.0,9.909586e-01,6.765156e-03,-6.764983e-03
1.800000e-01,2.300000e-01,0.0,9.912643e-01,4.646897e-03,-5.837101e-03
1.900000e-01,2.300000e-01,0.0,9.914313e-01,2.418361e-03,-4.756254e-03
2.000000e-01,2.300000e-01,0.0,9.914660e-01,-6.547939e-09,-3.511642e-03
2.100000e-01,2.300000e-01,0.0,9.914313e-01,-2.418365e-03,-4.756253e-03
2.200000e-01,2.300000e-01,0.0,9.912643e-01,-4.646854e-03,-5.837106e-03
2.300000e-01,2.300000e-01,0.0,9.909586e-01,-6.765009e-03,-6.765009e-03
2.400000e-01,2.300000e-01,0.0,9.904668e-01,-8.927470e-03,-7.375152e-03
2.500000e-01,2.300000e-01,0.0,9.897026e-01,-1.152263e-02,-7.788031e-03
2.600000e-01,2.300000e-01,0.0,9.885023e-01,-1.516063e-02,-8.219915e-03
2.700000e-01,2.300000e-01,0.0,9.866276e-01,-2.058683e-02,-9.059370e-03
2.800000e-01,2.300000e-01,0.0,9.838768e-01,-2.835827e-02,-1.053065e-02
2.900000e-01,2.300000e-01,0.0,9.806197e-01,-3.736364e-02,-1.228120e-02
3.000000e-01,2.300000e-01,0.0,9.782005e-01,-4.363893e-02,-1.308270e-02
3.100000e-01,2.300000e-01,0.0,9.774529e-01,-4.495379e-02,-1.256720e-02
3.200000e-01,2.300000e-01,0.0,9.775122e-01,-4.411069e-02,-1.171413e-02
3.300000e-01,2.300000e-01,0.0,9.790561e-01,-3.908064e-02,-9.685749e-03
3.400000e-01,2.300000e-01,0.0,9.835818e-01,-2.527134e-02,-6.177571e-03
3.500000e-01,2.300000e-01,0.0,9.916851e-01,-1.235886e-03,-8.169284e-04
3.600000e-01,2.300000e-01,0.0,1.002687e+00,3.140289e-02,5.496317e-03
3.700000e-01,2.300000e-01,0.0,1.015176e+00,6.853022e-02,1.189054e-02
3.800000e-01,2.300000e-01,0.0,1.026500e+00,1.017345e-01,1.696398e-02
3.900000e-01,2.300000e-01,0.0,1.032954e+00,1.190862e-01,1.917209e-02
4.000000e-01,2.300000e-01,0.0,1.034622e+00,1.209109e-01,1.912865e-02
4.100000e-01,2.300000e-01,0.0,1.034649e+00,1.176918e-01,1.839436e-02
4.200000e-01,2.300000e-01,0.0,1.031554e+00,1.046334e-01,1.586858e-02
4.300000e-01,2.300000e-01,0.0,1.022699e+00,7.376513e-02,1.072913e-02
4.400000e-01,2.300000e-01,0.0,1.011212e+00,3.583755e-02,4.893311e-03
4.500000e-01,2.300000e-01,0.0,1.003723e+00,1.178704e-02,1.495701e-03
4.600000e-01,2.300000e-01,0.0,1.000995e+00,3.140347e-03,3.717134e-04
4.700000e-01,2.300000e-01,0.0,1.000269e+00,8.495759e-04,9.454804e-05
4.800000e-01,2.300000e-01,0.0,1.000078e+00,2.480404e-04,2.651719e-05
4.900000e-01,2.300000e-01,0.0,1.000023e+00,7.204322e-05,7.534482e-06
5.000000e-01,2.300000e-01,0.0,1.000006e+00,1.905862e-05,1.948104e-06
5.100000e-01,2.300000e-01,0.0,1.000001e+00,4.450740e-06,4.380768e-07
5.200000e-01,2.300000e-01,0.0,1.000000e+00,9.378661e-07,8.675593e-08
5.300000e-01,2.300000e-01,0.0,1.000000e+00,1.905796e-07,1.612209e-08
5.400000e-01,2.300000e-01,0.0,1.000000e+00,4.447014e-08,3.454259e-09
5.500000e-01,2.300000e-01,0.0,1.000000e+00,1.581081e-08,1.174453e-09
5.600000e-01,2.300000e-01,0.0,1.000000e+00,8.268840e-09,6.034347e-10
5.700000e-01,2.300000e-01,0.0,1.000000e+00,4.865815e-09,3.491525e-10
5.800000e-01,2.300000e-01,0.0,1.000000e+00,2.872265e-09,2.023863e-10
5.900000e-01,2.300000e-01,0.0,1.000000e+00,1.659507e-09,1.147733e-10
6.000000e-01,2.300000e-01,0.0,1.000000e+00,9.315970e-10,6.321724e-11
6.100000e-01,2.300000e-01,0.0,1.000000e+00,5.057998e-10,3.366182e-11
6.200000e-01,2.300000e-01,0.0,1.000000e+00,2.646649e-10,1.726633e-11
6.300000e-01,2.300000e-01,0.0,1.000000e+00,1.331025e-10,8.507874e-12
6.400000e-01,2.300000e-01,0.0,1.000000e+00,6.419987e-11,4.018779e-12
6.500000e-01,2.300000e-01,0.0,1.000000e+00,2.965194e-11,1.817217e-12
6.600000e-01,2.300000e-01,0.0,1.000000e+00,1.309881e-11,7.855363e-13
6.700000e-01,2.300000e-01,0.0,1.000000e+00,5.529527e-12,3.245291e-13
6.800000e-01,2.300000e-01,0.0,1.000000e+00,2.229052e-12,1.279578e-13
6.900000e-01,2.300000e-01,0.0,1.000000e+00,8.576843e-13,4.809753e-14
7.000000e-01,2.300000e-01,0.0,1.000000e+00,3.148682e-13,1.726163e-14
7.100000e-01,2.300000e-01,0.0,1.000000e+00,1.103429e-13,6.038229e-15
7.200000e-01,2.300000e-01,0.0,1.000000e+00,3.665308e-14,1.709517e-15
7.300000e-01,2.300000e-01,0.0,1.000000e+00,1.153959e-14,6.945087e-16
7.400000e-01,2.300000e-01,0.0,1.000000e+00,3.365446e-15,2.670914e-16
7.500000e-01,2.300000e-01,0.0,1.000000e+00,7.478525e-16,0.000000e+00
7.600000e-01,2.300000e-01,0.0,1.000000e+00,5.341578e-17,0.000000e+00
7.700000e-01,2.300000e-01,0.0,1.000000e+00,0.000000e+00,0.000000e+00
7.800000e-01,2.300000e-01,0.0,1.000000e+00,0.000000e+00,0.000000e+00
7.900000e-01,2.300000e-01,0.0,1.000000e+00,0.000000e+00,0.000000e+00
8.000000e-01,2.300000e-01,0.0,1.000000e+00,0.000000e+00,0.000000e+00
8.100000e-01,2.300000e-01,0.0,1.000000e+00,0.000000e+00,0.000000e+00
8.200000e-01,2.300000e-01,0.0,1.000000e+00,0.000000e+00,0.000000e+00
8.300000e-01,2.300000e-01,0.0,1.000000e+00,0.000000e+00,0.000000e+00
8.400000e-01,2.300000e-01,0.0,1.000000e+00,0.000000e+00,0.000000e+00
8.500000e-01,2.300000e-01,0.0,1.000000e+00,0.000000e+00,0.000000e+00
8.600000e-01,2.300000e-01,0.0,1.000000e+00,0.000000e+00,0.000000e+00
8.700000e-01,2.300000e-01,0.0,1.000000e+00,0.000000e+00,0.000000e+00
8.800000e-01,2.300000e-01,0.0,1.000000e+00,0.000000e+00,0.000000e+00
8.900000e-01,2.300000e-01,0.0,1.000000e+00,0.000000e+00,0.000000e+00
9.000000e-01,2.300000e-01,0.0,1.000000e+00,0.000000e+00,0.000000e+00
9.100000e-01,2.300000e-01,0.0,1.000000e+00,0.000000e+00,0.000000e+00
9.200000e-01,2.300000e-01,0.0,1.000000e+00,0.000000e+00,0.000000e+00
9.300000e-01,2.300000e-01,0.0,1.000000e+00,0.000000e+00,0.000000e+00
9.400000e-01,2.300000e-01,0.0,1.000000e+00,0.000000e+00,0.000000e+00
9.500000e-01,2.300000e-01,0.0,1.000000e+00,0.000000e+00,0.000000e+00
9.600000e-01,2.300000e-01,0.0,1.000000e+00,0.000000e+00,0.000000e+00
9.700000e-01,2.300000e-01,0.0,1.000000e+00,0.000000e+00,0.000000e+00
9.800000e-01,2.300000e-01,0.0,1.000000e+00,0.000000e+00,0.000000e+00
9.900000e-01,2.300000e-01,0.0,1.000000e+00,0.000000e+00,0.000000e+00
1.000000e+00,2.300000e-01,0.0,1.000000e+00,0.000000e+00,0.000000e+00
0.000000e+00,2.400000e-01,0.0,1.071442e+00,2.662751e-03,5.179432e-02
1.000000e-02,2.400000e-01,0.0,1.068383e+00,-3.676076e-03,5.013824e-02
2.000000e-02,2.400000e-01,0.0,1.058510e+00,-1.292100e-02,4.393872e-02
3.000000e-02,2.400000e-01,0.0,1.037603e+00,-1.325925e-02,2.994854e-02
4.000000e-02,2.400000e-01,0.0,1.015046e+00,-8.715438e-03,1.480889e-02
5.000000e-02,2.400000e-01,0.0,9.975585e-01,5.363478e-03,2.713437e-03
6.000000e-02,2.400000e-01,0.0,9.863075e-01,2.329141e-02,-6.038479e-03
7.000000e-02,2.400000e-01,0.0,9.801006e-01,3.676683e-02,-1.189940e-02
8.000000e-02,2.400000e-01,0.0,9.775354e-01,4.329551e-02,-1.528933e-02
9.000000e-02,2.400000e-01,0.0,9.771104e-01,4.489287e-02,-1.707726e-02
1.000000e-01,2.400000e-01,0.0,9.774403e-01,4.455052e-02,-1.817867e-02
1.100000e-01,2.400000e-01,0.0,9.792198e-01,4.035478e-02,-1.785111e-02
1.200000e-01,2.400000e-01,0.0,9.824001e-01,3.199688e-02,-1.563909e-02
1.300000e-01,2.400000e-01,0.0,9.854808e-01,2.349586e-02,-1.321757e-02
1.400000e-01,2.400000e-01,0.0,9.876824e-01,1.721743e-02,-1.170830e-02
1.500000e-01,2.400000e-01,0.0,9.890550e-01,1.296953e-02,-1.079277e-02
1.600000e-01,2.400000e-01,0.0,9.899190e-01,9.941321e-03,-9.941097e-03
1.700000e-01,2.400000e-01,0.0,9.904669e-01,7.375255e-03,-8.927445e-03
1.800000e-01,2.400000e-01,0.0,9.908060e-01,4.923718e-03,-7.640343e-03
1.900000e-01,2.400000e-01,0.0,9.909945e-01,2.482124e-03,-6.273638e-03
2.000000e-01,2.400000e-01,0.0,9.910507e-01,-4.545821e-09,-4.827153e-03
2.100000e-01,2.400000e-01,0.0,9.909945e-01,-2.482125e-03,-6.273636e-03
2.200000e-01,2.400000e-01,0.0,9.908060e-01,-4.923685e-03,-7.640345e-03
2.300000e-01,2.400000e-01,0.0,9.904668e-01,-7.375152e-03,-8.927470e-03
2.400000e-01,2.400000e-01,0.0,9.899189e-01,-9.941164e-03,-9.941164e-03
2.500000e-01,2.400000e-01,0.0,9.890550e-01,-1.296941e-02,-1.079287e-02
2.600000e-01,2.400000e-01,0.0,9.876826e-01,-1.721803e-02,-1.170840e-02
2.700000e-01,2.400000e-01,0.0,9.854820e-01,-2.349940e-02,-1.321723e-02
2.800000e-01,2.400000e-01,0.0,9.824038e-01,-3.200824e-02,-1.563629e-02
2.900000e-01,2.400000e-01,0.0,9.792285e-01,-4.038140e-02,-1.784331e-02
3.000000e-01,2.400000e-01,0.0,9.774544e-01,-4.459220e-02,-1.816618e-02
3.100000e-01,2.400000e-01,0.0,9.771148e-01,-4.490685e-02,-1.706382e-02
3.200000e-01,2.400000e-01,0.0,9.775137e-01,-4.322672e-02,-1.527119e-02
3.300000e-01,2.400000e-01,0.0,9.798642e-01,-3.604610e-02,-1.198250e-02
3.400000e-01,2.400000e-01,0.0,9.852966e-01,-2.015478e-02,-6.493157e-03
3.500000e-01,2.400000e-01,0.0,9.940634e-01,5.458745e-03,8.727531e-04
3.600000e-01,2.400000e-01,0.0,1.005401e+00,3.874695e-02,9.158383e-03
3.700000e-01,2.400000e-01,0.0,1.017859e+00,7.540586e-02,1.738371e-02
3.800000e-01,2.400000e-01,0.0,1.028488e+00,1.061244e-01,2.360404e-02
3.900000e-01,2.400000e-01,0.0,1.033871e+00,1.199411e-01,2.583919e-02
4.000000e-01,2.400000e-01,0.0,1.035062e+00,1.203280e-01,2.552642e-02
4.100000e-01,2.400000e-01,0.0,1.034770e+00,1.161486e-01,2.427507e-02
4.200000e-01,2.400000e-01,0.0,1.030567e+00,1.000745e-01,2.009790e-02
4.300000e-01,2.400000e-01,0.0,1.020683e+00,6.624964e-02,1.278441e-02
4.400000e-01,2.400000e-01,0.0,1.009402e+00,2.964319e-02,5.344677e-03
4.500000e-01,2.400000e-01,0.0,1.002942e+00,9.215579e-03,1.546280e-03
4.600000e-01,2.400000e-01,0.0,1.000787e+00,2.466149e-03,3.871626e-04
4.700000e-01,2.400000e-01,0.0,1.000221e+00,6.938299e-04,1.031603e-04
4.800000e-01,2.400000e-01,0.0,1.000066e+00,2.075565e-04,2.987316e-05
4.900000e-01,2.400000e-01,0.0,1.000019e+00,6.001177e-05,8.464442e-06
5.000000e-01,2.400000e-01,0.0,1.000005e+00,1.555513e-05,2.141290e-06
5.100000e-01,2.400000e-01,0.0,1.000001e+00,3.564476e-06,4.726272e-07
5.200000e-01,2.400000e-01,0.0,1.000000e+00,7.459820e-07,9.327630e-08
5.300000e-01,2.400000e-01,0.0,1.000000e+00,1.537044e-07,1.761015e-08
5.400000e-01,2.400000e-01,0.0,1.000000e+00,3.778861e-08,3.956457e-09
5.500000e-01,2.400000e-01,0.0,1.000000e+00,1.440929e-08,1.435965e-09
5.600000e-01,2.400000e-01,0.0,1.000000e+00,7.762493e-09,7.576687e-10
5.700000e-01,2.400000e-01,0.0,1.000000e+00,4.585645e-09,4.396123e-10
5.800000e-01,2.400000e-01,0.0,1.000000e+00,2.702082e-09,2.542880e-10
5.900000e-01,2.400000e-01,0.0,1.000000e+00,1.556466e-09,1.437515e-10
6.000000e-01,2.400000e-01,0.0,1.000000e+00,8.705491e-10,7.888139e-11
6.100000e-01,2.400000e-01,0.0,1.000000e+00,4.706854e-10,4.182564e-11
6.200000e-01,2.400000e-01,0.0,1.000000e+00,2.451659e-10,2.135521e-11
6.300000e-01,2.400000e-01,0.0,1.000000e+00,1.226933e-10,1.047133e-11
6.400000e-01,2.400000e-01,0.0,1.000000e+00,5.887444e-11,4.921047e-12
6.500000e-01,2.400000e-01,0.0,1.000000e+00,2.704639e-11,2.213441e-12
6.600000e-01,2.400000e-01,0.0,1.000000e+00,1.188163e-11,9.515124e-13
6.700000e-01,2.400000e-01,0.0,1.000000e+00,4.987358e-12,3.907557e-13
6.800000e-01,2.400000e-01,0.0,1.000000e+00,1.998750e-12,1.528055e-13
6.900000e-01,2.400000e-01,0.0,1.000000e+00,7.644097e-13,5.750408e-14
7.000000e-01,2.400000e-01,0.0,1.000000e+00,2.790068e-13,2.057201e-14
7.100000e-01,2.400000e-01,0.0,1.000000e+00,9.714428e-14,7.160148e-15
7.200000e-01,2.400000e-01,0.0,1.000000e+00,3.205756e-14,2.190463e-15
7.300000e-01,2.400000e-01,0.0,1.000000e+00,1.009706e-14,6.410143e-16
7.400000e-01,2.400000e-01,0.0,1.000000e+00,2.724405e-15,2.136756e-16
7.500000e-01,2.400000e-01,0.0,1.000000e+00,5.875927e-16,0.000000e+00
7.600000e-01,2.400000e-01,0.0,1.000000e+00,0.000000e+00,0.000000e+00
7.700000e-01,2.400000e-01,0.0,1.000000e+00,0.000000e+00,0.000000e+00
7.800000e-01,2.400000e-01,0.0,1.000000e+00,0.000000e+00,0.000000e+00
7.900000e-01,2.400000e-01,0.0,1.000000e+00,0.000000e+00,0.000000e+00
8.000000e-01,2.400000e-01,0.0,1.000000e+00,0.000000e+00,0.000000e+00
8.100000e-01,2.400000e-01,0.0,1.000000e+00,0.000000e+00,0.000000e+00
8.200000e-01,2.400000e-01,0.0,1.000000e+00,0.000000e+00,0.000000e+00
8.300000e-01,2.400000e-01,0.0,1.000000e+00,0.000000e+00,0.000000e+00
8.400000e-01,2.400000e-01,0.0,1.000000e+00,0.000000e+00,0.000000e+00
8.500000e-01,2.400000e-01,0.0,1.000000e+00,0.000000e+00,0.000000e+00
8.600000e-01,2.400000e-01,0.0,1.000000e+00,0.000000e+00,0.000000e+00
8.700000e-01,2.400000e-01,0.0,1.000000e+00,0.000000e+00,0.000000e+00
8.800000e-01,2.400000e-01,0.0,1.000000e+00,0.000000e+00,0.000000e+00
8.900000e-01,2.400000e-01,0.0,1.000000e+00,0.000000e+00,0.000000e+00
9.000000e-01,2.400000e-01,0.0,1.000000e+00,0.000000e+00,0.000000e+00
9.100000e-01,2.400000e-01,0.0,1.000000e+00,0.000000e+00,0.000000e+00
9.200000e-01,2.400000e-01,0.0,1.000000e+00,0.000000e+00,0.000000e+00
9.300000e-01,2.400000e-01,0.0,1.000000e+00,0.000000e+00,0.000000e+00
9.400000e-01,2.400000e-01,0.0,1.000000e+00,0.000000e+00,0.000000e+00
9.500000e-01,2.400000e-01,0.0,1.000000e+00,0.000000e+00,0.000000e+00
9.600000e-01,2.400000e-01,0.0,1.000000e+00,0.000000e+00,0.000000e+00
9.700000e-01,2.400000e-01,0.0,1.000000e+00,0.000000e+00,0.000000e+00
9.800000e-01,2.400000e-01,0.0,1.000000e+00,0.000000e+00,0.000000e+00
9.900000e-01,2.400000e-01,0.0,1.000000e+00,0.000000e+00,0.000000e+00
1.000000e+00,2.400000e-01,0.0,1.000000e+00,0.000000e+00,0.000000e+00
0.000000e+00,2.500000e-01,0.0,1.072529e+00,2.919095e-03,6.466214e-02
1.000000e-02,2.500000e-01,0.0,1.068762e+00,-7.358364e-03,6.192594e-02
2.000000e-02,2.500000e-01,0.0,1.059006e+00,-2.462535e-02,5.435605e-02
3.000000e-02,2.500000e-01,0.0,1.038513e+00,-3.004956e-02,3.764252e-02
4.000000e-02,2.500000e-01,0.0,1.016763e+00,-2.398461e-02,1.991535e-02
5.000000e-02,2.500000e-01,0.0,9.999171e-01,-5.973123e-03,5.765374e-03
6.000000e-02,2.500000e-01,0.0,9.885186e-01,1.531616e-02,-4.884464e-03
7.000000e-02,2.500000e-01,0.0,9.814933e-01,3.177522e-02,-1.278966e-02
8.000000e-02,2.500000e-01,0.0,9.780844e-01,4.068838e-02,-1.772471e-02
9.000000e-02,2.500000e-01,0.0,9.769222e-01,4.387471e-02,-2.088088e-02
1.000000e-01,2.500000e-01,0.0,9.768736e-01,4.426977e-02,-2.294133e-02
1.100000e-01,2.500000e-01,0.0,9.776787e-01,4.253517e-02,-2.396992e-02
1.200000e-01,2.500000e-01,0.0,9.802614e-01,3.607528e-02,-2.231340e-02
1.300000e-01,2.500000e-01,0.0,9.836741e-01,2.700580e-02,-1.898917e-02
1.400000e-01,2.500000e-01,0.0,9.863527e-01,1.950008e-02,-1.622594e-02
1.500000e-01,2.500000e-01,0.0,9.880251e-01,1.441368e-02,-1.441353e-02
1.600000e-01,2.500000e-01,0.0,9.890550e-01,1.079297e-02,-1.296937e-02
1.700000e-01,2.500000e-01,0.0,9.897026e-01,7.788103e-03,-1.152262e-02
1.800000e-01,2.500000e-01,0.0,9.901097e-01,5.057021e-03,-9.895095e-03
1.900000e-01,2.500000e-01,0.0,9.903421e-01,2.486285e-03,-8.298705e-03
2.000000e-01,2.500000e-01,0.0,9.904209e-01,-2.145790e-09,-6.732541e-03
2.100000e-01,2.500000e-01,0.0,9.903421e-01,-2.486284e-03,-8.298703e-03
2.200000e-01,2.500000e-01,0.0,9.901097e-01,-5.056997e-03,-9.895097e-03
2.300000e-01,2.500000e-01,0.0,9.897026e-01,-7.788031e-03,-1.152263e-02
2.400000e-01,2.500000e-01,0.0,9.890550e-01,-1.079287e-02,-1.296941e-02
2.500000e-01,2.500000e-01,0.0,9.880251e-01,-1.441360e-02,-1.441360e-02
2.600000e-01,2.500000e-01,0.0,9.863528e-01,-1.950059e-02,-1.622605e-02
2.700000e-01,2.500000e-01,0.0,9.836749e-01,-2.700834e-02,-1.898904e-02
2.800000e-01,2.500000e-01,0.0,9.802637e-01,-3.608277e-02,-2.231152e-02
2.900000e-01,2.500000e-01,0.0,9.776858e-01,-4.255572e-02,-2.396449e-02
3.000000e-01,2.500000e-01,0.0,9.768841e-01,-4.429962e-02,-2.292997e-02
3.100000e-01,2.500000e-01,0.0,9.769340e-01,-4.390948e-02,-2.086399e-02
3.200000e-01,2.500000e-01,0.0,9.780708e-01,-4.064694e-02,-1.770601e-02
3.300000e-01,2.500000e-01,0.0,9.813256e-01,-3.125195e-02,-1.283783e-02
3.400000e-01,2.500000e-01,0.0,9.877632e-01,-1.298826e-02,-5.284924e-03
3.500000e-01,2.500000e-01,0.0,9.972274e-01,1.421410e-02,4.057137e-03
3.600000e-01,2.500000e-01,0.0,1.008906e+00,4.807491e-02,1.432280e-02
3.700000e-01,2.500000e-01,0.0,1.021200e+00,8.379094e-02,2.418859e-02
3.800000e-01,2.500000e-01,0.0,1.030777e+00,1.108432e-01,3.090255e-02
3.900000e-01,2.500000e-01,0.0,1.034843e+00,1.203398e-01,3.262310e-02
4.000000e-01,2.500000e-01,0.0,1.035566e+00,1.195138e-01,3.189222e-02
4.100000e-01,2.500000e-01,0.0,1.034659e+00,1.135646e-01,2.962005e-02
4.200000e-01,2.500000e-01,0.0,1.029021e+00,9.308474e-02,2.356249e-02
4.300000e-01,2.500000e-01,0.0,1.017917e+00,5.631393e-02,1.346158e-02
4.400000e-01,2.500000e-01,0.0,1.007321e+00,2.275162e-02,5.055382e-03
4.500000e-01,2.500000e-01,0.0,1.002165e+00,6.704453e-03,1.389281e-03
4.600000e-01,2.500000e-01,0.0,1.000592e+00,1.837605e-03,3.585828e-04
4.700000e-01,2.500000e-01,0.0,1.000174e+00,5.424522e-04,1.012322e-04
4.800000e-01,2.500000e-01,0.0,1.000053e+00,1.653090e-04,3.003721e-05
4.900000e-01,2.500000e-01,0.0,1.000015e+00,4.708495e-05,8.375632e-06
5.000000e-01,2.500000e-01,0.0,1.000004e+00,1.187490e-05,2.055246e-06
5.100000e-01,2.500000e-01,0.0,1.000001e+00,2.665951e-06,4.439142e-07
5.200000e-01,2.500000e-01,0.0,1.000000e+00,5.556168e-07,8.734872e-08
5.300000e-01,2.500000e-01,0.0,1.000000e+00,1.172821e-07,1.693084e-08
5.400000e-01,2.500000e-01,0.0,1.000000e+00,3.108756e-08,4.098740e-09
5.500000e-01,2.500000e-01,0.0,1.000000e+00,1.290442e-08,1.616046e-09
5.600000e-01,2.500000e-01,0.0,1.000000e+00,7.168285e-09,8.773264e-10
5.700000e-01,2.500000e-01,0.0,1.000000e+00,4.247966e-09,5.101958e-10
5.800000e-01,2.500000e-01,0.0,1.000000e+00,2.496622e-09,2.942759e-10
5.900000e-01,2.500000e-01,0.0,1.000000e+00,1.432362e-09,1.656726e-10
6.000000e-01,2.500000e-01,0.0,1.000000e+00,7.972866e-10,9.046739e-11
6.100000e-01,2.500000e-01,0.0,1.000000e+00,4.287333e-10,4.770632e-11
6.200000e-01,2.500000e-01,0.0,1.000000e+00,2.219892e-10,2.421310e-11
6.300000e-01,2.500000e-01,0.0,1.000000e+00,1.103901e-10,1.179747e-11
6.400000e-01,2.500000e-01,0.0,1.000000e+00,5.261784e-11,5.507401e-12
6.500000e-01,2.500000e-01,0.0,1.000000e+00,2.400497e-11,2.459906e-12
6.600000e-01,2.500000e-01,0.0,1.000000e+00,1.047027e-11,1.049964e-12
6.700000e-01,2.500000e-01,0.0,1.000000e+00,4.362606e-12,4.280530e-13
6.800000e-01,2.500000e-01,0.0,1.000000e+00,1.735416e-12,1.663809e-13
6.900000e-01,2.500000e-01,0.0,1.000000e+00,6.591122e-13,6.215271e-14
7.000000e-01,2.500000e-01,0.0,1.000000e+00,2.386008e-13,2.196266e-14
7.100000e-01,2.500000e-01,0.0,1.000000e+00,8.207434e-14,7.426984e-15
7.200000e-01,2.500000e-01,0.0,1.000000e+00,2.682089e-14,2.404146e-15
7.300000e-01,2.500000e-01,0.0,1.000000e+00,8.387269e-15,8.547102e-16
7.400000e-01,2.500000e-01,0.0,1.000000e+00,2.403865e-15,1.602506e-16
7.500000e-01,2.500000e-01,0.0,1.000000e+00,4.807545e-16,0.000000e+00
7.600000e-01,2.500000e-01,0.0,1.000000e+00,0.000000e+00,0.000000e+00
7.700000e-01,2.500000e-01,0.0,1.000000e+00,0.000000e+00,0.000000e+00
7.800000e-01,2.500000e-01,0.0,1.000000e+00,0.000000e+00,0.000000e+00
7.900000e-01,2.500000e-01,0.0,1.000000e+00,0.000000e+00,0.000000e+00
8.000000e-01,2.500000e-01,0.0,1.000000e+00,0.000000e+00,0.000000e+00
8.100000e-01,2.500000e-01,0.0,1.000000e+00,0.000000e+00,0.000000e+00
8.200000e-01,2.500000e-01,0.0,1.000000e+00,0.000000e+00,0.000000e+00
8.300000e-01,2.500000e-01,0.0,1.000000e+00,0.000000e+00,0.000000e+00
8.400000e-01,2.500000e-01,0.0,1.000000e+00,0.000000e+00,0.000000e+00
8.500000e-01,2.500000e-01,0.0,1.000000e+00,0.000000e+00,0.000000e+00
8.600000e-01,2.500000e-01,0.0,1.000000e+00,0.000000e+00,0.000000e+00
8.700000e-01,2.500000e-01,0.0,1.000000e+00,0.000000e+00,0.000000e+00
8.800000e-01,2.500000e-01,0.0,1.000000e+00,0.000000e+00,0.000000e+00
8.900000e-01,2.500000e-01,0.0,1.000000e+00,0.000000e+00,0.000000e+00
9.000000e-01,2.500000e-01,0.0,1.000000e+00,0.000000e+00,0.000000e+00
9.100000e-01,2.500000e-01,0.0,1.000000e+00,0.000000e+00,0.000000e+00
9.200000e-01,2.500000e-01,0.0,1.000000e+00,0.000000e+00,0.000000e+00
9.300000e-01,2.500000e-01,0.0,1.000000e+00,0.000000e+00,0.000000e+00
9.400000e-01,2.500000e-01,0.0,1.000000e+00,0.000000e+00,0.000000e+00
9.500000e-01,2.500000e-01,0.0,1.000000e+00,0.000000e+00,0.000000e+00
9.600000e-01,2.500000e-01,0.0,1.000000e+00,0.000000e+00,0.000000e+00
9.700000e-01,2.500000e-01,0.0,1.000000e+00,0.000000e+00,0.000000e+00
9.800000e-01,2.500000e-01,0.0,1.000000e+00,0.000000e+00,0.000000e+00
9.900000e-01,2.500000e-01,0.0,1.000000e+00,0.000000e+00,0.000000e+00
1.000000e+00,2.500000e-01,0.0,1.000000e+00,0.000000e+00,0.000000e+00
0.000000e+00,2.600000e-01,0.0,1.073320e+00,3.168731e-03,7.690584e-02
1.000000e-02,2.600000e-01,0.0,1.068528e+00,-1.223336e-02,7.257774e-02
2.000000e-02,2.600000e-01,0.0,1.058677e+00,-3.800556e-02,6.333392e-02
3.000000e-02,2.600000e-01,0.0,1.039467e+00,-4.947558e-02,4.553717e-02
4.000000e-02,2.600000e-01,0.0,1.019189e+00,-4.135417e-02,2.634319e-02
5.000000e-02,2.600000e-01,0.0,1.003160e+00,-1.919537e-02,1.054059e-02
6.000000e-02,2.600000e-01,0.0,9.915929e-01,5.297535e-03,-1.931522e-03
7.000000e-02,2.600000e-01,0.0,9.837060e-01,2.479141e-02,-1.177692e-02
8.000000e-02,2.600000e-01,0.0,9.791784e-01,3.638162e-02,-1.894937e-02
9.000000e-02,2.600000e-01,0.0,9.773166e-01,4.135863e-02,-2.318901e-02
1.000000e-01,2.600000e-01,0.0,9.767162e-01,4.257713e-02,-2.641290e-02
1.100000e-01,2.600000e-01,0.0,9.767180e-01,4.222292e-02,-2.894331e-02
1.200000e-01,2.600000e-01,0.0,9.778803e-01,3.920913e-02,-2.962992e-02
1.300000e-01,2.600000e-01,0.0,9.808522e-01,3.143687e-02,-2.680325e-02
1.400000e-01,2.600000e-01,0.0,9.841045e-01,2.265125e-02,-2.265169e-02
1.500000e-01,2.600000e-01,0.0,9.863529e-01,1.622618e-02,-1.950058e-02
1.600000e-01,2.600000e-01,0.0,9.876827e-01,1.170850e-02,-1.721801e-02
1.700000e-01,2.600000e-01,0.0,9.885023e-01,8.219966e-03,-1.516062e-02
1.800000e-01,2.600000e-01,0.0,9.890269e-01,5.223580e-03,-1.310531e-02
1.900000e-01,2.600000e-01,0.0,9.893239e-01,2.501683e-03,-1.129305e-02
2.000000e-01,2.600000e-01,0.0,9.894352e-01,-1.688726e-09,-9.763119e-03
2.100000e-01,2.600000e-01,0.0,9.893239e-01,-2.501686e-03,-1.129305e-02
2.200000e-01,2.600000e-01,0.0,9.890268e-01,-5.223565e-03,-1.310531e-02
2.300000e-01,2.600000e-01,0.0,9.885023e-01,-8.219915e-03,-1.516063e-02
2.400000e-01,2.600000e-01,0.0,9.876826e-01,-1.170840e-02,-1.721803e-02
2.500000e-01,2.600000e-01,0.0,9.863528e-01,-1.622605e-02,-1.950059e-02
2.600000e-01,2.600000e-01,0.0,9.841047e-01,-2.265173e-02,-2.265173e-02
2.700000e-01,2.600000e-01,0.0,9.808530e-01,-3.143957e-02,-2.680283e-02
2.800000e-01,2.600000e-01,0.0,9.778818e-01,-3.921375e-02,-2.962871e-02
2.900000e-01,2.600000e-01,0.0,9.767227e-01,-4.223706e-02,-2.894064e-02
3.000000e-01,2.600000e-01,0.0,9.767250e-01,-4.260317e-02,-2.640641e-02
3.100000e-01,2.600000e-01,0.0,9.773272e-01,-4.138781e-02,-2.317316e-02
3.200000e-01,2.600000e-01,0.0,9.791730e-01,-3.635200e-02,-1.892317e-02
3.300000e-01,2.600000e-01,0.0,9.835926e-01,-2.442717e-02,-1.179966e-02
3.400000e-01,2.600000e-01,0.0,9.910630e-01,-3.669927e-03,-2.237445e-03
3.500000e-01,2.600000e-01,0.0,1.001231e+00,2.503465e-02,9.126677e-03
3.600000e-01,2.600000e-01,0.0,1.013232e+00,5.932537e-02,2.135337e-02
3.700000e-01,2.600000e-01,0.0,1.025101e+00,9.318243e-02,3.246759e-02
3.800000e-01,2.600000e-01,0.0,1.033117e+00,1.150200e-01,3.869101e-02
3.900000e-01,2.600000e-01,0.0,1.035758e+00,1.200634e-01,3.939608e-02
4.000000e-01,2.600000e-01,0.0,1.036127e+00,1.181616e-01,3.814908e-02
4.100000e-01,2.600000e-01,0.0,1.033990e+00,1.091057e-01,3.403852e-02
4.200000e-01,2.600000e-01,0.0,1.026473e+00,8.288202e-02,2.502393e-02
4.300000e-01,2.600000e-01,0.0,1.014436e+00,4.450905e-02,1.256294e-02
4.400000e-01,2.600000e-01,0.0,1.005243e+00,1.603041e-02,4.201464e-03
4.500000e-01,2.600000e-01,0.0,1.001497e+00,4.579181e-03,1.126139e-03
4.600000e-01,2.600000e-01,0.0,1.000428e+00,1.317620e-03,3.078118e-04
4.700000e-01,2.600000e-01,0.0,1.000132e+00,4.078790e-04,9.193926e-05
4.800000e-01,2.600000e-01,0.0,1.000041e+00,1.248036e-04,2.746103e-05
4.900000e-01,2.600000e-01,0.0,1.000011e+00,3.459160e-05,7.428576e-06
5.000000e-01,2.600000e-01,0.0,1.000003e+00,8.451866e-06,1.760135e-06
5.100000e-01,2.600000e-01,0.0,1.000001e+00,1.862364e-06,3.726550e-07
5.200000e-01,2.600000e-01,0.0,1.000000e+00,3.887832e-07,7.343304e-08
5.300000e-01,2.600000e-01,0.0,1.000000e+00,8.541778e-08,1.483592e-08
5.400000e-01,2.600000e-01,0.0,1.000000e+00,2.506756e-08,3.980698e-09
5.500000e-01,2.600000e-01,0.0,1.000000e+00,1.141001e-08,1.721627e-09
5.600000e-01,2.600000e-01,0.0,1.000000e+00,6.515005e-09,9.597324e-10
5.700000e-01,2.600000e-01,0.0,1.000000e+00,3.867138e-09,5.587298e-10
5.800000e-01,2.600000e-01,0.0,1.000000e+00,2.264675e-09,3.210628e-10
5.900000e-01,2.600000e-01,0.0,1.000000e+00,1.292695e-09,1.798211e-10
6.000000e-01,2.600000e-01,0.0,1.000000e+00,7.152172e-10,9.759802e-11
6.100000e-01,2.600000e-01,0.0,1.000000e+00,3.820043e-10,5.111806e-11
6.200000e-01,2.600000e-01,0.0,1.000000e+00,1.963416e-10,2.575381e-11
6.300000e-01,2.600000e-01,0.0,1.000000e+00,9.687300e-11,1.245019e-11
6.400000e-01,2.600000e-01,0.0,1.000000e+00,4.579633e-11,5.764831e-12
6.500000e-01,2.600000e-01,0.0,1.000000e+00,2.071540e-11,2.552998e-12
6.600000e-01,2.600000e-01,0.0,1.000000e+00,8.956093e-12,1.080403e-12
6.700000e-01,2.600000e-01,0.0,1.000000e+00,3.698471e-12,4.363747e-13
6.800000e-01,2.600000e-01,0.0,1.000000e+00,1.457925e-12,1.682467e-13
6.900000e-01,2.600000e-01,0.0,1.000000e+00,5.483117e-13,6.204511e-14
7.000000e-01,2.600000e-01,0.0,1.000000e+00,1.965954e-13,2.190972e-14
7.100000e-01,2.600000e-01,0.0,1.000000e+00,6.721792e-14,7.159360e-15
7.200000e-01,2.600000e-01,0.0,1.000000e+00,2.174468e-14,2.510848e-15
7.300000e-01,2.600000e-01,0.0,1.000000e+00,6.570868e-15,8.547249e-16
7.400000e-01,2.600000e-01,0.0,1.000000e+00,1.549152e-15,1.602506e-16
7.500000e-01,2.600000e-01,0.0,1.000000e+00,2.670822e-16,0.000000e+00
7.600000e-01,2.600000e-01,0.0,1.000000e+00,0.000000e+00,0.000000e+00
7.700000e-01,2.600000e-01,0.0,1.000000e+00,0.000000e+00,0.000000e+00
7.800000e-01,2.600000e-01,0.0,1.000000e+00,0.000000e+00,0.000000e+00
7.900000e-01,2.600000e-01,0.0,1.000000e+00,0.000000e+00,0.000000e+00
8.000000e-01,2.600000e-01,0.0,1.000000e+00,0.000000e+00,0.000000e+00
8.100000e-01,2.600000e-01,0.0,1.000000e+00,0.000000e+00,0.000000e+00
8.200000e-01,2.600000e-01,0.0,1.000000e+00,0.000000e+00,0.000000e+00
8.300000e-01,2.600000e-01,0.0,1.000000e+00,0.000000e+00,0.000000e+00
8.400000e-01,2.600000e-01,0.0,1.000000e+00,0.000000e+00,0.000000e+00
8.500000e-01,2.600000e-01,0.0,1.000000e+00,0.000000e+00,0.000000e+00
8.600000e-01,2.600000e-01,0.0,1.000000e+00,0.000000e+00,0.000000e+00
8.700000e-01,2.600000e-01,0.0,1.000000e+00,0.000000e+00,0.000000e+00
8.800000e-01,2.600000e-01,0.0,1.000000e+00,0.000000e+00,0.000000e+00
8.900000e-01,2.600000e-01,0.0,1.000000e+00,0.000000e+00,0.000000e+00
9.000000e-01,2.600000e-01,0.0,1.000000e+00,0.000000e+00,0.000000e+00
9.100000e-01,2.600000e-01,0.0,1.000000e+00,0.000000e+00,0.000000e+00
9.200000e-01,2.600000e-01,0.0,1.000000e+00,0.000000e+00,0.000000e+00
9.300000e-01,2.600000e-01,0.0,1.000000e+00,0.000000e+00,0.000000e+00
9.400000e-01,2.600000e-01,0.0,1.000000e+00,0.000000e+00,0.000000e+00
9.500000e-01,2.600000e-01,0.0,1.000000e+00,0.000000e+00,0.000000e+00
9.600000e-01,2.600000e-01,0.0,1.000000e+00,0.000000e+00,0.000000e+00
9.700000e-01,2.600000e-01,0.0,1.000000e+00,0.000000e+00,0.000000e+00
9.800000e-01,2.600000e-01,0.0,1.000000e+00,0.000000e+00,0.000000e+00
9.900000e-01,2.600000e-01,0.0,1.000000e+00,0.000000e+00,0.000000e+00
1.000000e+00,2.600000e-01,0.0,1.000000e+00,0.000000e+00,0.000000e+00
0.000000e+00,2.700000e-01,0.0,1.073445e+00,3.279660e-03,8.779542e-02
1.000000e-02,2.700000e-01,0.0,1.067362e+00,-1.925632e-02,8.128226e-02
2.000000e-02,2.700000e-01,0.0,1.057101e+00,-5.223086e-02,7.044372e-02
3.000000e-02,2.700000e-01,0.0,1.040404e+00,-6.950225e-02,5.347295e-02
4.000000e-02,2.700000e-01,0.0,1.022569e+00,-5.985052e-02,3.452711e-02
5.000000e-02,2.700000e-01,0.0,1.007450e+00,-3.404542e-02,1.757252e-02
6.000000e-02,2.700000e-01,0.0,9.956550e-01,-6.776222e-03,3.295801e-03
7.000000e-02,2.700000e-01,0.0,9.868850e-01,1.542030e-02,-8.629926e-03
8.000000e-02,2.700000e-01,0.0,9.811162e-01,3.018711e-02,-1.797026e-02
9.000000e-02,2.700000e-01,0.0,9.781614e-01,3.741937e-02,-2.436701e-02
1.000000e-01,2.700000e-01,0.0,9.770686e-01,3.976971e-02,-2.827070e-02
1.100000e-01,2.700000e-01,0.0,9.766708e-01,3.985269e-02,-3.159934e-02
1.200000e-01,2.700000e-01,0.0,9.766278e-01,3.892213e-02,-3.445219e-02
1.300000e-01,2.700000e-01,0.0,9.779073e-01,3.482790e-02,-3.482946e-02
1.400000e-01,2.700000e-01,0.0,9.808529e-01,2.680250e-02,-3.143963e-02
1.500000e-01,2.700000e-01,0.0,9.836750e-01,1.898919e-02,-2.700832e-02
1.600000e-01,2.700000e-01,0.0,9.854820e-01,1.321733e-02,-2.349939e-02
1.700000e-01,2.700000e-01,0.0,9.866276e-01,9.059395e-03,-2.058682e-02
1.800000e-01,2.700000e-01,0.0,9.873441e-01,5.641154e-03,-1.804558e-02
1.900000e-01,2.700000e-01,0.0,9.877397e-01,2.643440e-03,-1.604281e-02
2.000000e-01,2.700000e-01,0.0,9.878861e-01,-2.791680e-09,-1.462006e-02
2.100000e-01,2.700000e-01,0.0,9.877397e-01,-2.643443e-03,-1.604281e-02
2.200000e-01,2.700000e-01,0.0,9.873441e-01,-5.641141e-03,-1.804559e-02
2.300000e-01,2.700000e-01,0.0,9.866276e-01,-9.059370e-03,-2.058683e-02
2.400000e-01,2.700000e-01,0.0,9.854820e-01,-1.321723e-02,-2.349940e-02
2.500000e-01,2.700000e-01,0.0,9.836749e-01,-1.898904e-02,-2.700834e-02
2.600000e-01,2.700000e-01,0.0,9.808530e-01,-2.680283e-02,-3.143957e-02
2.700000e-01,2.700000e-01,0.0,9.779077e-01,-3.482903e-02,-3.482903e-02
2.800000e-01,2.700000e-01,0.0,9.766294e-01,-3.892719e-02,-3.445140e-02
2.900000e-01,2.700000e-01,0.0,9.766748e-01,-3.986558e-02,-3.159745e-02
3.000000e-01,2.700000e-01,0.0,9.770754e-01,-3.979067e-02,-2.826660e-02
3.100000e-01,2.700000e-01,0.0,9.781697e-01,-3.743913e-02,-2.435614e-02
3.200000e-01,2.700000e-01,0.0,9.811109e-01,-3.015833e-02,-1.795352e-02
3.300000e-01,2.700000e-01,0.0,9.868079e-01,-1.516561e-02,-8.639396e-03
3.400000e-01,2.700000e-01,0.0,9.952993e-01,7.876164e-03,3.083419e-03
3.500000e-01,2.700000e-01,0.0,1.006150e+00,3.794975e-02,1.651899e-02
3.600000e-01,2.700000e-01,0.0,1.018386e+00,7.231503e-02,3.059715e-02
3.700000e-01,2.700000e-01,0.0,1.029314e+00,1.026956e-01,4.206579e-02
3.800000e-01,2.700000e-01,0.0,1.035249e+00,1.177370e-01,4.665211e-02
3.900000e-01,2.700000e-01,0.0,1.036595e+00,1.191015e-01,4.610159e-02
4.000000e-01,2.700000e-01,0.0,1.036403e+00,1.157627e-01,4.370117e-02
4.100000e-01,2.700000e-01,0.0,1.032599e+00,1.013866e-01,3.724103e-02
4.200000e-01,2.700000e-01,0.0,1.022638e+00,6.917185e-02,2.402411e-02
4.300000e-01,2.700000e-01,0.0,1.010596e+00,3.197690e-02,1.030917e-02
4.400000e-01,2.700000e-01,0.0,1.003452e+00,1.038199e-02,3.123905e-03
4.500000e-01,2.700000e-01,0.0,1.000990e+00,2.993809e-03,8.529609e-04
4.600000e-01,2.700000e-01,0.0,1.000302e+00,9.194457e-04,2.511285e-04
4.700000e-01,2.700000e-01,0.0,1.000097e+00,2.941268e-04,7.796149e-05
4.800000e-01,2.700000e-01,0.0,1.000029e+00,8.859924e-05,2.290247e-05
4.900000e-01,2.700000e-01,0.0,1.000008e+00,2.365347e-05,5.945038e-06
5.000000e-01,2.700000e-01,0.0,1.000002e+00,5.599952e-06,1.361488e-06
5.100000e-01,2.700000e-01,0.0,1.000000e+00,1.217198e-06,2.839839e-07
5.200000e-01,2.700000e-01,0.0,1.000000e+00,2.569399e-07,5.650763e-08
5.300000e-01,2.700000e-01,0.0,1.000000e+00,6.017965e-08,1.217838e-08
5.400000e-01,2.700000e-01,0.0,1.000000e+00,2.008158e-08,3.721530e-09
5.500000e-01,2.700000e-01,0.0,1.000000e+00,9.992127e-09,1.764160e-09
5.600000e-01,2.700000e-01,0.0,1.000000e+00,5.828202e-09,1.004632e-09
5.700000e-01,2.700000e-01,0.0,1.000000e+00,3.458265e-09,5.845373e-10
5.800000e-01,2.700000e-01,0.0,1.000000e+00,2.015674e-09,3.342793e-10
5.900000e-01,2.700000e-01,0.0,1.000000e+00,1.143365e-09,1.860425e-10
6.000000e-01,2.700000e-01,0.0,1.000000e+00,6.279743e-10,1.002335e-10
6.100000e-01,2.700000e-01,0.0,1.000000e+00,3.326778e-10,5.207044e-11
6.200000e-01,2.700000e-01,0.0,1.000000e+00,1.694835e-10,2.600268e-11
6.300000e-01,2.700000e-01,0.0,1.000000e+00,8.284086e-11,1.245368e-11
6.400000e-01,2.700000e-01,0.0,1.000000e+00,3.878035e-11,5.710277e-12
6.500000e-01,2.700000e-01,0.0,1.000000e+00,1.736431e-11,2.503531e-12
6.600000e-01,2.700000e-01,0.0,1.000000e+00,7.429589e-12,1.048390e-12
6.700000e-01,2.700000e-01,0.0,1.000000e+00,3.035382e-12,4.190998e-13
6.800000e-01,2.700000e-01,0.0,1.000000e+00,1.183761e-12,1.600638e-13
6.900000e-01,2.700000e-01,0.0,1.000000e+00,4.403488e-13,5.851738e-14
7.000000e-01,2.700000e-01,0.0,1.000000e+00,1.561390e-13,2.035831e-14
7.100000e-01,2.700000e-01,0.0,1.000000e+00,5.257578e-14,6.571396e-15
7.200000e-01,2.700000e-01,0.0,1.000000e+00,1.672211e-14,2.030091e-15
7.300000e-01,2.700000e-01,0.0,1.000000e+00,5.074964e-15,4.273501e-16
7.400000e-01,2.700000e-01,0.0,1.000000e+00,1.175203e-15,5.341578e-17
7.500000e-01,2.700000e-01,0.0,1.000000e+00,1.068316e-16,0.000000e+00
7.600000e-01,2.700000e-01,0.0,1.000000e+00,0.000000e+00,0.000000e+00
7.700000e-01,2.700000e-01,0.0,1.000000e+00,0.000000e+00,0.000000e+00
7.800000e-01,2.700000e-01,0.0,1.000000e+00,0.000000e+00,0.000000e+00
7.900000e-01,2.700000e-01,0.0,1.000000e+00,0.000000e+00,0.000000e+00
8.000000e-01,2.700000e-01,0.0,1.000000e+00,0.000000e+00,0.000000e+00
8.100000e-01,2.700000e-01,0.0,1.000000e+00,0.000000e+00,0.000000e+00
8.200000e-01,2.700000e-01,0.0,1.000000e+00,0.000000e+00,0.000000e+00
8.300000e-01,2.700000e-01,0.0,1.000000e+00,0.000000e+00,0.000000e+00
8.400000e-01,2.700000e-01,0.0,1.000000e+00,0.000000e+00,0.000000e+00
8.500000e-01,2.700000e-01,0.0,1.000000e+00,0.000000e+00,0.000000e+00
8.600000e-01,2.700000e-01,0.0,1.000000e+00,0.000000e+00,0.000000e+00
8.700000e-01,2.700000e-01,0.0,1.000000e+00,0.000000e+00,0.000000e+00
8.800000e-01,2.700000e-01,0.0,1.000000e+00,0.000000e+00,0.000000e+00
8.900000e-01,2.700000e-01,0.0,1.000000e+00,0.000000e+00,0.000000e+00
9.000000e-01,2.700000e-01,0.0,1.000000e+00,0.000000e+00,0.000000e+00
9.100000e-01,2.700000e-01,0.0,1.000000e+00,0.000000e+00,0.000000e+00
9.200000e-01,2.700000e-01,0.0,1.000000e+00,0.000000e+00,0.000000e+00
9.300000e-01,2.700000e-01,0.0,1.000000e+00,0.000000e+00,0.000000e+00
9.400000e-01,2.700000e-01,0.0,1.000000e+00,0.000000e+00,0.000000e+00
9.500000e-01,2.700000e-01,0.0,1.000000e+00,0.000000e+00,0.000000e+00
9.600000e-01,2.700000e-01,0.0,1.000000e+00,0.000000e+00,0.000000e+00
9.700000e-01,2.700000e-01,0.0,1.000000e+00,0.000000e+00,0.000000e+00
9.800000e-01,2.700000e-01,0.0,1.000000e+00,0.000000e+00,0.000000e+00
9.900000e-01,2.700000e-01,0.0,1.000000e+00,0.000000e+00,0.000000e+00
1.000000e+00,2.700000e-01,0.0,1.000000e+00,0.000000e+00,0.000000e+00
0.000000e+00,2.800000e-01,0.0,1.072091e+00,2.764138e-03,9.589104e-02
1.000000e-02,2.800000e-01,0.0,1.064996e+00,-2.820690e-02,8.785648e-02
2.000000e-02,2.800000e-01,0.0,1.054588e+00,-6.681130e-02,7.599304e-02
3.000000e-02,2.800000e-01,0.0,1.041191e+00,-8.757245e-02,6.127632e-02
4.000000e-02,2.800000e-01,0.0,1.027012e+00,-7.835648e-02,4.509425e-02
5.000000e-02,2.800000e-01,0.0,1.012947e+00,-5.049941e-02,2.751725e-02
6.000000e-02,2.800000e-01,0.0,1.000804e+00,-2.084969e-02,1.128987e-02
7.000000e-02,2.800000e-01,0.0,9.911911e-01,3.645666e-03,-2.744011e-03
8.000000e-02,2.800000e-01,0.0,9.841695e-01,2.130363e-02,-1.444749e-02
9.000000e-02,2.800000e-01,0.0,9.797992e-01,3.174292e-02,-2.333105e-02
1.000000e-01,2.800000e-01,0.0,9.777564e-01,3.602662e-02,-2.912023e-02
1.100000e-01,2.800000e-01,0.0,9.770253e-01,3.676520e-02,-3.286239e-02
1.200000e-01,2.800000e-01,0.0,9.766777e-01,3.611343e-02,-3.611829e-02
1.300000e-01,2.800000e-01,0.0,9.766291e-01,3.445056e-02,-3.892738e-02
1.400000e-01,2.800000e-01,0.0,9.778818e-01,2.962878e-02,-3.921378e-02
1.500000e-01,2.800000e-01,0.0,9.802638e-01,2.231165e-02,-3.608274e-02
1.600000e-01,2.800000e-01,0.0,9.824038e-01,1.563637e-02,-3.200822e-02
1.700000e-01,2.800000e-01,0.0,9.838768e-01,1.053068e-02,-2.835826e-02
1.800000e-01,2.800000e-01,0.0,9.848136e-01,6.482480e-03,-2.535637e-02
1.900000e-01,2.800000e-01,0.0,9.853438e-01,3.029896e-03,-2.314502e-02
2.000000e-01,2.800000e-01,0.0,9.855389e-01,-2.743994e-09,-2.184911e-02
2.100000e-01,2.800000e-01,0.0,9.853438e-01,-3.029899e-03,-2.314502e-02
2.200000e-01,2.800000e-01,0.0,9.848136e-01,-6.482472e-03,-2.535638e-02
2.300000e-01,2.800000e-01,0.0,9.838768e-01,-1.053065e-02,-2.835827e-02
2.400000e-01,2.800000e-01,0.0,9.824038e-01,-1.563629e-02,-3.200824e-02
2.500000e-01,2.800000e-01,0.0,9.802637e-01,-2.231152e-02,-3.608277e-02
2.600000e-01,2.800000e-01,0.0,9.778818e-01,-2.962871e-02,-3.921375e-02
2.700000e-01,2.800000e-01,0.0,9.766294e-01,-3.445140e-02,-3.892719e-02
2.800000e-01,2.800000e-01,0.0,9.766790e-01,-3.611748e-02,-3.611748e-02
2.900000e-01,2.800000e-01,0.0,9.770288e-01,-3.677627e-02,-3.285989e-02
3.000000e-01,2.800000e-01,0.0,9.777630e-01,-3.604678e-02,-2.911632e-02
3.100000e-01,2.800000e-01,0.0,9.798045e-01,-3.175963e-02,-2.332882e-02
3.200000e-01,2.800000e-01,0.0,9.841606e-01,-2.127077e-02,-1.444856e-02
3.300000e-01,2.800000e-01,0.0,9.911322e-01,-3.447105e-03,-2.762652e-03
3.400000e-01,2.800000e-01,0.0,1.000566e+00,2.159744e-02,1.114096e-02
3.500000e-01,2.800000e-01,0.0,1.012107e+00,5.303170e-02,2.677524e-02
3.600000e-01,2.800000e-01,0.0,1.024292e+00,8.644741e-02,4.231874e-02
3.700000e-01,2.800000e-01,0.0,1.033380e+00,1.107196e-01,5.238079e-02
3.800000e-01,2.800000e-01,0.0,1.036868e+00,1.183138e-01,5.424106e-02
3.900000e-01,2.800000e-01,0.0,1.037425e+00,1.173302e-01,5.251189e-02
4.000000e-01,2.800000e-01,0.0,1.035887e+00,1.108978e-01,4.772772e-02
4.100000e-01,2.800000e-01,0.0,1.029620e+00,8.933104e-02,3.723157e-02
4.200000e-01,2.800000e-01,0.0,1.017622e+00,5.244271e-02,2.036269e-02
4.300000e-01,2.800000e-01,0.0,1.006982e+00,2.061279e-02,7.435841e-03
4.400000e-01,2.800000e-01,0.0,1.002127e+00,6.295531e-03,2.141340e-03
4.500000e-01,2.800000e-01,0.0,1.000642e+00,1.915117e-03,6.227150e-04
4.600000e-01,2.800000e-01,0.0,1.000209e+00,6.254902e-04,1.962876e-04
4.700000e-01,2.800000e-01,0.0,1.000067e+00,2.014237e-04,6.144495e-05
4.800000e-01,2.800000e-01,0.0,1.000020e+00,5.858674e-05,1.737838e-05
4.900000e-01,2.800000e-01,0.0,1.000005e+00,1.499995e-05,4.313079e-06
5.000000e-01,2.800000e-01,0.0,1.000001e+00,3.457951e-06,9.602979e-07
5.100000e-01,2.800000e-01,0.0,1.000000e+00,7.469060e-07,1.987099e-07
5.200000e-01,2.800000e-01,0.0,1.000000e+00,1.618337e-07,4.049469e-08
5.300000e-01,2.800000e-01,0.0,1.000000e+00,4.180641e-08,9.621193e-09
5.400000e-01,2.800000e-01,0.0,1.000000e+00,1.616537e-08,3.415887e-09
5.500000e-01,2.800000e-01,0.0,1.000000e+00,8.674525e-09,1.754525e-09
5.600000e-01,2.800000e-01,0.0,1.000000e+00,5.129668e-09,1.013714e-09
5.700000e-01,2.800000e-01,0.0,1.000000e+00,3.036236e-09,5.883572e-10
5.800000e-01,2.800000e-01,0.0,1.000000e+00,1.759081e-09,3.344360e-10
5.900000e-01,2.800000e-01,0.0,1.000000e+00,9.902820e-10,1.847182e-10
6.000000e-01,2.800000e-01,0.0,1.000000e+00,5.391721e-10,9.865276e-11
6.100000e-01,2.800000e-01,0.0,1.000000e+00,2.828947e-10,5.075699e-11
6.200000e-01,2.800000e-01,0.0,1.000000e+00,1.426347e-10,2.508591e-11
6.300000e-01,2.800000e-01,0.0,1.000000e+00,6.895829e-11,1.188393e-11
6.400000e-01,2.800000e-01,0.0,1.000000e+00,3.191513e-11,5.387494e-12
6.500000e-01,2.800000e-01,0.0,1.000000e+00,1.412284e-11,2.334356e-12
6.600000e-01,2.800000e-01,0.0,1.000000e+00,5.969692e-12,9.659680e-13
6.700000e-01,2.800000e-01,0.0,1.000000e+00,2.409159e-12,3.813510e-13
6.800000e-01,2.800000e-01,0.0,1.000000e+00,9.277826e-13,1.439203e-13
6.900000e-01,2.800000e-01,0.0,1.000000e+00,3.405648e-13,5.183530e-14
7.000000e-01,2.800000e-01,0.0,1.000000e+00,1.191040e-13,1.768578e-14
7.100000e-01,2.800000e-01,0.0,1.000000e+00,3.932410e-14,5.663336e-15
7.200000e-01,2.800000e-01,0.0,1.000000e+00,1.234096e-14,1.656040e-15
7.300000e-01,2.800000e-01,0.0,1.000000e+00,3.632540e-15,3.739229e-16
7.400000e-01,2.800000e-01,0.0,1.000000e+00,7.478525e-16,5.341578e-17
7.500000e-01,2.800000e-01,0.0,1.000000e+00,5.341578e-17,0.000000e+00
7.600000e-01,2.800000e-01,0.0,1.000000e+00,0.000000e+00,0.000000e+00
7.700000e-01,2.800000e-01,0.0,1.000000e+00,0.000000e+00,0.000000e+00
7.800000e-01,2.800000e-01,0.0,1.000000e+00,0.000000e+00,0.000000e+00
7.900000e-01,2.800000e-01,0.0,1.000000e+00,0.000000e+00,0.000000e+00
8.000000e-01,2.800000e-01,0.0,1.000000e+00,0.000000e+00,0.000000e+00
8.100000e-01,2.800000e-01,0.0,1.000000e+00,0.000000e+00,0.000000e+00
8.200000e-01,2.800000e-01,0.0,1.000000e+00,0.000000e+00,0.000000e+00
8.300000e-01,2.800000e-01,0.0,1.000000e+00,0.000000e+00,0.000000e+00
8.400000e-01,2.800000e-01,0.0,1.000000e+00,0.000000e+00,0.000000e+00
8.500000e-01,2.800000e-01,0.0,1.000000e+00,0.000000e+00,0.000000e+00
8.600000e-01,2.800000e-01,0.0,1.000000e+00,0.000000e+00,0.000000e+00
8.700000e-01,2.800000e-01,0.0,1.000000e+00,0.000000e+00,0.000000e+00
8.800000e-01,2.800000e-01,0.0,1.000000e+00,0.000000e+00,0.000000e+00
8.900000e-01,2.800000e-01,0.0,1.000000e+00,0.000000e+00,0.000000e+00
9.000000e-01,2.800000e-01,0.0,1.000000e+00,0.000000e+00,0.000000e+00
9.100000e-01,2.800000e-01,0.0,1.000000e+00,0.000000e+00,0.000000e+00
9.200000e-01,2.800000e-01,0.0,1.000000e+00,0.000000e+00,0.000000e+00
9.300000e-01,2.800000e-01,0.0,1.000000e+00,0.000000e+00,0.000000e+00
9.400000e-01,2.800000e-01,0.0,1.000000e+00,0.000000e+00,0.000000e+00
9.500000e-01,2.800000e-01,0.0,1.000000e+00,0.000000e+00,0.000000e+00
9.600000e-01,2.800000e-01,0.0,1.000000e+00,0.000000e+00,0.000000e+00
9.700000e-01,2.800000e-01,0.0,1.000000e+00,0.000000e+00,0.000000e+00
9.800000e-01,2.800000e-01,0.0,1.000000e+00,0.000000e+00,0.000000e+00
9.900000e-01,2.800000e-01,0.0,1.000000e+00,0.000000e+00,0.000000e+00
1.000000e+00,2.800000e-01,0.0,1.000000e+00,0.000000e+00,0.000000e+00
0.000000e+00,2.900000e-01,0.0,1.068354e+00,1.537021e-03,9.945184e-02
1.000000e-02,2.900000e-01,0.0,1.060461e+00,-3.867012e-02,8.930486e-02
2.000000e-02,2.900000e-01,0.0,1.050939e+00,-8.030129e-02,7.839833e-02
3.000000e-02,2.900000e-01,0.0,1.041638e+00,-1.005001e-01,6.846994e-02
4.000000e-02,2.900000e-01,0.0,1.032168e+00,-9.499147e-02,5.796313e-02
5.000000e-02,2.900000e-01,0.0,1.019810e+00,-6.866572e-02,4.123934e-02
6.000000e-02,2.900000e-01,0.0,1.007227e+00,-3.716093e-02,2.278226e-02
7.000000e-02,2.900000e-01,0.0,9.966869e-01,-1.036428e-02,6.353152e-03
8.000000e-02,2.900000e-01,0.0,9.885396e-01,9.723614e-03,-7.655996e-03
9.000000e-02,2.900000e-01,0.0,9.827421e-01,2.326554e-02,-1.917420e-02
1.000000e-01,2.900000e-01,0.0,9.792591e-01,3.062503e-02,-2.767033e-02
1.100000e-01,2.900000e-01,0.0,9.776581e-01,3.310173e-02,-3.311287e-02
1.200000e-01,2.900000e-01,0.0,9.770279e-01,3.285733e-02,-3.677723e-02
1.300000e-01,2.900000e-01,0.0,9.766746e-01,3.159704e-02,-3.986572e-02
1.400000e-01,2.900000e-01,0.0,9.767228e-01,2.894073e-02,-4.223703e-02
1.500000e-01,2.900000e-01,0.0,9.776858e-01,2.396462e-02,-4.255568e-02
1.600000e-01,2.900000e-01,0.0,9.792285e-01,1.784338e-02,-4.038138e-02
1.700000e-01,2.900000e-01,0.0,9.806197e-01,1.228122e-02,-3.736363e-02
1.800000e-01,2.900000e-01,0.0,9.815998e-01,7.643436e-03,-3.452819e-02
1.900000e-01,2.900000e-01,0.0,9.821809e-01,3.621371e-03,-3.239544e-02
2.000000e-01,2.900000e-01,0.0,9.823974e-01,-1.561986e-09,-3.130802e-02
2.100000e-01,2.900000e-01,0.0,9.821809e-01,-3.621374e-03,-3.239544e-02
2.200000e-01,2.900000e-01,0.0,9.815998e-01,-7.643434e-03,-3.452819e-02
2.300000e-01,2.900000e-01,0.0,9.806197e-01,-1.228120e-02,-3.736364e-02
2.400000e-01,2.900000e-01,0.0,9.792285e-01,-1.784331e-02,-4.038140e-02
2.500000e-01,2.900000e-01,0.0,9.776858e-01,-2.396449e-02,-4.255572e-02
2.600000e-01,2.900000e-01,0.0,9.767227e-01,-2.894064e-02,-4.223706e-02
2.700000e-01,2.900000e-01,0.0,9.766748e-01,-3.159745e-02,-3.986558e-02
2.800000e-01,2.900000e-01,0.0,9.770288e-01,-3.285989e-02,-3.677627e-02
2.900000e-01,2.900000e-01,0.0,9.776610e-01,-3.311037e-02,-3.311037e-02
3.000000e-01,2.900000e-01,0.0,9.792655e-01,-3.064513e-02,-2.766603e-02
3.100000e-01,2.900000e-01,0.0,9.827489e-01,-2.328959e-02,-1.917154e-02
3.200000e-01,2.900000e-01,0.0,9.885321e-01,-9.704645e-03,-7.666242e-03
3.300000e-01,2.900000e-01,0.0,9.966348e-01,1.052771e-02,6.309829e-03
3.400000e-01,2.900000e-01,0.0,1.007060e+00,3.768775e-02,2.264668e-02
3.500000e-01,2.900000e-01,0.0,1.019271e+00,7.031346e-02,4.072431e-02
3.600000e-01,2.900000e-01,0.0,1.030484e+00,1.000961e-01,5.606539e-02
3.700000e-01,2.900000e-01,0.0,1.036618e+00,1.150697e-01,6.212255e-02
3.800000e-01,2.900000e-01,0.0,1.037979e+00,1.168269e-01,6.110245e-02
3.900000e-01,2.900000e-01,0.0,1.037656e+00,1.141396e-01,5.737638e-02
4.000000e-01,2.900000e-01,0.0,1.034291e+00,1.016375e-01,4.976582e-02
4.100000e-01,2.900000e-01,0.0,1.024668e+00,7.225026e-02,3.316169e-02
4.200000e-01,2.900000e-01,0.0,1.012112e+00,3.507594e-02,1.495038e-02
4.300000e-01,2.900000e-01,0.0,1.004154e+00,1.201332e-02,4.800176e-03
4.400000e-01,2.900000e-01,0.0,1.001267e+00,3.693695e-03,1.408273e-03
4.500000e-01,2.900000e-01,0.0,1.000413e+00,1.213745e-03,4.452232e-04
4.600000e-01,2.900000e-01,0.0,1.000139e+00,4.106398e-04,1.458229e-04
4.700000e-01,2.900000e-01,0.0,1.000044e+00,1.291545e-04,4.452593e-05
4.800000e-01,2.900000e-01,0.0,1.000012e+00,3.581808e-05,1.197149e-05
4.900000e-01,2.900000e-01,0.0,1.000003e+00,8.823138e-06,2.853495e-06
5.000000e-01,2.900000e-01,0.0,1.000001e+00,1.996549e-06,6.228630e-07
5.100000e-01,2.900000e-01,0.0,1.000000e+00,4.327281e-07,1.289861e-07
5.200000e-01,2.900000e-01,0.0,1.000000e+00,9.865948e-08,2.759545e-08
5.300000e-01,2.900000e-01,0.0,1.000000e+00,2.931579e-08,7.521839e-09
5.400000e-01,2.900000e-01,0.0,1.000000e+00,1.315046e-08,3.115458e-09
5.500000e-01,2.900000e-01,0.0,1.000000e+00,7.456363e-09,1.700934e-09
5.600000e-01,2.900000e-01,0.0,1.000000e+00,4.438193e-09,9.901962e-10
5.700000e-01,2.900000e-01,0.0,1.000000e+00,2.615016e-09,5.721474e-10
5.800000e-01,2.900000e-01,0.0,1.000000e+00,1.503853e-09,3.228152e-10
5.900000e-01,2.900000e-01,0.0,1.000000e+00,8.390227e-10,1.766974e-10
6.000000e-01,2.900000e-01,0.0,1.000000e+00,4.521810e-10,9.340828e-11
6.100000e-01,2.900000e-01,0.0,1.000000e+00,2.346169e-10,4.752417e-11
6.200000e-01,2.900000e-01,0.0,1.000000e+00,1.168889e-10,2.320922e-11
6.300000e-01,2.900000e-01,0.0,1.000000e+00,5.580556e-11,1.085804e-11
6.400000e-01,2.900000e-01,0.0,1.000000e+00,2.549258e-11,4.858615e-12
6.500000e-01,2.900000e-01,0.0,1.000000e+00,1.113011e-11,2.077297e-12
6.600000e-01,2.900000e-01,0.0,1.000000e+00,4.640293e-12,8.479042e-13
6.700000e-01,2.900000e-01,0.0,1.000000e+00,1.846371e-12,3.301356e-13
6.800000e-01,2.900000e-01,0.0,1.000000e+00,7.012072e-13,1.227006e-13
6.900000e-01,2.900000e-01,0.0,1.000000e+00,2.536646e-13,4.349706e-14
7.000000e-01,2.900000e-01,0.0,1.000000e+00,8.709440e-14,1.458656e-14
7.100000e-01,2.900000e-01,0.0,1.000000e+00,2.836965e-14,4.754784e-15
7.200000e-01,2.900000e-01,0.0,1.000000e+00,8.761186e-15,1.495728e-15
7.300000e-01,2.900000e-01,0.0,1.000000e+00,2.403865e-15,3.739262e-16
7.400000e-01,2.900000e-01,0.0,1.000000e+00,4.807545e-16,0.000000e+00
7.500000e-01,2.900000e-01,0.0,1.000000e+00,0.000000e+00,0.000000e+00
7.600000e-01,2.900000e-01,0.0,1.000000e+00,0.000000e+00,0.000000e+00
7.700000e-01,2.900000e-01,0.0,1.000000e+00,0.000000e+00,0.000000e+00
7.800000e-01,2.900000e-01,0.0,1.000000e+00,0.000000e+00,0.000000e+00
7.900000e-01,2.900000e-01,0.0,1.000000e+00,0.000000e+00,0.000000e+00
8.000000e-01,2.900000e-01,0.0,1.000000e+00,0.000000e+00,0.000000e+00
8.100000e-01,2.900000e-01,0.0,1.000000e+00,0.000000e+00,0.000000e+00
8.200000e-01,2.900000e-01,0.0,1.000000e+00,0.000000e+00,0.000000e+00
8.300000e-01,2.900000e-01,0.0,1.000000e+00,0.000000e+00,0.000000e+00
8.400000e-01,2.900000e-01,0.0,1.000000e+00,0.000000e+00,0.000000e+00
8.500000e-01,2.900000e-01,0.0,1.000000e+00,0.000000e+00,0.000000e+00
8.600000e-01,2.900000e-01,0.0,1.000000e+00,0.000000e+00,0.000000e+00
8.700000e-01,2.900000e-01,0.0,1.000000e+00,0.000000e+00,0.000000e+00
8.800000e-01,2.900000e-01,0.0,1.000000e+00,0.000000e+00,0.000000e+00
8.900000e-01,2.900000e-01,0.0,1.000000e+00,0.000000e+00,0.000000e+00
9.000000e-01,2.900000e-01,0.0,1.000000e+00,0.000000e+00,0.000000e+00
9.100000e-01,2.900000e-01,0.0,1.000000e+00,0.000000e+00,0.000000e+00
9.200000e-01,2.900000e-01,0.0,1.000000e+00,0.000000e+00,0.000000e+00
9.300000e-01,2.900000e-01,0.0,1.000000e+00,0.000000e+00,0.000000e+00
9.400000e-01,2.900000e-01,0.0,1.000000e+00,0.000000e+00,0.000000e+00
9.500000e-01,2.900000e-01,0.0,1.000000e+00,0.000000e+00,0.000000e+00
9.600000e-01,2.900000e-01,0.0,1.000000e+00,0.000000e+00,0.000000e+00
9.700000e-01,2.900000e-01,0.0,1.000000e+00,0.000000e+00,0.000000e+00
9.800000e-01,2.900000e-01,0.0,1.000000e+00,0.000000e+00,0.000000e+00
9.900000e-01,2.900000e-01,0.0,1.000000e+00,0.000000e+00,0.000000e+00
1.000000e+00,2.900000e-01,0.0,1.000000e+00,0.000000e+00,0.000000e+00
0.000000e+00,3.000000e-01,0.0,1.060496e+00,-8.354525e-04,9.389304e-02
1.000000e-02,3.000000e-01,0.0,1.053196e+00,-4.807254e-02,8.378001e-02
2.000000e-02,3.000000e-01,0.0,1.046987e+00,-9.059150e-02,7.874657e-02
3.000000e-02,3.000000e-01,0.0,1.041465e+00,-1.064351e-01,7.395241e-02
4.000000e-02,3.000000e-01,0.0,1.036861e+00,-1.063343e-01,7.055979e-02
5.000000e-02,3.000000e-01,0.0,1.027834e+00,-8.736628e-02,5.868440e-02
6.000000e-02,3.000000e-01,0.0,1.015319e+00,-5.636691e-02,3.907516e-02
7.000000e-02,3.000000e-01,0.0,1.003598e+00,-2.685439e-02,1.952206e-02
8.000000e-02,3.000000e-01,0.0,9.943084e-01,-4.210812e-03,2.945059e-03
9.000000e-02,3.000000e-01,0.0,9.872882e-01,1.189231e-02,-1.097627e-02
1.000000e-01,3.000000e-01,0.0,9.823060e-01,2.231734e-02,-2.233949e-02
1.100000e-01,3.000000e-01,0.0,9.792635e-01,2.766037e-02,-3.064713e-02
1.200000e-01,3.000000e-01,0.0,9.777625e-01,2.911510e-02,-3.604734e-02
1.300000e-01,3.000000e-01,0.0,9.770753e-01,2.826651e-02,-3.979077e-02
1.400000e-01,3.000000e-01,0.0,9.767251e-01,2.640652e-02,-4.260312e-02
1.500000e-01,3.000000e-01,0.0,9.768842e-01,2.293006e-02,-4.429959e-02
1.600000e-01,3.000000e-01,0.0,9.774545e-01,1.816622e-02,-4.459219e-02
1.700000e-01,3.000000e-01,0.0,9.782005e-01,1.308271e-02,-4.363893e-02
1.800000e-01,3.000000e-01,0.0,9.788249e-01,8.354664e-03,-4.213316e-02
1.900000e-01,3.000000e-01,0.0,9.792136e-01,4.030062e-03,-4.079644e-02
2.000000e-01,3.000000e-01,0.0,9.793620e-01,-8.001543e-10,-4.013136e-02
2.100000e-01,3.000000e-01,0.0,9.792136e-01,-4.030064e-03,-4.079644e-02
2.200000e-01,3.000000e-01,0.0,9.788249e-01,-8.354665e-03,-4.213316e-02
2.300000e-01,3.000000e-01,0.0,9.782005e-01,-1.308270e-02,-4.363893e-02
2.400000e-01,3.000000e-01,0.0,9.774544e-01,-1.816618e-02,-4.459220e-02
2.500000e-01,3.000000e-01,0.0,9.768841e-01,-2.292997e-02,-4.429962e-02
2.600000e-01,3.000000e-01,0.0,9.767250e-01,-2.640641e-02,-4.260317e-02
2.700000e-01,3.000000e-01,0.0,9.770754e-01,-2.826660e-02,-3.979067e-02
2.800000e-01,3.000000e-01,0.0,9.777630e-01,-2.911632e-02,-3.604678e-02
2.900000e-01,3.000000e-01,0.0,9.792655e-01,-2.766603e-02,-3.064513e-02
3.000000e-01,3.000000e-01,0.0,9.823114e-01,-2.233398e-02,-2.233398e-02
3.100000e-01,3.000000e-01,0.0,9.872971e-01,-1.192110e-02,-1.096798e-02
3.200000e-01,3.000000e-01,0.0,9.943100e-01,4.199264e-03,2.942358e-03
3.300000e-01,3.000000e-01,0.0,1.003561e+00,2.695511e-02,1.947141e-02
3.400000e-01,3.000000e-01,0.0,1.015186e+00,5.677650e-02,3.892025e-02
3.500000e-01,3.000000e-01,0.0,1.027467e+00,8.850366e-02,5.827715e-02
3.600000e-01,3.000000e-01,0.0,1.035801e+00,1.094172e-01,6.924724e-02
3.700000e-01,3.000000e-01,0.0,1.038419e+00,1.148284e-01,6.986107e-02
3.800000e-01,3.000000e-01,0.0,1.038594e+00,1.138566e-01,6.637746e-02
3.900000e-01,3.000000e-01,0.0,1.036830e+00,1.071738e-01,6.013602e-02
4.000000e-01,3.000000e-01,0.0,1.030332e+00,8.699106e-02,4.653165e-02
4.100000e-01,3.000000e-01,0.0,1.018084e+00,5.128202e-02,2.551431e-02
4.200000e-01,3.000000e-01,0.0,1.007249e+00,2.044094e-02,9.489687e-03
4.300000e-01,3.000000e-01,0.0,1.002312e+00,6.564578e-03,2.897843e-03
4.400000e-01,3.000000e-01,0.0,1.000753e+00,2.163515e-03,9.178044e-04
4.500000e-01,3.000000e-01,0.0,1.000262e+00,7.576596e-04,3.100728e-04
4.600000e-01,3.000000e-01,0.0,1.000088e+00,2.551529e-04,1.011079e-04
4.700000e-01,3.000000e-01,0.0,1.000026e+00,7.650953e-05,2.936489e-05
4.800000e-01,3.000000e-01,0.0,1.000007e+00,2.020212e-05,7.502653e-06
4.900000e-01,3.000000e-01,0.0,1.000002e+00,4.832134e-06,1.734769e-06
5.000000e-01,3.000000e-01,0.0,1.000000e+00,1.082759e-06,3.743496e-07
5.100000e-01,3.000000e-01,0.0,1.000000e+00,2.390095e-07,7.867446e-08
5.200000e-01,3.000000e-01,0.0,1.000000e+00,5.970865e-08,1.840137e-08
5.300000e-01,3.000000e-01,0.0,1.000000e+00,2.119533e-08,5.964603e-09
5.400000e-01,3.000000e-01,0.0,1.000000e+00,1.079481e-08,2.833793e-09
5.500000e-01,3.000000e-01,0.0,1.000000e+00,6.330116e-09,1.609608e-09
5.600000e-01,3.000000e-01,0.0,1.000000e+00,3.770323e-09,9.385350e-10
5.700000e-01,3.000000e-01,0.0,1.000000e+00,2.207115e-09,5.388309e-10
5.800000e-01,3.000000e-01,0.0,1.000000e+00,1.258012e-09,3.013097e-10
5.900000e-01,3.000000e-01,0.0,1.000000e+00,6.945313e-10,1.631940e-10
6.000000e-01,3.000000e-01,0.0,1.000000e+00,3.699352e-10,8.525729e-11
6.100000e-01,3.000000e-01,0.0,1.000000e+00,1.895097e-10,4.282560e-11
6.200000e-01,3.000000e-01,0.0,1.000000e+00,9.314405e-11,2.063242e-11
6.300000e-01,3.000000e-01,0.0,1.000000e+00,4.384206e-11,9.516361e-12
6.400000e-01,3.000000e-01,0.0,1.000000e+00,1.973507e-11,4.196398e-12
6.500000e-01,3.000000e-01,0.0,1.000000e+00,8.486955e-12,1.767563e-12
6.600000e-01,3.000000e-01,0.0,1.000000e+00,3.484195e-12,7.103924e-13
6.700000e-01,3.000000e-01,0.0,1.000000e+00,1.364648e-12,2.725622e-13
6.800000e-01,3.000000e-01,0.0,1.000000e+00,5.098663e-13,9.960974e-14
6.900000e-01,3.000000e-01,0.0,1.000000e+00,1.815708e-13,3.473122e-14
7.000000e-01,3.000000e-01,0.0,1.000000e+00,6.128447e-14,1.143355e-14
7.100000e-01,3.000000e-01,0.0,1.000000e+00,1.960701e-14,3.792951e-15
7.200000e-01,3.000000e-01,0.0,1.000000e+00,5.876307e-15,1.068388e-15
7.300000e-01,3.000000e-01,0.0,1.000000e+00,1.442299e-15,2.136664e-16
7.400000e-01,3.000000e-01,0.0,1.000000e+00,1.602506e-16,0.000000e+00
7.500000e-01,3.000000e-01,0.0,1.000000e+00,0.000000e+00,0.000000e+00
7.600000e-01,3.000000e-01,0.0,1.000000e+00,0.000000e+00,0.000000e+00
7.700000e-01,3.000000e-01,0.0,1.000000e+00,0.000000e+00,0.000000e+00
7.800000e-01,3.000000e-01,0.0,1.000000e+00,0.000000e+00,0.000000e+00
7.900000e-01,3.000000e-01,0.0,1.000000e+00,0.000000e+00,0.000000e+00
8.000000e-01,3.000000e-01,0.0,1.000000e+00,0.000000e+00,0.000000e+00
8.100000e-01,3.000000e-01,0.0,1.000000e+00,0.000000e+00,0.000000e+00
8.200000e-01,3.000000e-01,0.0,1.000000e+00,0.000000e+00,0.000000e+00
8.300000e-01,3.000000e-01,0.0,1.000000e+00,0.000000e+00,0.000000e+00
8.400000e-01,3.000000e-01,0.0,1.000000e+00,0.000000e+00,0.000000e+00
8.500000e-01,3.000000e-01,0.0,1.000000e+00,0.000000e+00,0.000000e+00
8.600000e-01,3.000000e-01,0.0,1.000000e+00,0.000000e+00,0.000000e+00
8.700000e-01,3.000000e-01,0.0,1.000000e+00,0.000000e+00,0.000000e+00
8.800000e-01,3.000000e-01,0.0,1.000000e+00,0.000000e+00,0.000000e+00
8.900000e-01,3.000000e-01,0.0,1.000000e+00,0.000000e+00,0.000000e+00
9.000000e-01,3.000000e-01,0.0,1.000000e+00,0.000000e+00,0.000000e+00
9.100000e-01,3.000000e-01,0.0,1.000000e+00,0.000000e+00,0.000000e+00
9.200000e-01,3.000000e-01,0.0,1.000000e+00,0.000000e+00,0.000000e+00
9.300000e-01,3.000000e-01,0.0,1.000000e+00,0.000000e+00,0.000000e+00
9.400000e-01,3.000000e-01,0.0,1.000000e+00,0.000000e+00,0.000000e+00
9.500000e-01,3.000000e-01,0.0,1.000000e+00,0.000000e+00,0.000000e+00
9.600000e-01,3.000000e-01,0.0,1.000000e+00,0.000000e+00,0.000000e+00
9.700000e-01,3.000000e-01,0.0,1.000000e+00,0.000000e+00,0.000000e+00
9.800000e-01,3.000000e-01,0.0,1.000000e+00,0.000000e+00,0.000000e+00
9.900000e-01,3.000000e-01,0.0,1.000000e+00,0.000000e+00,0.000000e+00
1.000000e+00,3.000000e-01,0.0,1.000000e+00,0.000000e+00,0.000000e+00
0.000000e+00,3.100000e-01,0.0,1.048526e+00,-3.558783e-03,7.914074e-02
1.000000e-02,3.100000e-01,0.0,1.043422e+00,-5.207187e-02,7.182475e-02
2.000000e-02,3.100000e-01,0.0,1.043221e+00,-9.552729e-02,7.724676e-02
3.000000e-02,3.100000e-01,0.0,1.040742e+00,-1.068330e-01,7.728969e-02
4.000000e-02,3.100000e-01,0.0,1.039397e+00,-1.093505e-01,7.945243e-02
5.000000e-02,3.100000e-01,0.0,1.035101e+00,-1.017138e-01,7.626886e-02
6.000000e-02,3.100000e-01,0.0,1.025094e+00,-7.777563e-02,6.065973e-02
7.000000e-02,3.100000e-01,0.0,1.012554e+00,-4.681710e-02,3.853115e-02
8.000000e-02,3.100000e-01,0.0,1.001769e+00,-2.072478e-02,1.844035e-02
9.000000e-02,3.100000e-01,0.0,9.935366e-01,-1.955160e-03,1.920130e-03
1.000000e-01,3.100000e-01,0.0,9.872936e-01,1.095873e-02,-1.192563e-02
1.100000e-01,3.100000e-01,0.0,9.827480e-01,1.916893e-02,-2.329080e-02
1.200000e-01,3.100000e-01,0.0,9.798043e-01,2.332821e-02,-3.175980e-02
1.300000e-01,3.100000e-01,0.0,9.781697e-01,2.435616e-02,-3.743911e-02
1.400000e-01,3.100000e-01,0.0,9.773272e-01,2.317328e-02,-4.138775e-02
1.500000e-01,3.100000e-01,0.0,9.769340e-01,2.086405e-02,-4.390945e-02
1.600000e-01,3.100000e-01,0.0,9.771148e-01,1.706384e-02,-4.490684e-02
1.700000e-01,3.100000e-01,0.0,9.774529e-01,1.256721e-02,-4.495379e-02
1.800000e-01,3.100000e-01,0.0,9.777542e-01,8.146374e-03,-4.454498e-02
1.900000e-01,3.100000e-01,0.0,9.779257e-01,3.964023e-03,-4.398968e-02
2.000000e-01,3.100000e-01,0.0,9.779862e-01,-4.599394e-10,-4.372843e-02
2.100000e-01,3.100000e-01,0.0,9.779257e-01,-3.964024e-03,-4.398968e-02
2.200000e-01,3.100000e-01,0.0,9.777542e-01,-8.146375e-03,-4.454498e-02
2.300000e-01,3.100000e-01,0.0,9.774529e-01,-1.256720e-02,-4.495379e-02
2.400000e-01,3.100000e-01,0.0,9.771148e-01,-1.706382e-02,-4.490685e-02
2.500000e-01,3.100000e-01,0.0,9.769340e-01,-2.086399e-02,-4.390948e-02
2.600000e-01,3.100000e-01,0.0,9.773272e-01,-2.317316e-02,-4.138781e-02
2.700000e-01,3.100000e-01,0.0,9.781697e-01,-2.435614e-02,-3.743913e-02
2.800000e-01,3.100000e-01,0.0,9.798045e-01,-2.332882e-02,-3.175963e-02
2.900000e-01,3.100000e-01,0.0,9.827489e-01,-1.917154e-02,-2.328959e-02
3.000000e-01,3.100000e-01,0.0,9.872971e-01,-1.096798e-02,-1.192110e-02
3.100000e-01,3.100000e-01,0.0,9.935450e-01,1.931263e-03,1.931263e-03
3.200000e-01,3.100000e-01,0.0,1.001779e+00,2.069051e-02,1.845210e-02
3.300000e-01,3.100000e-01,0.0,1.012542e+00,4.683823e-02,3.850889e-02
3.400000e-01,3.100000e-01,0.0,1.024998e+00,7.804201e-02,6.053513e-02
3.500000e-01,3.100000e-01,0.0,1.034817e+00,1.025225e-01,7.584421e-02
3.600000e-01,3.100000e-01,0.0,1.038699e+00,1.112909e-01,7.846097e-02
3.700000e-01,3.100000e-01,0.0,1.039120e+00,1.115137e-01,7.496573e-02
3.800000e-01,3.100000e-01,0.0,1.038168e+00,1.081415e-01,6.917151e-02
3.900000e-01,3.100000e-01,0.0,1.034145e+00,9.538636e-02,5.869063e-02
4.000000e-01,3.100000e-01,0.0,1.023768e+00,6.581074e-02,3.775480e-02
4.100000e-01,3.100000e-01,0.0,1.011224e+00,3.080152e-02,1.648128e-02
4.200000e-01,3.100000e-01,0.0,1.003873e+00,1.066674e-02,5.401012e-03
4.300000e-01,3.100000e-01,0.0,1.001272e+00,3.551787e-03,1.726570e-03
4.400000e-01,3.100000e-01,0.0,1.000452e+00,1.274417e-03,5.963033e-04
4.500000e-01,3.100000e-01,0.0,1.000161e+00,4.548917e-04,2.054714e-04
4.600000e-01,3.100000e-01,0.0,1.000052e+00,1.468692e-04,6.414835e-05
4.700000e-01,3.100000e-01,0.0,1.000015e+00,4.159758e-05,1.756478e-05
4.800000e-01,3.100000e-01,0.0,1.000004e+00,1.055467e-05,4.308532e-06
4.900000e-01,3.100000e-01,0.0,1.000001e+00,2.477070e-06,9.765894e-07
5.000000e-01,3.100000e-01,0.0,1.000000e+00,5.548021e-07,2.101010e-07
5.100000e-01,3.100000e-01,0.0,1.000000e+00,1.282349e-07,4.607517e-08
5.200000e-01,3.100000e-01,0.0,1.000000e+00,3.714671e-08,1.243701e-08
5.300000e-01,3.100000e-01,0.0,1.000000e+00,1.594693e-08,4.865934e-09
5.400000e-01,3.100000e-01,0.0,1.000000e+00,8.881210e-09,2.563135e-09
5.500000e-01,3.100000e-01,0.0,1.000000e+00,5.292147e-09,1.486500e-09
5.600000e-01,3.100000e-01,0.0,1.000000e+00,3.140560e-09,8.641550e-10
5.700000e-01,3.100000e-01,0.0,1.000000e+00,1.823196e-09,4.920198e-10
5.800000e-01,3.100000e-01,0.0,1.000000e+00,1.028327e-09,2.722379e-10
5.900000e-01,3.100000e-01,0.0,1.000000e+00,5.608976e-10,1.456613e-10
6.000000e-01,3.100000e-01,0.0,1.000000e+00,2.947879e-10,7.508029e-11
6.100000e-01,3.100000e-01,0.0,1.000000e+00,1.488550e-10,3.717245e-11
6.200000e-01,3.100000e-01,0.0,1.000000e+00,7.205809e-11,1.763797e-11
6.300000e-01,3.100000e-01,0.0,1.000000e+00,3.338400e-11,8.007367e-12
6.400000e-01,3.100000e-01,0.0,1.000000e+00,1.478356e-11,3.473751e-12
6.500000e-01,3.100000e-01,0.0,1.000000e+00,6.251804e-12,1.438884e-12
6.600000e-01,3.100000e-01,0.0,1.000000e+00,2.522708e-12,5.685616e-13
6.700000e-01,3.100000e-01,0.0,1.000000e+00,9.711456e-13,2.143514e-13
6.800000e-01,3.100000e-01,0.0,1.000000e+00,3.562125e-13,7.710833e-14
6.900000e-01,3.100000e-01,0.0,1.000000e+00,1.244441e-13,2.612734e-14
7.000000e-01,3.100000e-01,0.0,1.000000e+00,4.124641e-14,8.494685e-15
7.100000e-01,3.100000e-01,0.0,1.000000e+00,1.271469e-14,2.724417e-15
7.200000e-01,3.100000e-01,0.0,1.000000e+00,3.685956e-15,5.876099e-16
7.300000e-01,3.100000e-01,0.0,1.000000e+00,7.478525e-16,5.341578e-17
7.400000e-01,3.100000e-01,0.0,1.000000e+00,5.341578e-17,0.000000e+00
7.500000e-01,3.100000e-01,0.0,1.000000e+00,0.000000e+00,0.000000e+00
7.600000e-01,3.100000e-01,0.0,1.000000e+00,0.000000e+00,0.000000e+00
7.700000e-01,3.100000e-01,0.0,1.000000e+00,0.000000e+00,0.000000e+00
7.800000e-01,3.100000e-01,0.0,1.000000e+00,0.000000e+00,0.000000e+00
7.900000e-01,3.100000e-01,0.0,1.000000e+00,0.000000e+00,0.000000e+00
8.000000e-01,3.100000e-01,0.0,1.000000e+00,0.000000e+00,0.000000e+00
8.100000e-01,3.100000e-01,0.0,1.000000e+00,0.000000e+00,0.000000e+00
8.200000e-01,3.100000e-01,0.0,1.000000e+00,0.000000e+00,0.000000e+00
8.300000e-01,3.100000e-01,0.0,1.000000e+00,0.000000e+00,0.000000e+00
8.400000e-01,3.100000e-01,0.0,1.000000e+00,0.000000e+00,0.000000e+00
8.500000e-01,3.100000e-01,0.0,1.000000e+00,0.000000e+00,0.000000e+00
8.600000e-01,3.100000e-01,0.0,1.000000e+00,0.000000e+00,0.000000e+00
8.700000e-01,3.100000e-01,0.0,1.000000e+00,0.000000e+00,0.000000e+00
8.800000e-01,3.100000e-01,0.0,1.000000e+00,0.000000e+00,0.000000e+00
8.900000e-01,3.100000e-01,0.0,1.000000e+00,0.000000e+00,0.000000e+00
9.000000e-01,3.100000e-01,0.0,1.000000e+00,0.000000e+00,0.000000e+00
9.100000e-01,3.100000e-01,0.0,1.000000e+00,0.000000e+00,0.000000e+00
9.200000e-01,3.100000e-01,0.0,1.000000e+00,0.000000e+00,0.000000e+00
9.300000e-01,3.100000e-01,0.0,1.000000e+00,0.000000e+00,0.000000e+00
9.400000e-01,3.100000e-01,0.0,1.000000e+00,0.000000e+00,0.000000e+00
9.500000e-01,3.100000e-01,0.0,1.000000e+00,0.000000e+00,0.000000e+00
9.600000e-01,3.100000e-01,0.0,1.000000e+00,0.000000e+00,0.000000e+00
9.700000e-01,3.100000e-01,0.0,1.000000e+00,0.000000e+00,0.000000e+00
9.800000e-01,3.100000e-01,0.0,1.000000e+00,0.000000e+00,0.000000e+00
9.900000e-01,3.100000e-01,0.0,1.000000e+00,0.000000e+00,0.000000e+00
1.000000e+00,3.100000e-01,0.0,1.000000e+00,0.000000e+00,0.000000e+00
0.000000e+00,3.200000e-01,0.0,1.033789e+00,-5.312460e-03,5.746520e-02
1.000000e-02,3.200000e-01,0.0,1.031972e+00,-4.725283e-02,5.467983e-02
2.000000e-02,3.200000e-01,0.0,1.039012e+00,-9.229570e-02,7.295205e-02
3.000000e-02,3.200000e-01,0.0,1.039928e+00,-1.035247e-01,7.929467e-02
4.000000e-02,3.200000e-01,0.0,1.039853e+00,-1.065320e-01,8.367012e-02
5.000000e-02,3.200000e-01,0.0,1.039041e+00,-1.059019e-01,8.679359e-02
6.000000e-02,3.200000e-01,0.0,1.034198e+00,-9.521821e-02,8.221134e-02
7.000000e-02,3.200000e-01,0.0,1.023651e+00,-6.978349e-02,6.403465e-02
8.000000e-02,3.200000e-01,0.0,1.011627e+00,-4.086938e-02,4.082139e-02
9.000000e-02,3.200000e-01,0.0,1.001774e+00,-1.846463e-02,2.068257e-02
1.000000e-01,3.200000e-01,0.0,9.943084e-01,-2.946776e-03,4.196961e-03
1.100000e-01,3.200000e-01,0.0,9.885315e-01,7.664583e-03,-9.705213e-03
1.200000e-01,3.200000e-01,0.0,9.841606e-01,1.444836e-02,-2.127083e-02
1.300000e-01,3.200000e-01,0.0,9.811109e-01,1.795362e-02,-3.015826e-02
1.400000e-01,3.200000e-01,0.0,9.791730e-01,1.892325e-02,-3.635196e-02
1.500000e-01,3.200000e-01,0.0,9.780708e-01,1.770604e-02,-4.064692e-02
1.600000e-01,3.200000e-01,0.0,9.775137e-01,1.527120e-02,-4.322672e-02
1.700000e-01,3.200000e-01,0.0,9.775122e-01,1.171413e-02,-4.411069e-02
1.800000e-01,3.200000e-01,0.0,9.776803e-01,7.688930e-03,-4.405999e-02
1.900000e-01,3.200000e-01,0.0,9.778106e-01,3.758709e-03,-4.370000e-02
2.000000e-01,3.200000e-01,0.0,9.778674e-01,-2.338193e-10,-4.356316e-02
2.100000e-01,3.200000e-01,0.0,9.778106e-01,-3.758709e-03,-4.370000e-02
2.200000e-01,3.200000e-01,0.0,9.776803e-01,-7.688931e-03,-4.405999e-02
2.300000e-01,3.200000e-01,0.0,9.775122e-01,-1.171413e-02,-4.411069e-02
2.400000e-01,3.200000e-01,0.0,9.775137e-01,-1.527119e-02,-4.322672e-02
2.500000e-01,3.200000e-01,0.0,9.780708e-01,-1.770601e-02,-4.064694e-02
2.600000e-01,3.200000e-01,0.0,9.791730e-01,-1.892317e-02,-3.635200e-02
2.700000e-01,3.200000e-01,0.0,9.811109e-01,-1.795352e-02,-3.015833e-02
2.800000e-01,3.200000e-01,0.0,9.841606e-01,-1.444856e-02,-2.127077e-02
2.900000e-01,3.200000e-01,0.0,9.885321e-01,-7.666242e-03,-9.704645e-03
3.000000e-01,3.200000e-01,0.0,9.943100e-01,2.942358e-03,4.199264e-03
3.100000e-01,3.200000e-01,0.0,1.001779e+00,1.845210e-02,2.069051e-02
3.200000e-01,3.200000e-01,0.0,1.011639e+00,4.083840e-02,4.083840e-02
3.300000e-01,3.200000e-01,0.0,1.023653e+00,6.978346e-02,6.404727e-02
3.400000e-01,3.200000e-01,0.0,1.034152e+00,9.535089e-02,8.213336e-02
3.500000e-01,3.200000e-01,0.0,1.038842e+00,1.064106e-01,8.649657e-02
3.600000e-01,3.200000e-01,0.0,1.039431e+00,1.077309e-01,8.302162e-02
3.700000e-01,3.200000e-01,0.0,1.038860e+00,1.062186e-01,7.735371e-02
3.800000e-01,3.200000e-01,0.0,1.036375e+00,9.849695e-02,6.889771e-02
3.900000e-01,3.200000e-01,0.0,1.028333e+00,7.620124e-02,4.999019e-02
4.000000e-01,3.200000e-01,0.0,1.015524e+00,4.133437e-02,2.531432e-02
4.100000e-01,3.200000e-01,0.0,1.005912e+00,1.574981e-02,9.088533e-03
4.200000e-01,3.200000e-01,0.0,1.001987e+00,5.368805e-03,2.968323e-03
4.300000e-01,3.200000e-01,0.0,1.000717e+00,1.964307e-03,1.043908e-03
4.400000e-01,3.200000e-01,0.0,1.000267e+00,7.365954e-04,3.768013e-04
4.500000e-01,3.200000e-01,0.0,1.000092e+00,2.546582e-04,1.256989e-04
4.600000e-01,3.200000e-01,0.0,1.000028e+00,7.727642e-05,3.682565e-05
4.700000e-01,3.200000e-01,0.0,1.000007e+00,2.082552e-05,9.585720e-06
4.800000e-01,3.200000e-01,0.0,1.000002e+00,5.144345e-06,2.287963e-06
4.900000e-01,3.200000e-01,0.0,1.000000e+00,1.194066e-06,5.121510e-07
5.000000e-01,3.200000e-01,0.0,1.000000e+00,2.716578e-07,1.115230e-07
5.100000e-01,3.200000e-01,0.0,1.000000e+00,6.918849e-08,2.688345e-08
5.200000e-01,3.200000e-01,0.0,1.000000e+00,2.455120e-08,8.796502e-09
5.300000e-01,3.200000e-01,0.0,1.000000e+00,1.239771e-08,4.080359e-09
5.400000e-01,3.200000e-01,0.0,1.000000e+00,7.262288e-09,2.291437e-09
5.500000e-01,3.200000e-01,0.0,1.000000e+00,4.345036e-09,1.338543e-09
5.600000e-01,3.200000e-01,0.0,1.000000e+00,2.561056e-09,7.731358e-10
5.700000e-01,3.200000e-01,0.0,1.000000e+00,1.471788e-09,4.357281e-10
5.800000e-01,3.200000e-01,0.0,1.000000e+00,8.200813e-10,2.381421e-10
5.900000e-01,3.200000e-01,0.0,1.000000e+00,4.411967e-10,1.256590e-10
6.000000e-01,3.200000e-01,0.0,1.000000e+00,2.284167e-10,6.379548e-11
6.100000e-01,3.200000e-01,0.0,1.000000e+00,1.135031e-10,3.107911e-11
6.200000e-01,3.200000e-01,0.0,1.000000e+00,5.402595e-11,1.449915e-11
6.300000e-01,3.200000e-01,0.0,1.000000e+00,2.459541e-11,6.467890e-12
6.400000e-01,3.200000e-01,0.0,1.000000e+00,1.069723e-11,2.755592e-12
6.500000e-01,3.200000e-01,0.0,1.000000e+00,4.440900e-12,1.120664e-12
6.600000e-01,3.200000e-01,0.0,1.000000e+00,1.758858e-12,4.346009e-13
6.700000e-01,3.200000e-01,0.0,1.000000e+00,6.642520e-13,1.607943e-13
6.800000e-01,3.200000e-01,0.0,1.000000e+00,2.390155e-13,5.642568e-14
6.900000e-01,3.200000e-01,0.0,1.000000e+00,8.185551e-14,1.885988e-14
7.000000e-01,3.200000e-01,0.0,1.000000e+00,2.639241e-14,5.609478e-15
7.100000e-01,3.200000e-01,0.0,1.000000e+00,7.959783e-15,1.602574e-15
7.200000e-01,3.200000e-01,0.0,1.000000e+00,2.083340e-15,3.739262e-16
7.300000e-01,3.200000e-01,0.0,1.000000e+00,4.273328e-16,0.000000e+00
7.400000e-01,3.200000e-01,0.0,1.000000e+00,0.000000e+00,0.000000e+00
7.500000e-01,3.200000e-01,0.0,1.000000e+00,0.000000e+00,0.000000e+00
7.600000e-01,3.200000e-01,0.0,1.000000e+00,0.000000e+00,0.000000e+00
7.700000e-01,3.200000e-01,0.0,1.000000e+00,0.000000e+00,0.000000e+00
7.800000e-01,3.200000e-01,0.0,1.000000e+00,0.000000e+00,0.000000e+00
7.900000e-01,3.200000e-01,0.0,1.000000e+00,0.000000e+00,0.000000e+00
8.000000e-01,3.200000e-01,0.0,1.000000e+00,0.000000e+00,0.000000e+00
8.100000e-01,3.200000e-01,0.0,1.000000e+00,0.000000e+00,0.000000e+00
8.200000e-01,3.200000e-01,0.0,1.000000e+00,0.000000e+00,0.000000e+00
8.300000e-01,3.200000e-01,0.0,1.000000e+00,0.000000e+00,0.000000e+00
8.400000e-01,3.200000e-01,0.0,1.000000e+00,0.000000e+00,0.000000e+00
8.500000e-01,3.200000e-01,0.0,1.000000e+00,0.000000e+00,0.000000e+00
8.600000e-01,3.200000e-01,0.0,1.000000e+00,0.000000e+00,0.000000e+00
8.700000e-01,3.200000e-01,0.0,1.000000e+00,0.000000e+00,0.000000e+00
8.800000e-01,3.200000e-01,0.0,1.000000e+00,0.000000e+00,0.000000e+00
8.900000e-01,3.200000e-01,0.0,1.000000e+00,0.000000e+00,0.000000e+00
9.000000e-01,3.200000e-01,0.0,1.000000e+00,0.000000e+00,0.000000e+00
9.100000e-01,3.200000e-01,0.0,1.000000e+00,0.000000e+00,0.000000e+00
9.200000e-01,3.200000e-01,0.0,1.000000e+00,0.000000e+00,0.000000e+00
9.300000e-01,3.200000e-01,0.0,1.000000e+00,0.000000e+00,0.000000e+00
9.400000e-01,3.200000e-01,0.0,1.000000e+00,0.000000e+00,0.000000e+00
9.500000e-01,3.200000e-01,0.0,1.000000e+00,0.000000e+00,0.000000e+00
9.600000e-01,3.200000e-01,0.0,1.000000e+00,0.000000e+00,0.000000e+00
9.700000e-01,3.200000e-01,0.0,1.000000e+00,0.000000e+00,0.000000e+00
9.800000e-01,3.200000e-01,0.0,1.000000e+00,0.000000e+00,0.000000e+00
9.900000e-01,3.200000e-01,0.0,1.000000e+00,0.000000e+00,0.000000e+00
1.000000e+00,3.200000e-01,0.0,1.000000e+00,0.000000e+00,0.000000e+00
0.000000e+00,3.300000e-01,0.0,1.019588e+00,-4.619669e-03,3.485941e-02
1.000000e-02,3.300000e-01,0.0,1.020245e+00,-3.308233e-02,3.547623e-02
2.000000e-02,3.300000e-01,0.0,1.033052e+00,-7.851189e-02,6.336888e-02
3.000000e-02,3.300000e-01,0.0,1.038185e+00,-9.646251e-02,7.843488e-02
4.000000e-02,3.300000e-01,0.0,1.039447e+00,-1.017694e-01,8.532087e-02
5.000000e-02,3.300000e-01,0.0,1.039660e+00,-1.025049e-01,9.049699e-02
6.000000e-02,3.300000e-01,0.0,1.038924e+00,-1.004944e-01,9.390691e-02
7.000000e-02,3.300000e-01,0.0,1.033921e+00,-8.856147e-02,8.855639e-02
8.000000e-02,3.300000e-01,0.0,1.023648e+00,-6.405793e-02,6.977380e-02
9.000000e-02,3.300000e-01,0.0,1.012540e+00,-3.851609e-02,4.683496e-02
1.000000e-01,3.300000e-01,0.0,1.003560e+00,-1.947382e-02,2.695378e-02
1.100000e-01,3.300000e-01,0.0,9.966346e-01,-6.310602e-03,1.052742e-02
1.200000e-01,3.300000e-01,0.0,9.911322e-01,2.762586e-03,-3.447066e-03
1.300000e-01,3.300000e-01,0.0,9.868080e-01,8.639478e-03,-1.516555e-02
1.400000e-01,3.300000e-01,0.0,9.835926e-01,1.179970e-02,-2.442715e-02
1.500000e-01,3.300000e-01,0.0,9.813256e-01,1.283784e-02,-3.125195e-02
1.600000e-01,3.300000e-01,0.0,9.798642e-01,1.198250e-02,-3.604610e-02
1.700000e-01,3.300000e-01,0.0,9.790561e-01,9.685749e-03,-3.908064e-02
1.800000e-01,3.300000e-01,0.0,9.786886e-01,6.806494e-03,-4.046369e-02
1.900000e-01,3.300000e-01,0.0,9.786263e-01,3.459901e-03,-4.078049e-02
2.000000e-01,3.300000e-01,0.0,9.786292e-01,-6.036149e-11,-4.080887e-02
2.100000e-01,3.300000e-01,0.0,9.786263e-01,-3.459901e-03,-4.078049e-02
2.200000e-01,3.300000e-01,0.0,9.786886e-01,-6.806494e-03,-4.046369e-02
2.300000e-01,3.300000e-01,0.0,9.790561e-01,-9.685749e-03,-3.908064e-02
2.400000e-01,3.300000e-01,0.0,9.798642e-01,-1.198250e-02,-3.604610e-02
2.500000e-01,3.300000e-01,0.0,9.813256e-01,-1.283783e-02,-3.125195e-02
2.600000e-01,3.300000e-01,0.0,9.835926e-01,-1.179966e-02,-2.442717e-02
2.700000e-01,3.300000e-01,0.0,9.868079e-01,-8.639396e-03,-1.516561e-02
2.800000e-01,3.300000e-01,0.0,9.911322e-01,-2.762652e-03,-3.447105e-03
2.900000e-01,3.300000e-01,0.0,9.966348e-01,6.309829e-03,1.052771e-02
3.000000e-01,3.300000e-01,0.0,1.003561e+00,1.947141e-02,2.695511e-02
3.100000e-01,3.300000e-01,0.0,1.012542e+00,3.850889e-02,4.683823e-02
3.200000e-01,3.300000e-01,0.0,1.023653e+00,6.404727e-02,6.978346e-02
3.300000e-01,3.300000e-01,0.0,1.033922e+00,8.856618e-02,8.856618e-02
3.400000e-01,3.300000e-01,0.0,1.038912e+00,1.005195e-01,9.387829e-02
3.500000e-01,3.300000e-01,0.0,1.039576e+00,1.027407e-01,9.036579e-02
3.600000e-01,3.300000e-01,0.0,1.039171e+00,1.024046e-01,8.476237e-02
3.700000e-01,3.300000e-01,0.0,1.037564e+00,9.796791e-02,7.734374e-02
3.800000e-01,3.300000e-01,0.0,1.031506e+00,8.179401e-02,6.091044e-02
3.900000e-01,3.300000e-01,0.0,1.019459e+00,5.006708e-02,3.487243e-02
4.000000e-01,3.300000e-01,0.0,1.008215e+00,2.109145e-02,1.381220e-02
4.100000e-01,3.300000e-01,0.0,1.002864e+00,7.460987e-03,4.665769e-03
4.200000e-01,3.300000e-01,0.0,1.001049e+00,2.783623e-03,1.670984e-03
4.300000e-01,3.300000e-01,0.0,1.000406e+00,1.089315e-03,6.278178e-04
4.400000e-01,3.300000e-01,0.0,1.000149e+00,4.008733e-04,2.223976e-04
4.500000e-01,3.300000e-01,0.0,1.000048e+00,1.299980e-04,6.951286e-05
4.600000e-01,3.300000e-01,0.0,1.000014e+00,3.720444e-05,1.918939e-05
4.700000e-01,3.300000e-01,0.0,1.000004e+00,9.689440e-06,4.825660e-06
4.800000e-01,3.300000e-01,0.0,1.000001e+00,2.351419e-06,1.130736e-06
4.900000e-01,3.300000e-01,0.0,1.000000e+00,5.445239e-07,2.519107e-07
5.000000e-01,3.300000e-01,0.0,1.000000e+00,1.305264e-07,5.759696e-08
5.100000e-01,3.300000e-01,0.0,1.000000e+00,3.945421e-08,1.639885e-08
5.200000e-01,3.300000e-01,0.0,1.000000e+00,1.741982e-08,6.607733e-09
5.300000e-01,3.300000e-01,0.0,1.000000e+00,9.790435e-09,3.472692e-09
5.400000e-01,3.300000e-01,0.0,1.000000e+00,5.859927e-09,2.012494e-09
5.500000e-01,3.300000e-01,0.0,1.000000e+00,3.494999e-09,1.173879e-09
5.600000e-01,3.300000e-01,0.0,1.000000e+00,2.041135e-09,6.718459e-10
5.700000e-01,3.300000e-01,0.0,1.000000e+00,1.159085e-09,3.740868e-10
5.800000e-01,3.300000e-01,0.0,1.000000e+00,6.369268e-10,2.015884e-10
5.900000e-01,3.300000e-01,0.0,1.000000e+00,3.374012e-10,1.047175e-10
6.000000e-01,3.300000e-01,0.0,1.000000e+00,1.717818e-10,5.227263e-11
6.100000e-01,3.300000e-01,0.0,1.000000e+00,8.386079e-11,2.501465e-11
6.200000e-01,3.300000e-01,0.0,1.000000e+00,3.918438e-11,1.145498e-11
6.300000e-01,3.300000e-01,0.0,1.000000e+00,1.750038e-11,5.012553e-12
6.400000e-01,3.300000e-01,0.0,1.000000e+00,7.463405e-12,2.094037e-12
6.500000e-01,3.300000e-01,0.0,1.000000e+00,3.037007e-12,8.348245e-13
6.600000e-01,3.300000e-01,0.0,1.000000e+00,1.178603e-12,3.170625e-13
6.700000e-01,3.300000e-01,0.0,1.000000e+00,4.357269e-13,1.148332e-13
6.800000e-01,3.300000e-01,0.0,1.000000e+00,1.533529e-13,3.943206e-14
6.900000e-01,3.300000e-01,0.0,1.000000e+00,5.118472e-14,1.271514e-14
7.000000e-01,3.300000e-01,0.0,1.000000e+00,1.613402e-14,3.899785e-15
7.100000e-01,3.300000e-01,0.0,1.000000e+00,4.807809e-15,9.615269e-16
7.200000e-01,3.300000e-01,0.0,1.000000e+00,1.121783e-15,2.136664e-16
7.300000e-01,3.300000e-01,0.0,1.000000e+00,1.068316e-16,0.000000e+00
7.400000e-01,3.300000e-01,0.0,1.000000e+00,0.000000e+00,0.000000e+00
7.500000e-01,3.300000e-01,0.0,1.000000e+00,0.000000e+00,0.000000e+00
7.600000e-01,3.300000e-01,0.0,1.000000e+00,0.000000e+00,0.000000e+00
7.700000e-01,3.300000e-01,0.0,1.000000e+00,0.000000e+00,0.000000e+00
7.800000e-01,3.300000e-01,0.0,1.000000e+00,0.000000e+00,0.000000e+00
7.900000e-01,3.300000e-01,0.0,1.000000e+00,0.000000e+00,0.000000e+00
8.000000e-01,3.300000e-01,0.0,1.000000e+00,0.000000e+00,0.000000e+00
8.100000e-01,3.300000e-01,0.0,1.000000e+00,0.000000e+00,0.000000e+00
8.200000e-01,3.300000e-01,0.0,1.000000e+00,0.000000e+00,0.000000e+00
8.300000e-01,3.300000e-01,0.0,1.000000e+00,0.000000e+00,0.000000e+00
8.400000e-01,3.300000e-01,0.0,1.000000e+00,0.000000e+00,0.000000e+00
8.500000e-01,3.300000e-01,0.0,1.000000e+00,0.000000e+00,0.000000e+00
8.600000e-01,3.300000e-01,0.0,1.000000e+00,0.000000e+00,0.000000e+00
8.700000e-01,3.300000e-01,0.0,1.000000e+00,0.000000e+00,0.000000e+00
8.800000e-01,3.300000e-01,0.0,1.000000e+00,0.000000e+00,0.000000e+00
8.900000e-01,3.300000e-01,0.0,1.000000e+00,0.000000e+00,0.000000e+00
9.000000e-01,3.300000e-01,0.0,1.000000e+00,0.000000e+00,0.000000e+00
9.100000e-01,3.300000e-01,0.0,1.000000e+00,0.000000e+00,0.000000e+00
9.200000e-01,3.300000e-01,0.0,1.000000e+00,0.000000e+00,0.000000e+00
9.300000e-01,3.300000e-01,0.0,1.000000e+00,0.000000e+00,0.000000e+00
9.400000e-01,3.300000e-01,0.0,1.000000e+00,0.000000e+00,0.000000e+00
9.500000e-01,3.300000e-01,0.0,1.000000e+00,0.000000e+00,0.000000e+00
9.600000e-01,3.300000e-01,0.0,1.000000e+00,0.000000e+00,0.000000e+00
9.700000e-01,3.300000e-01,0.0,1.000000e+00,0.000000e+00,0.000000e+00
9.800000e-01,3.300000e-01,0.0,1.000000e+00,0.000000e+00,0.000000e+00
9.900000e-01,3.300000e-01,0.0,1.000000e+00,0.000000e+00,0.000000e+00
1.000000e+00,3.300000e-01,0.0,1.000000e+00,0.000000e+00,0.000000e+00
0.000000e+00,3.400000e-01,0.0,1.009638e+00,-2.422819e-03,1.814430e-02
1.000000e-02,3.400000e-01,0.0,1.010660e+00,-1.681394e-02,1.910031e-02
2.000000e-02,3.400000e-01,0.0,1.023452e+00,-5.420224e-02,4.561093e-02
3.000000e-02,3.400000e-01,0.0,1.033694e+00,-8.226263e-02,7.031899e-02
4.000000e-02,3.400000e-01,0.0,1.038254e+00,-9.470557e-02,8.468004e-02
5.000000e-02,3.400000e-01,0.0,1.039334e+00,-9.726297e-02,9.153992e-02
6.000000e-02,3.400000e-01,0.0,1.039611e+00,-9.690077e-02,9.691238e-02
7.000000e-02,3.400000e-01,0.0,1.038908e+00,-9.388875e-02,1.005143e-01
8.000000e-02,3.400000e-01,0.0,1.034149e+00,-8.214043e-02,9.534660e-02
9.000000e-02,3.400000e-01,0.0,1.024997e+00,-6.053852e-02,7.803987e-02
1.000000e-01,3.400000e-01,0.0,1.015185e+00,-3.892183e-02,5.677588e-02
1.100000e-01,3.400000e-01,0.0,1.007060e+00,-2.264692e-02,3.768765e-02
1.200000e-01,3.400000e-01,0.0,1.000566e+00,-1.114092e-02,2.159747e-02
1.300000e-01,3.400000e-01,0.0,9.952993e-01,-3.083385e-03,7.876188e-03
1.400000e-01,3.400000e-01,0.0,9.910630e-01,2.237465e-03,-3.669920e-03
1.500000e-01,3.400000e-01,0.0,9.877632e-01,5.284932e-03,-1.298826e-02
1.600000e-01,3.400000e-01,0.0,9.852966e-01,6.493158e-03,-2.015478e-02
1.700000e-01,3.400000e-01,0.0,9.835818e-01,6.177571e-03,-2.527134e-02
1.800000e-01,3.400000e-01,0.0,9.825534e-01,4.570870e-03,-2.858754e-02
1.900000e-01,3.400000e-01,0.0,9.819652e-01,2.440548e-03,-3.030393e-02
2.000000e-01,3.400000e-01,0.0,9.817394e-01,1.826106e-11,-3.096264e-02
2.100000e-01,3.400000e-01,0.0,9.819652e-01,-2.440548e-03,-3.030393e-02
2.200000e-01,3.400000e-01,0.0,9.825534e-01,-4.570871e-03,-2.858754e-02
2.300000e-01,3.400000e-01,0.0,9.835818e-01,-6.177571e-03,-2.527134e-02
2.400000e-01,3.400000e-01,0.0,9.852966e-01,-6.493157e-03,-2.015478e-02
2.500000e-01,3.400000e-01,0.0,9.877632e-01,-5.284924e-03,-1.298826e-02
2.600000e-01,3.400000e-01,0.0,9.910630e-01,-2.237445e-03,-3.669927e-03
2.700000e-01,3.400000e-01,0.0,9.952993e-01,3.083419e-03,7.876164e-03
2.800000e-01,3.400000e-01,0.0,1.000566e+00,1.114096e-02,2.159744e-02
2.900000e-01,3.400000e-01,0.0,1.007060e+00,2.264668e-02,3.768775e-02
3.000000e-01,3.400000e-01,0.0,1.015186e+00,3.892025e-02,5.677650e-02
3.100000e-01,3.400000e-01,0.0,1.024998e+00,6.053513e-02,7.804201e-02
3.200000e-01,3.400000e-01,0.0,1.034152e+00,8.213336e-02,9.535089e-02
3.300000e-01,3.400000e-01,0.0,1.038912e+00,9.387829e-02,1.005195e-01
3.400000e-01,3.400000e-01,0.0,1.039607e+00,9.690814e-02,9.690814e-02
3.500000e-01,3.400000e-01,0.0,1.039291e+00,9.734390e-02,9.144360e-02
3.600000e-01,3.400000e-01,0.0,1.038116e+00,9.498665e-02,8.442970e-02
3.700000e-01,3.400000e-01,0.0,1.033397e+00,8.317033e-02,6.984571e-02
3.800000e-01,3.400000e-01,0.0,1.022504e+00,5.563841e-02,4.385389e-02
3.900000e-01,3.400000e-01,0.0,1.010425e+00,2.568285e-02,1.902754e-02
4.000000e-01,3.400000e-01,0.0,1.003806e+00,9.517579e-03,6.708005e-03
4.100000e-01,3.400000e-01,0.0,1.001421e+00,3.633832e-03,2.453264e-03
4.200000e-01,3.400000e-01,0.0,1.000570e+00,1.477824e-03,9.556392e-04
4.300000e-01,3.400000e-01,0.0,1.000221e+00,5.756255e-04,3.573943e-04
4.400000e-01,3.400000e-01,0.0,1.000076e+00,1.987829e-04,1.187306e-04
4.500000e-01,3.400000e-01,0.0,1.000023e+00,6.034451e-05,3.471005e-05
4.600000e-01,3.400000e-01,0.0,1.000006e+00,1.657269e-05,9.192913e-06
4.700000e-01,3.400000e-01,0.0,1.000002e+00,4.219328e-06,2.259275e-06
4.800000e-01,3.400000e-01,0.0,1.000000e+00,1.011054e-06,5.219804e-07
4.900000e-01,3.400000e-01,0.0,1.000000e+00,2.389926e-07,1.183113e-07
5.000000e-01,3.400000e-01,0.0,1.000000e+00,6.481357e-08,3.053898e-08
5.100000e-01,3.400000e-01,0.0,1.000000e+00,2.478061e-08,1.084992e-08
5.200000e-01,3.400000e-01,0.0,1.000000e+00,1.302351e-08,5.225064e-09
5.300000e-01,3.400000e-01,0.0,1.000000e+00,7.720203e-09,2.952035e-09
5.400000e-01,3.400000e-01,0.0,1.000000e+00,4.641924e-09,1.728271e-09
5.500000e-01,3.400000e-01,0.0,1.000000e+00,2.748183e-09,1.001323e-09
5.600000e-01,3.400000e-01,0.0,1.000000e+00,1.586917e-09,5.665486e-10
5.700000e-01,3.400000e-01,0.0,1.000000e+00,8.888316e-10,3.110612e-10
5.800000e-01,3.400000e-01,0.0,1.000000e+00,4.808270e-10,1.649733e-10
5.900000e-01,3.400000e-01,0.0,1.000000e+00,2.503674e-10,8.421389e-11
6.000000e-01,3.400000e-01,0.0,1.000000e+00,1.251444e-10,4.126145e-11
6.100000e-01,3.400000e-01,0.0,1.000000e+00,5.992065e-11,1.936279e-11
6.200000e-01,3.400000e-01,0.0,1.000000e+00,2.743989e-11,8.688810e-12
6.300000e-01,3.400000e-01,0.0,1.000000e+00,1.200367e-11,3.723714e-12
6.400000e-01,3.400000e-01,0.0,1.000000e+00,5.011811e-12,1.522905e-12
6.500000e-01,3.400000e-01,0.0,1.000000e+00,1.995692e-12,5.938015e-13
6.600000e-01,3.400000e-01,0.0,1.000000e+00,7.572831e-13,2.206458e-13
6.700000e-01,3.400000e-01,0.0,1.000000e+00,2.737470e-13,7.790528e-14
6.800000e-01,3.400000e-01,0.0,1.000000e+00,9.409177e-14,2.596650e-14
6.900000e-01,3.400000e-01,0.0,1.000000e+00,3.082728e-14,7.959967e-15
7.000000e-01,3.400000e-01,0.0,1.000000e+00,9.509168e-15,2.564167e-15
7.100000e-01,3.400000e-01,0.0,1.000000e+00,2.564119e-15,4.807578e-16
7.200000e-01,3.400000e-01,0.0,1.000000e+00,4.807545e-16,5.341578e-17
7.300000e-01,3.400000e-01,0.0,1.000000e+00,0.000000e+00,0.000000e+00
7.400000e-01,3.400000e-01,0.0,1.000000e+00,0.000000e+00,0.000000e+00
7.500000e-01,3.400000e-01,0.0,1.000000e+00,0.000000e+00,0.000000e+00
7.600000e-01,3.400000e-01,0.0,1.000000e+00,0.000000e+00,0.000000e+00
7.700000e-01,3.400000e-01,0.0,1.000000e+00,0.000000e+00,0.000000e+00
7.800000e-01,3.400000e-01,0.0,1.000000e+00,0.000000e+00,0.000000e+00
7.900000e-01,3.400000e-01,0.0,1.000000e+00,0.000000e+00,0.000000e+00
8.000000e-01,3.400000e-01,0.0,1.000000e+00,0.000000e+00,0.000000e+00
8.100000e-01,3.400000e-01,0.0,1.000000e+00,0.000000e+00,0.000000e+00
8.200000e-01,3.400000e-01,0.0,1.000000e+00,0.000000e+00,0.000000e+00
8.300000e-01,3.400000e-01,0.0,1.000000e+00,0.000000e+00,0.000000e+00
8.400000e-01,3.400000e-01,0.0,1.000000e+00,0.000000e+00,0.000000e+00
8.500000e-01,3.400000e-01,0.0,1.000000e+00,0.000000e+00,0.000000e+00
8.600000e-01,3.400000e-01,0.0,1.000000e+00,0.000000e+00,0.000000e+00
8.700000e-01,3.400000e-01,0.0,1.000000e+00,0.000000e+00,0.000000e+00
8.800000e-01,3.400000e-01,0.0,1.000000e+00,0.000000e+00,0.000000e+00
8.900000e-01,3.400000e-01,0.0,1.000000e+00,0.000000e+00,0.000000e+00
9.000000e-01,3.400000e-01,0.0,1.000000e+00,0.000000e+00,0.000000e+00
9.100000e-01,3.400000e-01,0.0,1.000000e+00,0.000000e+00,0.000000e+00
9.200000e-01,3.400000e-01,0.0,1.000000e+00,0.000000e+00,0.000000e+00
9.300000e-01,3.400000e-01,0.0,1.000000e+00,0.000000e+00,0.000000e+00
9.400000e-01,3.400000e-01,0.0,1.000000e+00,0.000000e+00,0.000000e+00
9.500000e-01,3.400000e-01,0.0,1.000000e+00,0.000000e+00,0.000000e+00
9.600000e-01,3.400000e-01,0.0,1.000000e+00,0.000000e+00,0.000000e+00
9.700000e-01,3.400000e-01,0.0,1.000000e+00,0.000000e+00,0.000000e+00
9.800000e-01,3.400000e-01,0.0,1.000000e+00,0.000000e+00,0.000000e+00
9.900000e-01,3.400000e-01,0.0,1.000000e+00,0.000000e+00,0.000000e+00
1.000000e+00,3.400000e-01,0.0,1.000000e+00,0.000000e+00,0.000000e+00
0.000000e+00,3.500000e-01,0.0,1.004479e+00,-8.760251e-04,8.922992e-03
1.000000e-02,3.500000e-01,0.0,1.004850e+00,-6.924181e-03,9.043162e-03
2.000000e-02,3.500000e-01,0.0,1.012725e+00,-2.793145e-02,2.498941e-02
3.000000e-02,3.500000e-01,0.0,1.024522e+00,-5.700741e-02,5.135302e-02
4.000000e-02,3.500000e-01,0.0,1.034298e+00,-8.108672e-02,7.670083e-02
5.000000e-02,3.500000e-01,0.0,1.038283e+00,-9.032486e-02,9.035044e-02
6.000000e-02,3.500000e-01,0.0,1.039289e+00,-9.145327e-02,9.734361e-02
7.000000e-02,3.500000e-01,0.0,1.039572e+00,-9.037462e-02,1.027348e-01
8.000000e-02,3.500000e-01,0.0,1.038840e+00,-8.650135e-02,1.064082e-01
9.000000e-02,3.500000e-01,0.0,1.034816e+00,-7.584651e-02,1.025213e-01
1.000000e-01,3.500000e-01,0.0,1.027467e+00,-5.827752e-02,8.850328e-02
1.100000e-01,3.500000e-01,0.0,1.019271e+00,-4.072446e-02,7.031345e-02
1.200000e-01,3.500000e-01,0.0,1.012107e+00,-2.677520e-02,5.303171e-02
1.300000e-01,3.500000e-01,0.0,1.006150e+00,-1.651897e-02,3.794977e-02
1.400000e-01,3.500000e-01,0.0,1.001231e+00,-9.126666e-03,2.503466e-02
1.500000e-01,3.500000e-01,0.0,9.972274e-01,-4.057133e-03,1.421410e-02
1.600000e-01,3.500000e-01,0.0,9.940634e-01,-8.727532e-04,5.458745e-03
1.700000e-01,3.500000e-01,0.0,9.916851e-01,8.169278e-04,-1.235887e-03
1.800000e-01,3.500000e-01,0.0,9.900449e-01,1.226597e-03,-5.926630e-03
1.900000e-01,3.500000e-01,0.0,9.890630e-01,6.247535e-04,-8.736876e-03
2.000000e-01,3.500000e-01,0.0,9.887070e-01,1.944353e-11,-9.851916e-03
2.100000e-01,3.500000e-01,0.0,9.890630e-01,-6.247535e-04,-8.736876e-03
2.200000e-01,3.500000e-01,0.0,9.900449e-01,-1.226597e-03,-5.926630e-03
2.300000e-01,3.500000e-01,0.0,9.916851e-01,-8.169284e-04,-1.235886e-03
2.400000e-01,3.500000e-01,0.0,9.940634e-01,8.727531e-04,5.458745e-03
2.500000e-01,3.500000e-01,0.0,9.972274e-01,4.057137e-03,1.421410e-02
2.600000e-01,3.500000e-01,0.0,1.001231e+00,9.126677e-03,2.503465e-02
2.700000e-01,3.500000e-01,0.0,1.006150e+00,1.651899e-02,3.794975e-02
2.800000e-01,3.500000e-01,0.0,1.012107e+00,2.677524e-02,5.303170e-02
2.900000e-01,3.500000e-01,0.0,1.019271e+00,4.072431e-02,7.031346e-02
3.000000e-01,3.500000e-01,0.0,1.027467e+00,5.827715e-02,8.850366e-02
3.100000e-01,3.500000e-01,0.0,1.034817e+00,7.584421e-02,1.025225e-01
3.200000e-01,3.500000e-01,0.0,1.038842e+00,8.649657e-02,1.064106e-01
3.300000e-01,3.500000e-01,0.0,1.039576e+00,9.036579e-02,1.027407e-01
3.400000e-01,3.500000e-01,0.0,1.039291e+00,9.144360e-02,9.734390e-02
3.500000e-01,3.500000e-01,0.0,1.038274e+00,9.033379e-02,9.033379e-02
3.600000e-01,3.500000e-01,0.0,1.034256e+00,8.121036e-02,7.665462e-02
3.700000e-01,3.500000e-01,0.0,1.024388e+00,5.754272e-02,5.114295e-02
3.800000e-01,3.500000e-01,0.0,1.012154e+00,2.858749e-02,2.390001e-02
3.900000e-01,3.500000e-01,0.0,1.004660e+00,1.113644e-02,8.827809e-03
4.000000e-01,3.500000e-01,0.0,1.001783e+00,4.374534e-03,3.310932e-03
4.100000e-01,3.500000e-01,0.0,1.000739e+00,1.845574e-03,1.334662e-03
4.200000e-01,3.500000e-01,0.0,1.000300e+00,7.571154e-04,5.243307e-04
4.300000e-01,3.500000e-01,0.0,1.000109e+00,2.772953e-04,1.843466e-04
4.400000e-01,3.500000e-01,0.0,1.000035e+00,8.911358e-05,5.694876e-05
4.500000e-01,3.500000e-01,0.0,1.000010e+00,2.579138e-05,1.586969e-05
4.600000e-01,3.500000e-01,0.0,1.000003e+00,6.895839e-06,4.091703e-06
4.700000e-01,3.500000e-01,0.0,1.000001e+00,1.722874e-06,9.860772e-07
4.800000e-01,3.500000e-01,0.0,1.000000e+00,4.129455e-07,2.273328e-07
4.900000e-01,3.500000e-01,0.0,1.000000e+00,1.055753e-07,5.557284e-08
5.000000e-01,3.500000e-01,0.0,1.000000e+00,3.554992e-08,1.770656e-08
5.100000e-01,3.500000e-01,0.0,1.000000e+00,1.713266e-08,7.821494e-09
5.200000e-01,3.500000e-01,0.0,1.000000e+00,9.948177e-09,4.244022e-09
5.300000e-01,3.500000e-01,0.0,1.000000e+00,6.007169e-09,2.474618e-09
5.400000e-01,3.500000e-01,0.0,1.000000e+00,3.597237e-09,1.446453e-09
5.500000e-01,3.500000e-01,0.0,1.000000e+00,2.108016e-09,8.295526e-10
5.600000e-01,3.500000e-01,0.0,1.000000e+00,1.201144e-09,4.630057e-10
5.700000e-01,3.500000e-01,0.0,1.000000e+00,6.623339e-10,2.501825e-10
5.800000e-01,3.500000e-01,0.0,1.000000e+00,3.521013e-10,1.303449e-10
5.900000e-01,3.500000e-01,0.0,1.000000e+00,1.799044e-10,6.526955e-11
6.000000e-01,3.500000e-01,0.0,1.000000e+00,8.813626e-11,3.133507e-11
6.100000e-01,3.500000e-01,0.0,1.000000e+00,4.132410e-11,1.439590e-11
6.200000e-01,3.500000e-01,0.0,1.000000e+00,1.851740e-11,6.320086e-12
6.300000e-01,3.500000e-01,0.0,1.000000e+00,7.921531e-12,2.648641e-12
6.400000e-01,3.500000e-01,0.0,1.000000e+00,3.233024e-12,1.058798e-12
6.500000e-01,3.500000e-01,0.0,1.000000e+00,1.257939e-12,4.028806e-13
6.600000e-01,3.500000e-01,0.0,1.000000e+00,4.662874e-13,1.461459e-13
6.700000e-01,3.500000e-01,0.0,1.000000e+00,1.644124e-13,5.011742e-14
6.800000e-01,3.500000e-01,0.0,1.000000e+00,5.524534e-14,1.640203e-14
6.900000e-01,3.500000e-01,0.0,1.000000e+00,1.763013e-14,4.861316e-15
7.000000e-01,3.500000e-01,0.0,1.000000e+00,5.288631e-15,1.335470e-15
7.100000e-01,3.500000e-01,0.0,1.000000e+00,1.335464e-15,2.136664e-16
7.200000e-01,3.500000e-01,0.0,1.000000e+00,1.602506e-16,0.000000e+00
7.300000e-01,3.500000e-01,0.0,1.000000e+00,0.000000e+00,0.000000e+00
7.400000e-01,3.500000e-01,0.0,1.000000e+00,0.000000e+00,0.000000e+00
7.500000e-01,3.500000e-01,0.0,1.000000e+00,0.000000e+00,0.000000e+00
7.600000e-01,3.500000e-01,0.0,1.000000e+00,0.000000e+00,0.000000e+00
7.700000e-01,3.500000e-01,0.0,1.000000e+00,0.000000e+00,0.000000e+00
7.800000e-01,3.500000e-01,0.0,1.000000e+00,0.000000e+00,0.000000e+00
7.900000e-01,3.500000e-01,0.0,1.000000e+00,0.000000e+00,0.000000e+00
8.000000e-01,3.500000e-01,0.0,1.000000e+00,0.000000e+00,0.000000e+00
8.100000e-01,3.500000e-01,0.0,1.000000e+00,0.000000e+00,0.000000e+00
8.200000e-01,3.500000e-01,0.0,1.000000e+00,0.000000e+00,0.000000e+00
8.300000e-01,3.500000e-01,0.0,1.000000e+00,0.000000e+00,0.000000e+00
8.400000e-01,3.500000e-01,0.0,1.000000e+00,0.000000e+00,0.000000e+00
8.500000e-01,3.500000e-01,0.0,1.000000e+00,0.000000e+00,0.000000e+00
8.600000e-01,3.500000e-01,0.0,1.000000e+00,0.000000e+00,0.000000e+00
8.700000e-01,3.500000e-01,0.0,1.000000e+00,0.000000e+00,0.000000e+00
8.800000e-01,3.500000e-01,0.0,1.000000e+00,0.000000e+00,0.000000e+00
8.900000e-01,3.500000e-01,0.0,1.000000e+00,0.000000e+00,0.000000e+00
9.000000e-01,3.500000e-01,0.0,1.000000e+00,0.000000e+00,0.000000e+00
9.100000e-01,3.500000e-01,0.0,1.000000e+00,0.000000e+00,0.000000e+00
9.200000e-01,3.500000e-01,0.0,1.000000e+00,0.000000e+00,0.000000e+00
9.300000e-01,3.500000e-01,0.0,1.000000e+00,0.000000e+00,0.000000e+00
9.400000e-01,3.500000e-01,0.0,1.000000e+00,0.000000e+00,0.000000e+00
9.500000e-01,3.500000e-01,0.0,1.000000e+00,0.000000e+00,0.000000e+00
9.600000e-01,3.500000e-01,0.0,1.000000e+00,0.000000e+00,0.000000e+00
9.700000e-01,3.500000e-01,0.0,1.000000e+00,0.000000e+00,0.000000e+00
9.800000e-01,3.500000e-01,0.0,1.000000e+00,0.000000e+00,0.000000e+00
9.900000e-01,3.500000e-01,0.0,1.000000e+00,0.000000e+00,0.000000e+00
1.000000e+00,3.500000e-01,0.0,1.000000e+00,0.000000e+00,0.000000e+00
0.000000e+00,3.600000e-01,0.0,1.002161e+00,-3.073199e-04,4.490378e-03
1.000000e-02,3.600000e-01,0.0,1.002202e+00,-2.870364e-03,4.290587e-03
2.000000e-02,3.600000e-01,0.0,1.005564e+00,-1.163886e-02,1.123215e-02
3.000000e-02,3.600000e-01,0.0,1.013164e+00,-2.896094e-02,2.765471e-02
4.000000e-02,3.600000e-01,0.0,1.025031e+00,-5.585735e-02,5.590774e-02
5.000000e-02,3.600000e-01,0.0,1.034250e+00,-7.665868e-02,8.118880e-02
6.000000e-02,3.600000e-01,0.0,1.038112e+00,-8.444047e-02,9.497707e-02
7.000000e-02,3.600000e-01,0.0,1.039168e+00,-8.476814e-02,1.023992e-01
8.000000e-02,3.600000e-01,0.0,1.039430e+00,-8.302394e-02,1.077289e-01
9.000000e-02,3.600000e-01,0.0,1.038699e+00,-7.846193e-02,1.112904e-01
1.000000e-01,3.600000e-01,0.0,1.035801e+00,-6.924739e-02,1.094170e-01
1.100000e-01,3.600000e-01,0.0,1.030484e+00,-5.606545e-02,1.000961e-01
1.200000e-01,3.600000e-01,0.0,1.024292e+00,-4.231872e-02,8.644742e-02
1.300000e-01,3.600000e-01,0.0,1.018386e+00,-3.059714e-02,7.231504e-02
1.400000e-01,3.600000e-01,0.0,1.013232e+00,-2.135336e-02,5.932538e-02
1.500000e-01,3.600000e-01,0.0,1.008906e+00,-1.432280e-02,4.807491e-02
1.600000e-01,3.600000e-01,0.0,1.005401e+00,-9.158384e-03,3.874695e-02
1.700000e-01,3.600000e-01,0.0,1.002687e+00,-5.496317e-03,3.140289e-02
1.800000e-01,3.600000e-01,0.0,1.000702e+00,-3.096109e-03,2.601899e-02
1.900000e-01,3.600000e-01,0.0,9.995783e-01,-1.243083e-03,2.296391e-02
2.000000e-01,3.600000e-01,0.0,9.992600e-01,1.801243e-11,2.207308e-02
2.100000e-01,3.600000e-01,0.0,9.995783e-01,1.243083e-03,2.296391e-02
2.200000e-01,3.600000e-01,0.0,1.000702e+00,3.096109e-03,2.601899e-02
2.300000e-01,3.600000e-01,0.0,1.002687e+00,5.496317e-03,3.140289e-02
2.400000e-01,3.600000e-01,0.0,1.005401e+00,9.158383e-03,3.874695e-02
2.500000e-01,3.600000e-01,0.0,1.008906e+00,1.432280e-02,4.807491e-02
2.600000e-01,3.600000e-01,0.0,1.013232e+00,2.135337e-02,5.932537e-02
2.700000e-01,3.600000e-01,0.0,1.018386e+00,3.059715e-02,7.231503e-02
2.800000e-01,3.600000e-01,0.0,1.024292e+00,4.231874e-02,8.644741e-02
2.900000e-01,3.600000e-01,0.0,1.030484e+00,5.606539e-02,1.000961e-01
3.000000e-01,3.600000e-01,0.0,1.035801e+00,6.924724e-02,1.094172e-01
3.100000e-01,3.600000e-01,0.0,1.038699e+00,7.846097e-02,1.112909e-01
3.200000e-01,3.600000e-01,0.0,1.039431e+00,8.302162e-02,1.077309e-01
3.300000e-01,3.600000e-01,0.0,1.039171e+00,8.476237e-02,1.024046e-01
3.400000e-01,3.600000e-01,0.0,1.038116e+00,8.442970e-02,9.498665e-02
3.500000e-01,3.600000e-01,0.0,1.034256e+00,7.665462e-02,8.121036e-02
3.600000e-01,3.600000e-01,0.0,1.025021e+00,5.590299e-02,5.590299e-02
3.700000e-01,3.600000e-01,0.0,1.013099e+00,2.923287e-02,2.754280e-02
3.800000e-01,3.600000e-01,0.0,1.005259e+00,1.195359e-02,1.064557e-02
3.900000e-01,3.600000e-01,0.0,1.002073e+00,4.859169e-03,4.114390e-03
4.000000e-01,3.600000e-01,0.0,1.000887e+00,2.126995e-03,1.715988e-03
4.100000e-01,3.600000e-01,0.0,1.000377e+00,9.152741e-04,7.052478e-04
4.200000e-01,3.600000e-01,0.0,1.000145e+00,3.540166e-04,2.612404e-04
4.300000e-01,3.600000e-01,0.0,1.000049e+00,1.201313e-04,8.504679e-05
4.400000e-01,3.600000e-01,0.0,1.000015e+00,3.659784e-05,2.490175e-05
4.500000e-01,3.600000e-01,0.0,1.000004e+00,1.027513e-05,6.732099e-06
4.600000e-01,3.600000e-01,0.0,1.000001e+00,2.685375e-06,1.696078e-06
4.700000e-01,3.600000e-01,0.0,1.000000e+00,6.626802e-07,4.030927e-07
4.800000e-01,3.600000e-01,0.0,1.000000e+00,1.658917e-07,9.677679e-08
4.900000e-01,3.600000e-01,0.0,1.000000e+00,5.076681e-08,2.826250e-08
5.000000e-01,3.600000e-01,0.0,1.000000e+00,2.227034e-08,1.154104e-08
5.100000e-01,3.600000e-01,0.0,1.000000e+00,1.253579e-08,5.989764e-09
5.200000e-01,3.600000e-01,0.0,1.000000e+00,7.576700e-09,3.453381e-09
5.300000e-01,3.600000e-01,0.0,1.000000e+00,4.581114e-09,2.029246e-09
5.400000e-01,3.600000e-01,0.0,1.000000e+00,2.719919e-09,1.176890e-09
5.500000e-01,3.600000e-01,0.0,1.000000e+00,1.574004e-09,6.663508e-10
5.600000e-01,3.600000e-01,0.0,1.000000e+00,8.832402e-10,3.661128e-10
5.700000e-01,3.600000e-01,0.0,1.000000e+00,4.785982e-10,1.943150e-10
5.800000e-01,3.600000e-01,0.0,1.000000e+00,2.495843e-10,9.927014e-11
5.900000e-01,3.600000e-01,0.0,1.000000e+00,1.249244e-10,4.867751e-11
6.000000e-01,3.600000e-01,0.0,1.000000e+00,5.988841e-11,2.286065e-11
6.100000e-01,3.600000e-01,0.0,1.000000e+00,2.745384e-11,1.026567e-11
6.200000e-01,3.600000e-01,0.0,1.000000e+00,1.201974e-11,4.402116e-12
6.300000e-01,3.600000e-01,0.0,1.000000e+00,5.021369e-12,1.801370e-12
6.400000e-01,3.600000e-01,0.0,1.000000e+00,2.000017e-12,7.028122e-13
6.500000e-01,3.600000e-01,0.0,1.000000e+00,7.591365e-13,2.608254e-13
6.600000e-01,3.600000e-01,0.0,1.000000e+00,2.743842e-13,9.195827e-14
6.700000e-01,3.600000e-01,0.0,1.000000e+00,9.430450e-14,3.088139e-14
6.800000e-01,3.600000e-01,0.0,1.000000e+00,3.082723e-14,9.830089e-15
6.900000e-01,3.600000e-01,0.0,1.000000e+00,9.455912e-15,2.831252e-15
7.000000e-01,3.600000e-01,0.0,1.000000e+00,2.884658e-15,6.410257e-16
7.100000e-01,3.600000e-01,0.0,1.000000e+00,6.410176e-16,5.341578e-17
7.200000e-01,3.600000e-01,0.0,1.000000e+00,5.341578e-17,0.000000e+00
7.300000e-01,3.600000e-01,0.0,1.000000e+00,0.000000e+00,0.000000e+00
7.400000e-01,3.600000e-01,0.0,1.000000e+00,0.000000e+00,0.000000e+00
7.500000e-01,3.600000e-01,0.0,1.000000e+00,0.000000e+00,0.000000e+00
7.600000e-01,3.600000e-01,0.0,1.000000e+00,0.000000e+00,0.000000e+00
7.700000e-01,3.600000e-01,0.0,1.000000e+00,0.000000e+00,0.000000e+00
7.800000e-01,3.600000e-01,0.0,1.000000e+00,0.000000e+00,0.000000e+00
7.900000e-01,3.600000e-01,0.0,1.000000e+00,0.000000e+00,0.000000e+00
8.000000e-01,3.600000e-01,0.0,1.000000e+00,0.000000e+00,0.000000e+00
8.100000e-01,3.600000e-01,0.0,1.000000e+00,0.000000e+00,0.000000e+00
8.200000e-01,3.600000e-01,0.0,1.000000e+00,0.000000e+00,0.000000e+00
8.300000e-01,3.600000e-01,0.0,1.000000e+00,0.000000e+00,0.000000e+00
8.400000e-01,3.600000e-01,0.0,1.000000e+00,0.000000e+00,0.000000e+00
8.500000e-01,3.600000e-01,0.0,1.000000e+00,0.000000e+00,0.000000e+00
8.600000e-01,3.600000e-01,0.0,1.000000e+00,0.000000e+00,0.000000e+00
8.700000e-01,3.600000e-01,0.0,1.000000e+00,0.000000e+00,0.000000e+00
8.800000e-01,3.600000e-01,0.0,1.000000e+00,0.000000e+00,0.000000e+00
8.900000e-01,3.600000e-01,0.0,1.000000e+00,0.000000e+00,0.000000e+00
9.000000e-01,3.600000e-01,0.0,1.000000e+00,0.000000e+00,0.000000e+00
9.100000e-01,3.600000e-01,0.0,1.000000e+00,0.000000e+00,0.000000e+00
9.200000e-01,3.600000e-01,0.0,1.000000e+00,0.000000e+00,0.000000e+00
9.300000e-01,3.600000e-01,0.0,1.000000e+00,0.000000e+00,0.000000e+00
9.400000e-01,3.600000e-01,0.0,1.000000e+00,0.000000e+00,0.000000e+00
9.500000e-01,3.600000e-01,0.0,1.000000e+00,0.000000e+00,0.000000e+00
9.600000e-01,3.600000e-01,0.0,1.000000e+00,0.000000e+00,0.000000e+00
9.700000e-01,3.600000e-01,0.0,1.000000e+00,0.000000e+00,0.000000e+00
9.800000e-01,3.600000e-01,0.0,1.000000e+00,0.000000e+00,0.000000e+00
9.900000e-01,3.600000e-01,0.0,1.000000e+00,0.000000e+00,0.000000e+00
1.000000e+00,3.600000e-01,0.0,1.000000e+00,0.000000e+00,0.000000e+00
0.000000e+00,3.700000e-01,0.0,1.001063e+00,-1.392418e-04,2.284533e-03
1.000000e-02,3.700000e-01,0.0,1.001056e+00,-1.327514e-03,2.130911e-03
2.000000e-02,3.700000e-01,0.0,1.002376e+00,-4.835689e-03,4.987815e-03
3.000000e-02,3.700000e-01,0.0,1.005502e+00,-1.165849e-02,1.182410e-02
4.000000e-02,3.700000e-01,0.0,1.013105e+00,-2.753106e-02,2.924210e-02
5.000000e-02,3.700000e-01,0.0,1.024384e+00,-5.114631e-02,5.752944e-02
6.000000e-02,3.700000e-01,0.0,1.033394e+00,-6.985121e-02,8.316281e-02
7.000000e-02,3.700000e-01,0.0,1.037562e+00,-7.734633e-02,9.796525e-02
8.000000e-02,3.700000e-01,0.0,1.038860e+00,-7.735453e-02,1.062172e-01
9.000000e-02,3.700000e-01,0.0,1.039120e+00,-7.496601e-02,1.115133e-01
1.000000e-01,3.700000e-01,0.0,1.038419e+00,-6.986113e-02,1.148284e-01
1.100000e-01,3.700000e-01,0.0,1.036618e+00,-6.212253e-02,1.150697e-01
1.200000e-01,3.700000e-01,0.0,1.033380e+00,-5.238077e-02,1.107196e-01
1.300000e-01,3.700000e-01,0.0,1.029314e+00,-4.206578e-02,1.026956e-01
1.400000e-01,3.700000e-01,0.0,1.025101e+00,-3.246759e-02,9.318243e-02
1.500000e-01,3.700000e-01,0.0,1.021200e+00,-2.418859e-02,8.379094e-02
1.600000e-01,3.700000e-01,0.0,1.017859e+00,-1.738371e-02,7.540586e-02
1.700000e-01,3.700000e-01,0.0,1.015176e+00,-1.189054e-02,6.853022e-02
1.800000e-01,3.700000e-01,0.0,1.013244e+00,-7.323956e-03,6.347081e-02
1.900000e-01,3.700000e-01,0.0,1.012097e+00,-3.485324e-03,6.060068e-02
2.000000e-01,3.700000e-01,0.0,1.011695e+00,2.789123e-11,5.966631e-02
2.100000e-01,3.700000e-01,0.0,1.012097e+00,3.485324e-03,6.060068e-02
2.200000e-01,3.700000e-01,0.0,1.013244e+00,7.323956e-03,6.347081e-02
2.300000e-01,3.700000e-01,0.0,1.015176e+00,1.189054e-02,6.853022e-02
2.400000e-01,3.700000e-01,0.0,1.017859e+00,1.738371e-02,7.540586e-02
2.500000e-01,3.700000e-01,0.0,1.021200e+00,2.418859e-02,8.379094e-02
2.600000e-01,3.700000e-01,0.0,1.025101e+00,3.246759e-02,9.318243e-02
2.700000e-01,3.700000e-01,0.0,1.029314e+00,4.206579e-02,1.026956e-01
2.800000e-01,3.700000e-01,0.0,1.033380e+00,5.238079e-02,1.107196e-01
2.900000e-01,3.700000e-01,0.0,1.036618e+00,6.212255e-02,1.150697e-01
3.000000e-01,3.700000e-01,0.0,1.038419e+00,6.986107e-02,1.148284e-01
3.100000e-01,3.700000e-01,0.0,1.039120e+00,7.496573e-02,1.115137e-01
3.200000e-01,3.700000e-01,0.0,1.038860e+00,7.735371e-02,1.062186e-01
3.300000e-01,3.700000e-01,0.0,1.037564e+00,7.734374e-02,9.796791e-02
3.400000e-01,3.700000e-01,0.0,1.033397e+00,6.984571e-02,8.317033e-02
3.500000e-01,3.700000e-01,0.0,1.024388e+00,5.114295e-02,5.754272e-02
3.600000e-01,3.700000e-01,0.0,1.013099e+00,2.754280e-02,2.923287e-02
3.700000e-01,3.700000e-01,0.0,1.005475e+00,1.177506e-02,1.177506e-02
3.800000e-01,3.700000e-01,0.0,1.002235e+00,4.981578e-03,4.713398e-03
3.900000e-01,3.700000e-01,0.0,1.000989e+00,2.265904e-03,2.036069e-03
4.000000e-01,3.700000e-01,0.0,1.000438e+00,1.019564e-03,8.725505e-04
4.100000e-01,3.700000e-01,0.0,1.000177e+00,4.147309e-04,3.390355e-04
4.200000e-01,3.700000e-01,0.0,1.000062e+00,1.481716e-04,1.159530e-04
4.300000e-01,3.700000e-01,0.0,1.000020e+00,4.744333e-05,3.561298e-05
4.400000e-01,3.700000e-01,0.0,1.000006e+00,1.397808e-05,1.008578e-05
4.500000e-01,3.700000e-01,0.0,1.000002e+00,3.825819e-06,2.657851e-06
4.600000e-01,3.700000e-01,0.0,1.000000e+00,9.798397e-07,6.555765e-07
4.700000e-01,3.700000e-01,0.0,1.000000e+00,2.464072e-07,1.584024e-07
4.800000e-01,3.700000e-01,0.0,1.000000e+00,7.092786e-08,4.365249e-08
4.900000e-01,3.700000e-01,0.0,1.000000e+00,2.848846e-08,1.657347e-08
5.000000e-01,3.700000e-01,0.0,1.000000e+00,1.542235e-08,8.269901e-09
5.100000e-01,3.700000e-01,0.0,1.000000e+00,9.306588e-09,4.699841e-09
5.200000e-01,3.700000e-01,0.0,1.000000e+00,5.676302e-09,2.768131e-09
5.300000e-01,3.700000e-01,0.0,1.000000e+00,3.410687e-09,1.620215e-09
5.400000e-01,3.700000e-01,0.0,1.000000e+00,2.001910e-09,9.288974e-10
5.500000e-01,3.700000e-01,0.0,1.000000e+00,1.141550e-09,5.180167e-10
5.600000e-01,3.700000e-01,0.0,1.000000e+00,6.296045e-10,2.795995e-10
5.700000e-01,3.700000e-01,0.0,1.000000e+00,3.346389e-10,1.454876e-10
5.800000e-01,3.700000e-01,0.0,1.000000e+00,1.708966e-10,7.275219e-11
5.900000e-01,3.700000e-01,0.0,1.000000e+00,8.365928e-11,3.487551e-11
6.000000e-01,3.700000e-01,0.0,1.000000e+00,3.918541e-11,1.599681e-11
6.100000e-01,3.700000e-01,0.0,1.000000e+00,1.753690e-11,7.010793e-12
6.200000e-01,3.700000e-01,0.0,1.000000e+00,7.491184e-12,2.932405e-12
6.300000e-01,3.700000e-01,0.0,1.000000e+00,3.051676e-12,1.169869e-12
6.400000e-01,3.700000e-01,0.0,1.000000e+00,1.184474e-12,4.447683e-13
6.500000e-01,3.700000e-01,0.0,1.000000e+00,4.377394e-13,1.607851e-13
6.600000e-01,3.700000e-01,0.0,1.000000e+00,1.542032e-13,5.546083e-14
6.700000e-01,3.700000e-01,0.0,1.000000e+00,5.177185e-14,1.805816e-14
6.800000e-01,3.700000e-01,0.0,1.000000e+00,1.650827e-14,5.662879e-15
6.900000e-01,3.700000e-01,0.0,1.000000e+00,4.807918e-15,1.655990e-15
7.000000e-01,3.700000e-01,0.0,1.000000e+00,1.442302e-15,4.807578e-16
7.100000e-01,3.700000e-01,0.0,1.000000e+00,2.136697e-16,0.000000e+00
7.200000e-01,3.700000e-01,0.0,1.000000e+00,0.000000e+00,0.000000e+00
7.300000e-01,3.700000e-01,0.0,1.000000e+00,0.000000e+00,0.000000e+00
7.400000e-01,3.700000e-01,0.0,1.000000e+00,0.000000e+00,0.000000e+00
7.500000e-01,3.700000e-01,0.0,1.000000e+00,0.000000e+00,0.000000e+00
7.600000e-01,3.700000e-01,0.0,1.000000e+00,0.000000e+00,0.000000e+00
7.700000e-01,3.700000e-01,0.0,1.000000e+00,0.000000e+00,0.000000e+00
7.800000e-01,3.700000e-01,0.0,1.000000e+00,0.000000e+00,0.000000e+00
7.900000e-01,3.700000e-01,0.0,1.000000e+00,0.000000e+00,0.000000e+00
8.000000e-01,3.700000e-01,0.0,1.000000e+00,0.000000e+00,0.000000e+00
8.100000e-01,3.700000e-01,0.0,1.000000e+00,0.000000e+00,0.000000e+00
8.200000e-01,3.700000e-01,0.0,1.000000e+00,0.000000e+00,0.000000e+00
8.300000e-01,3.700000e-01,0.0,1.000000e+00,0.000000e+00,0.000000e+00
8.400000e-01,3.700000e-01,0.0,1.000000e+00,0.000000e+00,0.000000e+00
8.500000e-01,3.700000e-01,0.0,1.000000e+00,0.000000e+00,0.000000e+00
8.600000e-01,3.700000e-01,0.0,1.000000e+00,0.000000e+00,0.000000e+00
8.700000e-01,3.700000e-01,0.0,1.000000e+00,0.000000e+00,0.000000e+00
8.800000e-01,3.700000e-01,0.0,1.000000e+00,0.000000e+00,0.000000e+00
8.900000e-01,3.700000e-01,0.0,1.000000e+00,0.000000e+00,0.000000e+00
9.000000e-01,3.700000e-01,0.0,1.000000e+00,0.000000e+00,0.000000e+00
9.100000e-01,3.700000e-01,0.0,1.000000e+00,0.000000e+00,0.000000e+00
9.200000e-01,3.700000e-01,0.0,1.000000e+00,0.000000e+00,0.000000e+00
9.300000e-01,3.700000e-01,0.0,1.000000e+00,0.000000e+00,0.000000e+00
9.400000e-01,3.700000e-01,0.0,1.000000e+00,0.000000e+00,0.000000e+00
9.500000e-01,3.700000e-01,0.0,1.000000e+00,0.000000e+00,0.000000e+00
9.600000e-01,3.700000e-01,0.0,1.000000e+00,0.000000e+00,0.000000e+00
9.700000e-01,3.700000e-01,0.0,1.000000e+00,0.000000e+00,0.000000e+00
9.800000e-01,3.700000e-01,0.0,1.000000e+00,0.000000e+00,0.000000e+00
9.900000e-01,3.700000e-01,0.0,1.000000e+00,0.000000e+00,0.000000e+00
1.000000e+00,3.700000e-01,0.0,1.000000e+00,0.000000e+00,0.000000e+00
0.000000e+00,3.800000e-01,0.0,1.000497e+00,-7.139785e-05,1.104522e-03
1.000000e-02,3.800000e-01,0.0,1.000500e+00,-6.235827e-04,1.034430e-03
2.000000e-02,3.800000e-01,0.0,1.001084e+00,-2.174251e-03,2.348477e-03
3.000000e-02,3.800000e-01,0.0,1.002245e+00,-4.670327e-03,4.999573e-03
4.000000e-02,3.800000e-01,0.0,1.005261e+00,-1.064267e-02,1.195804e-02
5.000000e-02,3.800000e-01,0.0,1.012153e+00,-2.390181e-02,2.858459e-02
6.000000e-02,3.800000e-01,0.0,1.022503e+00,-4.385624e-02,5.563640e-02
7.000000e-02,3.800000e-01,0.0,1.031506e+00,-6.091150e-02,8.179351e-02
8.000000e-02,3.800000e-01,0.0,1.036375e+00,-6.889795e-02,9.849677e-02
9.000000e-02,3.800000e-01,0.0,1.038168e+00,-6.917152e-02,1.081414e-01
1.000000e-01,3.800000e-01,0.0,1.038594e+00,-6.637743e-02,1.138566e-01
1.100000e-01,3.800000e-01,0.0,1.037979e+00,-6.110243e-02,1.168269e-01
1.200000e-01,3.800000e-01,0.0,1.036868e+00,-5.424105e-02,1.183138e-01
1.300000e-01,3.800000e-01,0.0,1.035249e+00,-4.665210e-02,1.177370e-01
1.400000e-01,3.800000e-01,0.0,1.033117e+00,-3.869101e-02,1.150200e-01
1.500000e-01,3.800000e-01,0.0,1.030777e+00,-3.090255e-02,1.108432e-01
1.600000e-01,3.800000e-01,0.0,1.028488e+00,-2.360404e-02,1.061244e-01
1.700000e-01,3.800000e-01,0.0,1.026500e+00,-1.696398e-02,1.017345e-01
1.800000e-01,3.800000e-01,0.0,1.024991e+00,-1.093597e-02,9.830654e-02
1.900000e-01,3.800000e-01,0.0,1.024055e+00,-5.340100e-03,9.615714e-02
2.000000e-01,3.800000e-01,0.0,1.023732e+00,1.385311e-11,9.545558e-02
2.100000e-01,3.800000e-01,0.0,1.024055e+00,5.340100e-03,9.615714e-02
2.200000e-01,3.800000e-01,0.0,1.024991e+00,1.093597e-02,9.830654e-02
2.300000e-01,3.800000e-01,0.0,1.026500e+00,1.696398e-02,1.017345e-01
2.400000e-01,3.800000e-01,0.0,1.028488e+00,2.360404e-02,1.061244e-01
2.500000e-01,3.800000e-01,0.0,1.030777e+00,3.090255e-02,1.108432e-01
2.600000e-01,3.800000e-01,0.0,1.033117e+00,3.869101e-02,1.150200e-01
2.700000e-01,3.800000e-01,0.0,1.035249e+00,4.665211e-02,1.177370e-01
2.800000e-01,3.800000e-01,0.0,1.036868e+00,5.424106e-02,1.183138e-01
2.900000e-01,3.800000e-01,0.0,1.037979e+00,6.110245e-02,1.168269e-01
3.000000e-01,3.800000e-01,0.0,1.038594e+00,6.637746e-02,1.138566e-01
3.100000e-01,3.800000e-01,0.0,1.038168e+00,6.917151e-02,1.081415e-01
3.200000e-01,3.800000e-01,0.0,1.036375e+00,6.889771e-02,9.849695e-02
3.300000e-01,3.800000e-01,0.0,1.031506e+00,6.091044e-02,8.179401e-02
3.400000e-01,3.800000e-01,0.0,1.022504e+00,4.385389e-02,5.563841e-02
3.500000e-01,3.800000e-01,0.0,1.012154e+00,2.390001e-02,2.858749e-02
3.600000e-01,3.800000e-01,0.0,1.005259e+00,1.064557e-02,1.195359e-02
3.700000e-01,3.800000e-01,0.0,1.002235e+00,4.713398e-03,4.981578e-03
3.800000e-01,3.800000e-01,0.0,1.001026e+00,2.233140e-03,2.233140e-03
3.900000e-01,3.800000e-01,0.0,1.000472e+00,1.048235e-03,9.953305e-04
4.000000e-01,3.800000e-01,0.0,1.000199e+00,4.466811e-04,4.039950e-04
4.100000e-01,3.800000e-01,0.0,1.000074e+00,1.675118e-04,1.446826e-04
4.200000e-01,3.800000e-01,0.0,1.000024e+00,5.627669e-05,4.652464e-05
4.300000e-01,3.800000e-01,0.0,1.000007e+00,1.738416e-05,1.378731e-05
4.400000e-01,3.800000e-01,0.0,1.000002e+00,4.983814e-06,3.799452e-06
4.500000e-01,3.800000e-01,0.0,1.000001e+00,1.330130e-06,9.757928e-07
4.600000e-01,3.800000e-01,0.0,1.000000e+00,3.414696e-07,2.408486e-07
4.700000e-01,3.800000e-01,0.0,1.000000e+00,9.532041e-08,6.447014e-08
4.800000e-01,3.800000e-01,0.0,1.000000e+00,3.561465e-08,2.297191e-08
4.900000e-01,3.800000e-01,0.0,1.000000e+00,1.847884e-08,1.108923e-08
5.000000e-01,3.800000e-01,0.0,1.000000e+00,1.111405e-08,6.227570e-09
5.100000e-01,3.800000e-01,0.0,1.000000e+00,6.838131e-09,3.672262e-09
5.200000e-01,3.800000e-01,0.0,1.000000e+00,4.156411e-09,2.166236e-09
5.300000e-01,3.800000e-01,0.0,1.000000e+00,2.472278e-09,1.255750e-09
5.400000e-01,3.800000e-01,0.0,1.000000e+00,1.431040e-09,7.097155e-10
5.500000e-01,3.800000e-01,0.0,1.000000e+00,8.023931e-10,3.889641e-10
5.600000e-01,3.800000e-01,0.0,1.000000e+00,4.341368e-10,2.058357e-10
5.700000e-01,3.800000e-01,0.0,1.000000e+00,2.259353e-10,1.048139e-10
5.800000e-01,3.800000e-01,0.0,1.000000e+00,1.128074e-10,5.121709e-11
5.900000e-01,3.800000e-01,0.0,1.000000e+00,5.392696e-11,2.396509e-11
6.000000e-01,3.800000e-01,0.0,1.000000e+00,2.464346e-11,1.072028e-11
6.100000e-01,3.800000e-01,0.0,1.000000e+00,1.075221e-11,4.578707e-12
6.200000e-01,3.800000e-01,0.0,1.000000e+00,4.475093e-12,1.865749e-12
6.300000e-01,3.800000e-01,0.0,1.000000e+00,1.775384e-12,7.245889e-13
6.400000e-01,3.800000e-01,0.0,1.000000e+00,6.706237e-13,2.682471e-13
6.500000e-01,3.800000e-01,0.0,1.000000e+00,2.411413e-13,9.436055e-14
6.600000e-01,3.800000e-01,0.0,1.000000e+00,8.260185e-14,3.168286e-14
6.700000e-01,3.800000e-01,0.0,1.000000e+00,2.692693e-14,1.009733e-14
6.800000e-01,3.800000e-01,0.0,1.000000e+00,8.280502e-15,3.045001e-15
6.900000e-01,3.800000e-01,0.0,1.000000e+00,2.403874e-15,8.546954e-16
7.000000e-01,3.800000e-01,0.0,1.000000e+00,5.341762e-16,1.068349e-16
7.100000e-01,3.800000e-01,0.0,1.000000e+00,0.000000e+00,0.000000e+00
7.200000e-01,3.800000e-01,0.0,1.000000e+00,0.000000e+00,0.000000e+00
7.300000e-01,3.800000e-01,0.0,1.000000e+00,0.000000e+00,0.000000e+00
7.400000e-01,3.800000e-01,0.0,1.000000e+00,0.000000e+00,0.000000e+00
7.500000e-01,3.800000e-01,0.0,1.000000e+00,0.000000e+00,0.000000e+00
7.600000e-01,3.800000e-01,0.0,1.000000e+00,0.000000e+00,0.000000e+00
7.700000e-01,3.800000e-01,0.0,1.000000e+00,0.000000e+00,0.000000e+00
7.800000e-01,3.800000e-01,0.0,1.000000e+00,0.000000e+00,0.000000e+00
7.900000e-01,3.800000e-01,0.0,1.000000e+00,0.000000e+00,0.000000e+00
8.000000e-01,3.800000e-01,0.0,1.000000e+00,0.000000e+00,0.000000e+00
8.100000e-01,3.800000e-01,0.0,1.000000e+00,0.000000e+00,0.000000e+00
8.200000e-01,3.800000e-01,0.0,1.000000e+00,0.000000e+00,0.000000e+00
8.300000e-01,3.800000e-01,0.0,1.000000e+00,0.000000e+00,0.000000e+00
8.400000e-01,3.800000e-01,0.0,1.000000e+00,0.000000e+00,0.000000e+00
8.500000e-01,3.800000e-01,0.0,1.000000e+00,0.000000e+00,0.000000e+00
8.600000e-01,3.800000e-01,0.0,1.000000e+00,0.000000e+00,0.000000e+00
8.700000e-01,3.800000e-01,0.0,1.000000e+00,0.000000e+00,0.000000e+00
8.800000e-01,3.800000e-01,0.0,1.000000e+00,0.000000e+00,0.000000e+00
8.900000e-01,3.800000e-01,0.0,1.000000e+00,0.000000e+00,0.000000e+00
9.000000e-01,3.800000e-01,0.0,1.000000e+00,0.000000e+00,0.000000e+00
9.100000e-01,3.800000e-01,0.0,1.000000e+00,0.000000e+00,0.000000e+00
9.200000e-01,3.800000e-01,0.0,1.000000e+00,0.000000e+00,0.000000e+00
9.300000e-01,3.800000e-01,0.0,1.000000e+00,0.000000e+00,0.000000e+00
9.400000e-01,3.800000e-01,0.0,1.000000e+00,0.000000e+00,0.000000e+00
9.500000e-01,3.800000e-01,0.0,1.000000e+00,0.000000e+00,0.000000e+00
9.600000e-01,3.800000e-01,0.0,1.000000e+00,0.000000e+00,0.000000e+00
9.700000e-01,3.800000e-01,0.0,1.000000e+00,0.000000e+00,0.000000e+00
9.800000e-01,3.800000e-01,0.0,1.000000e+00,0.000000e+00,0.000000e+00
9.900000e-01,3.800000e-01,0.0,1.000000e+00,0.000000e+00,0.000000e+00
1.000000e+00,3.800000e-01,0.0,1.000000e+00,0.000000e+00,0.000000e+00
0.000000e+00,3.900000e-01,0.0,1.000211e+00,-3.205214e-05,4.857796e-04
1.000000e-02,3.900000e-01,0.0,1.000216e+00,-2.659361e-04,4.561635e-04
2.000000e-02,3.900000e-01,0.0,1.000494e+00,-9.748799e-04,1.092956e-03
3.000000e-02,3.900000e-01,0.0,1.000993e+00,-2.021389e-03,2.271718e-03
4.000000e-02,3.900000e-01,0.0,1.002073e+00,-4.113739e-03,4.860369e-03
5.000000e-02,3.900000e-01,0.0,1.004659e+00,-8.828564e-03,1.113542e-02
6.000000e-02,3.900000e-01,0.0,1.010424e+00,-1.902846e-02,2.568231e-02
7.000000e-02,3.900000e-01,0.0,1.019459e+00,-3.487287e-02,5.006704e-02
8.000000e-02,3.900000e-01,0.0,1.028333e+00,-4.999030e-02,7.620139e-02
9.000000e-02,3.900000e-01,0.0,1.034145e+00,-5.869060e-02,9.538643e-02
1.000000e-01,3.900000e-01,0.0,1.036830e+00,-6.013599e-02,1.071738e-01
1.100000e-01,3.900000e-01,0.0,1.037656e+00,-5.737637e-02,1.141396e-01
1.200000e-01,3.900000e-01,0.0,1.037425e+00,-5.251188e-02,1.173302e-01
1.300000e-01,3.900000e-01,0.0,1.036595e+00,-4.610159e-02,1.191015e-01
1.400000e-01,3.900000e-01,0.0,1.035758e+00,-3.939608e-02,1.200634e-01
1.500000e-01,3.900000e-01,0.0,1.034843e+00,-3.262310e-02,1.203398e-01
1.600000e-01,3.900000e-01,0.0,1.033871e+00,-2.583919e-02,1.199411e-01
1.700000e-01,3.900000e-01,0.0,1.032954e+00,-1.917209e-02,1.190862e-01
1.800000e-01,3.900000e-01,0.0,1.032211e+00,-1.266372e-02,1.181897e-01
1.900000e-01,3.900000e-01,0.0,1.031719e+00,-6.286043e-03,1.175339e-01
2.000000e-01,3.900000e-01,0.0,1.031542e+00,4.384259e-12,1.173498e-01
2.100000e-01,3.900000e-01,0.0,1.031719e+00,6.286043e-03,1.175339e-01
2.200000e-01,3.900000e-01,0.0,1.032211e+00,1.266372e-02,1.181897e-01
2.300000e-01,3.900000e-01,0.0,1.032954e+00,1.917209e-02,1.190862e-01
2.400000e-01,3.900000e-01,0.0,1.033871e+00,2.583919e-02,1.199411e-01
2.500000e-01,3.900000e-01,0.0,1.034843e+00,3.262310e-02,1.203398e-01
2.600000e-01,3.900000e-01,0.0,1.035758e+00,3.939608e-02,1.200634e-01
2.700000e-01,3.900000e-01,0.0,1.036595e+00,4.610159e-02,1.191015e-01
2.800000e-01,3.900000e-01,0.0,1.037425e+00,5.251189e-02,1.173302e-01
2.900000e-01,3.900000e-01,0.0,1.037656e+00,5.737638e-02,1.141396e-01
3.000000e-01,3.900000e-01,0.0,1.036830e+00,6.013602e-02,1.071738e-01
3.100000e-01,3.900000e-01,0.0,1.034145e+00,5.869063e-02,9.538636e-02
3.200000e-01,3.900000e-01,0.0,1.028333e+00,4.999019e-02,7.620124e-02
3.300000e-01,3.900000e-01,0.0,1.019459e+00,3.487243e-02,5.006708e-02
3.400000e-01,3.900000e-01,0.0,1.010425e+00,1.902754e-02,2.568285e-02
3.500000e-01,3.900000e-01,0.0,1.004660e+00,8.827809e-03,1.113644e-02
3.600000e-01,3.900000e-01,0.0,1.002073e+00,4.114390e-03,4.859169e-03
3.700000e-01,3.900000e-01,0.0,1.000989e+00,2.036069e-03,2.265904e-03
3.800000e-01,3.900000e-01,0.0,1.000472e+00,9.953305e-04,1.048235e-03
3.900000e-01,3.900000e-01,0.0,1.000207e+00,4.427707e-04,4.427707e-04
4.000000e-01,3.900000e-01,0.0,1.000080e+00,1.737813e-04,1.655147e-04
4.100000e-01,3.900000e-01,0.0,1.000028e+00,6.115271e-05,5.561749e-05
4.200000e-01,3.900000e-01,0.0,1.000009e+00,1.978693e-05,1.722646e-05
4.300000e-01,3.900000e-01,0.0,1.000003e+00,5.940098e-06,4.961382e-06
4.400000e-01,3.900000e-01,0.0,1.000001e+00,1.655408e-06,1.328671e-06
4.500000e-01,3.900000e-01,0.0,1.000000e+00,4.381106e-07,3.379973e-07
4.600000e-01,3.900000e-01,0.0,1.000000e+00,1.214959e-07,8.995928e-08
4.700000e-01,3.900000e-01,0.0,1.000000e+00,4.313384e-08,3.057672e-08
4.800000e-01,3.900000e-01,0.0,1.000000e+00,2.150201e-08,1.434196e-08
4.900000e-01,3.900000e-01,0.0,1.000000e+00,1.287750e-08,8.006056e-09
5.000000e-01,3.900000e-01,0.0,1.000000e+00,7.998470e-09,4.733069e-09
5.100000e-01,3.900000e-01,0.0,1.000000e+00,4.919602e-09,2.812919e-09
5.200000e-01,3.900000e-01,0.0,1.000000e+00,2.964458e-09,1.647309e-09
5.300000e-01,3.900000e-01,0.0,1.000000e+00,1.740609e-09,9.424612e-10
5.400000e-01,3.900000e-01,0.0,1.000000e+00,9.913073e-10,5.238028e-10
5.500000e-01,3.900000e-01,0.0,1.000000e+00,5.454350e-10,2.815312e-10
5.600000e-01,3.900000e-01,0.0,1.000000e+00,2.889670e-10,1.457926e-10
5.700000e-01,3.900000e-01,0.0,1.000000e+00,1.470017e-10,7.252640e-11
5.800000e-01,3.900000e-01,0.0,1.000000e+00,7.164770e-11,3.457673e-11
5.900000e-01,3.900000e-01,0.0,1.000000e+00,3.339868e-11,1.576900e-11
6.000000e-01,3.900000e-01,0.0,1.000000e+00,1.487066e-11,6.869567e-12
6.100000e-01,3.900000e-01,0.0,1.000000e+00,6.317482e-12,2.855822e-12
6.200000e-01,3.900000e-01,0.0,1.000000e+00,2.558706e-12,1.131982e-12
6.300000e-01,3.900000e-01,0.0,1.000000e+00,9.874061e-13,4.274413e-13
6.400000e-01,3.900000e-01,0.0,1.000000e+00,3.622777e-13,1.538871e-13
6.500000e-01,3.900000e-01,0.0,1.000000e+00,1.264158e-13,5.257503e-14
6.600000e-01,3.900000e-01,0.0,1.000000e+00,4.226036e-14,1.714997e-14
6.700000e-01,3.900000e-01,0.0,1.000000e+00,1.319542e-14,5.235383e-15
6.800000e-01,3.900000e-01,0.0,1.000000e+00,3.953096e-15,1.495742e-15
6.900000e-01,3.900000e-01,0.0,1.000000e+00,1.014949e-15,3.205039e-16
7.000000e-01,3.900000e-01,0.0,1.000000e+00,1.068316e-16,0.000000e+00
7.100000e-01,3.900000e-01,0.0,1.000000e+00,0.000000e+00,0.000000e+00
7.200000e-01,3.900000e-01,0.0,1.000000e+00,0.000000e+00,0.000000e+00
7.300000e-01,3.900000e-01,0.0,1.000000e+00,0.000000e+00,0.000000e+00
7.400000e-01,3.900000e-01,0.0,1.000000e+00,0.000000e+00,0.000000e+00
7.500000e-01,3.900000e-01,0.0,1.000000e+00,0.000000e+00,0.000000e+00
7.600000e-01,3.900000e-01,0.0,1.000000e+00,0.000000e+00,0.000000e+00
7.700000e-01,3.900000e-01,0.0,1.000000e+00,0.000000e+00,0.000000e+00
7.800000e-01,3.900000e-01,0.0,1.000000e+00,0.000000e+00,0.000000e+00
7.900000e-01,3.900000e-01,0.0,1.000000e+00,0.000000e+00,0.000000e+00
8.000000e-01,3.900000e-01,0.0,1.000000e+00,0.000000e+00,0.000000e+00
8.100000e-01,3.900000e-01,0.0,1.000000e+00,0.000000e+00,0.000000e+00
8.200000e-01,3.900000e-01,0.0,1.000000e+00,0.000000e+00,0.000000e+00
8.300000e-01,3.900000e-01,0.0,1.000000e+00,0.000000e+00,0.000000e+00
8.400000e-01,3.900000e-01,0.0,1.000000e+00,0.000000e+00,0.000000e+00
8.500000e-01,3.900000e-01,0.0,1.000000e+00,0.000000e+00,0.000000e+00
8.600000e-01,3.900000e-01,0.0,1.000000e+00,0.000000e+00,0.000000e+00
8.700000e-01,3.900000e-01,0.0,1.000000e+00,0.000000e+00,0.000000e+00
8.800000e-01,3.900000e-01,0.0,1.000000e+00,0.000000e+00,0.000000e+00
8.900000e-01,3.900000e-01,0.0,1.000000e+00,0.000000e+00,0.000000e+00
9.000000e-01,3.900000e-01,0.0,1.000000e+00,0.000000e+00,0.000000e+00
9.100000e-01,3.900000e-01,0.0,1.000000e+00,0.000000e+00,0.000000e+00
9.200000e-01,3.900000e-01,0.0,1.000000e+00,0.000000e+00,0.000000e+00
9.300000e-01,3.900000e-01,0.0,1.000000e+00,0.000000e+00,0.000000e+00
9.400000e-01,3.900000e-01,0.0,1.000000e+00,0.000000e+00,0.000000e+00
9.500000e-01,3.900000e-01,0.0,1.000000e+00,0.000000e+00,0.000000e+00
9.600000e-01,3.900000e-01,0.0,1.000000e+00,0.000000e+00,0.000000e+00
9.700000e-01,3.900000e-01,0.0,1.000000e+00,0.000000e+00,0.000000e+00
9.800000e-01,3.900000e-01,0.0,1.000000e+00,0.000000e+00,0.000000e+00
9.900000e-01,3.900000e-01,0.0,1.000000e+00,0.000000e+00,0.000000e+00
1.000000e+00,3.900000e-01,0.0,1.000000e+00,0.000000e+00,0.000000e+00
0.000000e+00,4.000000e-01,0.0,1.000080e+00,-1.159988e-05,1.930923e-04
1.000000e-02,4.000000e-01,0.0,1.000083e+00,-9.897859e-05,1.783879e-04
2.000000e-02,4.000000e-01,0.0,1.000207e+00,-3.975142e-04,4.631331e-04
3.000000e-02,4.000000e-01,0.0,1.000439e+00,-8.676168e-04,1.021185e-03
4.000000e-02,4.000000e-01,0.0,1.000887e+00,-1.715972e-03,2.127172e-03
5.000000e-02,4.000000e-01,0.0,1.001782e+00,-3.311275e-03,4.374051e-03
6.000000e-02,4.000000e-01,0.0,1.003806e+00,-6.708330e-03,9.517304e-03
7.000000e-02,4.000000e-01,0.0,1.008215e+00,-1.381234e-02,2.109137e-02
8.000000e-02,4.000000e-01,0.0,1.015524e+00,-2.531435e-02,4.133441e-02
9.000000e-02,4.000000e-01,0.0,1.023768e+00,-3.775479e-02,6.581079e-02
1.000000e-01,4.000000e-01,0.0,1.030332e+00,-4.653164e-02,8.699108e-02
1.100000e-01,4.000000e-01,0.0,1.034291e+00,-4.976582e-02,1.016375e-01
1.200000e-01,4.000000e-01,0.0,1.035887e+00,-4.772771e-02,1.108978e-01
1.300000e-01,4.000000e-01,0.0,1.036403e+00,-4.370117e-02,1.157627e-01
1.400000e-01,4.000000e-01,0.0,1.036127e+00,-3.814908e-02,1.181616e-01
1.500000e-01,4.000000e-01,0.0,1.035566e+00,-3.189222e-02,1.195138e-01
1.600000e-01,4.000000e-01,0.0,1.035062e+00,-2.552642e-02,1.203280e-01
1.700000e-01,4.000000e-01,0.0,1.034622e+00,-1.912865e-02,1.209109e-01
1.800000e-01,4.000000e-01,0.0,1.034275e+00,-1.273839e-02,1.212603e-01
1.900000e-01,4.000000e-01,0.0,1.034065e+00,-6.375854e-03,1.214735e-01
2.000000e-01,4.000000e-01,0.0,1.033994e+00,6.867112e-13,1.216271e-01
2.100000e-01,4.000000e-01,0.0,1.034065e+00,6.375854e-03,1.214735e-01
2.200000e-01,4.000000e-01,0.0,1.034275e+00,1.273839e-02,1.212603e-01
2.300000e-01,4.000000e-01,0.0,1.034622e+00,1.912865e-02,1.209109e-01
2.400000e-01,4.000000e-01,0.0,1.035062e+00,2.552642e-02,1.203280e-01
2.500000e-01,4.000000e-01,0.0,1.035566e+00,3.189222e-02,1.195138e-01
2.600000e-01,4.000000e-01,0.0,1.036127e+00,3.814908e-02,1.181616e-01
2.700000e-01,4.000000e-01,0.0,1.036403e+00,4.370117e-02,1.157627e-01
2.800000e-01,4.000000e-01,0.0,1.035887e+00,4.772772e-02,1.108978e-01
2.900000e-01,4.000000e-01,0.0,1.034291e+00,4.976582e-02,1.016375e-01
3.000000e-01,4.000000e-01,0.0,1.030332e+00,4.653165e-02,8.699106e-02
3.100000e-01,4.000000e-01,0.0,1.023768e+00,3.775480e-02,6.581074e-02
3.200000e-01,4.000000e-01,0.0,1.015524e+00,2.531432e-02,4.133437e-02
3.300000e-01,4.000000e-01,0.0,1.008215e+00,1.381220e-02,2.109145e-02
3.400000e-01,4.000000e-01,0.0,1.003806e+00,6.708005e-03,9.517579e-03
3.500000e-01,4.000000e-01,0.0,1.001783e+00,3.310932e-03,4.374534e-03
3.600000e-01,4.000000e-01,0.0,1.000887e+00,1.715988e-03,2.126995e-03
3.700000e-01,4.000000e-01,0.0,1.000438e+00,8.725505e-04,1.019564e-03
3.800000e-01,4.000000e-01,0.0,1.000199e+00,4.039950e-04,4.466811e-04
3.900000e-01,4.000000e-01,0.0,1.000080e+00,1.655147e-04,1.737813e-04
4.000000e-01,4.000000e-01,0.0,1.000029e+00,6.091235e-05,6.091235e-05
4.100000e-01,4.000000e-01,0.0,1.000010e+00,2.062651e-05,1.969708e-05
4.200000e-01,4.000000e-01,0.0,1.000003e+00,6.481307e-06,5.924826e-06
4.300000e-01,4.000000e-01,0.0,1.000001e+00,1.887912e-06,1.655479e-06
4.400000e-01,4.000000e-01,0.0,1.000000e+00,5.182252e-07,4.363869e-07
4.500000e-01,4.000000e-01,0.0,1.000000e+00,1.453504e-07,1.174922e-07
4.600000e-01,4.000000e-01,0.0,1.000000e+00,5.015720e-08,3.887539e-08
4.700000e-01,4.000000e-01,0.0,1.000000e+00,2.421922e-08,1.781659e-08
4.800000e-01,4.000000e-01,0.0,1.000000e+00,1.444915e-08,9.945969e-09
4.900000e-01,4.000000e-01,0.0,1.000000e+00,9.069307e-09,5.915311e-09
5.000000e-01,4.000000e-01,0.0,1.000000e+00,5.649765e-09,3.545115e-09
5.100000e-01,4.000000e-01,0.0,1.000000e+00,3.449727e-09,2.096991e-09
5.200000e-01,4.000000e-01,0.0,1.000000e+00,2.054136e-09,1.213661e-09
5.300000e-01,4.000000e-01,0.0,1.000000e+00,1.187582e-09,6.833934e-10
5.400000e-01,4.000000e-01,0.0,1.000000e+00,6.640051e-10,3.726586e-10
5.500000e-01,4.000000e-01,0.0,1.000000e+00,3.578163e-10,1.960382e-10
5.600000e-01,4.000000e-01,0.0,1.000000e+00,1.852990e-10,9.916934e-11
5.700000e-01,4.000000e-01,0.0,1.000000e+00,9.199839e-11,4.811821e-11
5.800000e-01,4.000000e-01,0.0,1.000000e+00,4.370794e-11,2.234928e-11
5.900000e-01,4.000000e-01,0.0,1.000000e+00,1.984124e-11,9.921127e-12
6.000000e-01,4.000000e-01,0.0,1.000000e+00,8.596446e-12,4.203765e-12
6.100000e-01,4.000000e-01,0.0,1.000000e+00,3.551651e-12,1.698969e-12
6.200000e-01,4.000000e-01,0.0,1.000000e+00,1.398201e-12,6.542355e-13
6.300000e-01,4.000000e-01,0.0,1.000000e+00,5.244040e-13,2.399165e-13
6.400000e-01,4.000000e-01,0.0,1.000000e+00,1.867953e-13,8.377871e-14
6.500000e-01,4.000000e-01,0.0,1.000000e+00,6.309814e-14,2.815566e-14
6.600000e-01,4.000000e-01,0.0,1.000000e+00,2.024776e-14,8.868149e-15
6.700000e-01,4.000000e-01,0.0,1.000000e+00,6.196895e-15,2.564163e-15
6.800000e-01,4.000000e-01,0.0,1.000000e+00,1.709418e-15,6.410172e-16
6.900000e-01,4.000000e-01,0.0,1.000000e+00,4.273328e-16,5.341578e-17
7.000000e-01,4.000000e-01,0.0,1.000000e+00,0.000000e+00,0.000000e+00
7.100000e-01,4.000000e-01,0.0,1.000000e+00,0.000000e+00,0.000000e+00
7.200000e-01,4.000000e-01,0.0,1.000000e+00,0.000000e+00,0.000000e+00
7.300000e-01,4.000000e-01,0.0,1.000000e+00,0.000000e+00,0.000000e+00
7.400000e-01,4.000000e-01,0.0,1.000000e+00,0.000000e+00,0.000000e+00
7.500000e-01,4.000000e-01,0.0,1.000000e+00,0.000000e+00,0.000000e+00
7.600000e-01,4.000000e-01,0.0,1.000000e+00,0.000000e+00,0.000000e+00
7.700000e-01,4.000000e-01,0.0,1.000000e+00,0.000000e+00,0.000000e+00
7.800000e-01,4.000000e-01,0.0,1.000000e+00,0.000000e+00,0.000000e+00
7.900000e-01,4.000000e-01,0.0,1.000000e+00,0.000000e+00,0.000000e+00
8.000000e-01,4.000000e-01,0.0,1.000000e+00,0.000000e+00,0.000000e+00
8.100000e-01,4.000000e-01,0.0,1.000000e+00,0.000000e+00,0.000000e+00
8.200000e-01,4.000000e-01,0.0,1.000000e+00,0.000000e+00,0.000000e+00
8.300000e-01,4.000000e-01,0.0,1.000000e+00,0.000000e+00,0.000000e+00
8.400000e-01,4.000000e-01,0.0,1.000000e+00,0.000000e+00,0.000000e+00
8.500000e-01,4.000000e-01,0.0,1.000000e+00,0.000000e+00,0.000000e+00
8.600000e-01,4.000000e-01,0.0,1.000000e+00,0.000000e+00,0.000000e+00
8.700000e-01,4.000000e-01,0.0,1.000000e+00,0.000000e+00,0.000000e+00
8.800000e-01,4.000000e-01,0.0,1.000000e+00,0.000000e+00,0.000000e+00
8.900000e-01,4.000000e-01,0.0,1.000000e+00,0.000000e+00,0.000000e+00
9.000000e-01,4.000000e-01,0.0,1.000000e+00,0.000000e+00,0.000000e+00
9.100000e-01,4.000000e-01,0.0,1.000000e+00,0.000000e+00,0.000000e+00
9.200000e-01,4.000000e-01,0.0,1.000000e+00,0.000000e+00,0.000000e+00
9.300000e-01,4.000000e-01,0.0,1.000000e+00,0.000000e+00,0.000000e+00
9.400000e-01,4.000000e-01,0.0,1.000000e+00,0.000000e+00,0.000000e+00
9.500000e-01,4.000000e-01,0.0,1.000000e+00,0.000000e+00,0.000000e+00
9.600000e-01,4.000000e-01,0.0,1.000000e+00,0.000000e+00,0.000000e+00
9.700000e-01,4.000000e-01,0.0,1.000000e+00,0.000000e+00,0.000000e+00
9.800000e-01,4.000000e-01,0.0,1.000000e+00,0.000000e+00,0.000000e+00
9.900000e-01,4.000000e-01,0.0,1.000000e+00,0.000000e+00,0.000000e+00
1.000000e+00,4.000000e-01,0.0,1.000000e+00,0.000000e+00,0.000000e+00
0.000000e+00,4.100000e-01,0.0,1.000028e+00,-3.513631e-06,7.035056e-05
1.000000e-02,4.100000e-01,0.0,1.000029e+00,-3.278963e-05,6.289773e-05
2.000000e-02,4.100000e-01,0.0,1.000076e+00,-1.426969e-04,1.732704e-04
3.000000e-02,4.100000e-01,0.0,1.000177e+00,-3.374164e-04,4.151294e-04
4.000000e-02,4.100000e-01,0.0,1.000377e+00,-7.053168e-04,9.152417e-04
5.000000e-02,4.100000e-01,0.0,1.000738e+00,-1.334804e-03,1.845376e-03
6.000000e-02,4.100000e-01,0.0,1.001421e+00,-2.453368e-03,3.633731e-03
7.000000e-02,4.100000e-01,0.0,1.002864e+00,-4.665804e-03,7.460951e-03
8.000000e-02,4.100000e-01,0.0,1.005912e+00,-9.088537e-03,1.574981e-02
9.000000e-02,4.100000e-01,0.0,1.011224e+00,-1.648128e-02,3.080153e-02
1.000000e-01,4.100000e-01,0.0,1.018084e+00,-2.551431e-02,5.128202e-02
1.100000e-01,4.100000e-01,0.0,1.024668e+00,-3.316169e-02,7.225026e-02
1.200000e-01,4.100000e-01,0.0,1.029620e+00,-3.723157e-02,8.933104e-02
1.300000e-01,4.100000e-01,0.0,1.032599e+00,-3.724103e-02,1.013866e-01
1.400000e-01,4.100000e-01,0.0,1.033990e+00,-3.403852e-02,1.091057e-01
1.500000e-01,4.100000e-01,0.0,1.034659e+00,-2.962005e-02,1.135646e-01
1.600000e-01,4.100000e-01,0.0,1.034770e+00,-2.427507e-02,1.161486e-01
1.700000e-01,4.100000e-01,0.0,1.034649e+00,-1.839436e-02,1.176918e-01
1.800000e-01,4.100000e-01,0.0,1.034495e+00,-1.232552e-02,1.185079e-01
1.900000e-01,4.100000e-01,0.0,1.034381e+00,-6.164476e-03,1.189627e-01
2.000000e-01,4.100000e-01,0.0,1.034345e+00,-4.633094e-13,1.191942e-01
2.100000e-01,4.100000e-01,0.0,1.034381e+00,6.164476e-03,1.189627e-01
2.200000e-01,4.100000e-01,0.0,1.034495e+00,1.232552e-02,1.185079e-01
2.300000e-01,4.100000e-01,0.0,1.034649e+00,1.839436e-02,1.176918e-01
2.400000e-01,4.100000e-01,0.0,1.034770e+00,2.427507e-02,1.161486e-01
2.500000e-01,4.100000e-01,0.0,1.034659e+00,2.962005e-02,1.135646e-01
2.600000e-01,4.100000e-01,0.0,1.033990e+00,3.403852e-02,1.091057e-01
2.700000e-01,4.100000e-01,0.0,1.032599e+00,3.724103e-02,1.013866e-01
2.800000e-01,4.100000e-01,0.0,1.029620e+00,3.723157e-02,8.933104e-02
2.900000e-01,4.100000e-01,0.0,1.024668e+00,3.316169e-02,7.225026e-02
3.000000e-01,4.100000e-01,0.0,1.018084e+00,2.551431e-02,5.128202e-02
3.100000e-01,4.100000e-01,0.0,1.011224e+00,1.648128e-02,3.080152e-02
3.200000e-01,4.100000e-01,0.0,1.005912e+00,9.088533e-03,1.574981e-02
3.300000e-01,4.100000e-01,0.0,1.002864e+00,4.665769e-03,7.460987e-03
3.400000e-01,4.100000e-01,0.0,1.001421e+00,2.453264e-03,3.633832e-03
3.500000e-01,4.100000e-01,0.0,1.000739e+00,1.334662e-03,1.845574e-03
3.600000e-01,4.100000e-01,0.0,1.000377e+00,7.052478e-04,9.152741e-04
3.700000e-01,4.100000e-01,0.0,1.000177e+00,3.390355e-04,4.147309e-04
3.800000e-01,4.100000e-01,0.0,1.000074e+00,1.446826e-04,1.675118e-04
3.900000e-01,4.100000e-01,0.0,1.000028e+00,5.561749e-05,6.115271e-05
4.000000e-01,4.100000e-01,0.0,1.000010e+00,1.969708e-05,2.062651e-05
4.100000e-01,4.100000e-01,0.0,1.000003e+00,6.475868e-06,6.475868e-06
4.200000e-01,4.100000e-01,0.0,1.000001e+00,1.972693e-06,1.888331e-06
4.300000e-01,4.100000e-01,0.0,1.000000e+00,5.638816e-07,5.176063e-07
4.400000e-01,4.100000e-01,0.0,1.000000e+00,1.620786e-07,1.427582e-07
4.500000e-01,4.100000e-01,0.0,1.000000e+00,5.555117e-08,4.693774e-08
4.600000e-01,4.100000e-01,0.0,1.000000e+00,2.631537e-08,2.121751e-08
4.700000e-01,4.100000e-01,0.0,1.000000e+00,1.567646e-08,1.190415e-08
4.800000e-01,4.100000e-01,0.0,1.000000e+00,9.953593e-09,7.152728e-09
4.900000e-01,4.100000e-01,0.0,1.000000e+00,6.287493e-09,4.331033e-09
5.000000e-01,4.100000e-01,0.0,1.000000e+00,3.892885e-09,2.589145e-09
5.100000e-01,4.100000e-01,0.0,1.000000e+00,2.351145e-09,1.515670e-09
5.200000e-01,4.100000e-01,0.0,1.000000e+00,1.379597e-09,8.641835e-10
5.300000e-01,4.100000e-01,0.0,1.000000e+00,7.834954e-10,4.777349e-10
5.400000e-01,4.100000e-01,0.0,1.000000e+00,4.291853e-10,2.550611e-10
5.500000e-01,4.100000e-01,0.0,1.000000e+00,2.260962e-10,1.310815e-10
5.600000e-01,4.100000e-01,0.0,1.000000e+00,1.142634e-10,6.466934e-11
5.700000e-01,4.100000e-01,0.0,1.000000e+00,5.528600e-11,3.056118e-11
5.800000e-01,4.100000e-01,0.0,1.000000e+00,2.556924e-11,1.381061e-11
5.900000e-01,4.100000e-01,0.0,1.000000e+00,1.128955e-11,5.960158e-12
6.000000e-01,4.100000e-01,0.0,1.000000e+00,4.754068e-12,2.453932e-12
6.100000e-01,4.100000e-01,0.0,1.000000e+00,1.908023e-12,9.628502e-13
6.200000e-01,4.100000e-01,0.0,1.000000e+00,7.294378e-13,3.598280e-13
6.300000e-01,4.100000e-01,0.0,1.000000e+00,2.655012e-13,1.277541e-13
6.400000e-01,4.100000e-01,0.0,1.000000e+00,9.179052e-14,4.306252e-14
6.500000e-01,4.100000e-01,0.0,1.000000e+00,2.986500e-14,1.389017e-14
6.600000e-01,4.100000e-01,0.0,1.000000e+00,9.028344e-15,4.006632e-15
6.700000e-01,4.100000e-01,0.0,1.000000e+00,2.564125e-15,1.121799e-15
6.800000e-01,4.100000e-01,0.0,1.000000e+00,7.478492e-16,2.136664e-16
6.900000e-01,4.100000e-01,0.0,1.000000e+00,1.068316e-16,0.000000e+00
7.000000e-01,4.100000e-01,0.0,1.000000e+00,0.000000e+00,0.000000e+00
7.100000e-01,4.100000e-01,0.0,1.000000e+00,0.000000e+00,0.000000e+00
7.200000e-01,4.100000e-01,0.0,1.000000e+00,0.000000e+00,0.000000e+00
7.300000e-01,4.100000e-01,0.0,1.000000e+00,0.000000e+00,0.000000e+00
7.400000e-01,4.100000e-01,0.0,1.000000e+00,0.000000e+00,0.000000e+00
7.500000e-01,4.100000e-01,0.0,1.000000e+00,0.000000e+00,0.000000e+00
7.600000e-01,4.100000e-01,0.0,1.000000e+00,0.000000e+00,0.000000e+00
7.700000e-01,4.100000e-01,0.0,1.000000e+00,0.000000e+00,0.000000e+00
7.800000e-01,4.100000e-01,0.0,1.000000e+00,0.000000e+00,0.000000e+00
7.900000e-01,4.100000e-01,0.0,1.000000e+00,0.000000e+00,0.000000e+00
8.000000e-01,4.100000e-01,0.0,1.000000e+00,0.000000e+00,0.000000e+00
8.100000e-01,4.100000e-01,0.0,1.000000e+00,0.000000e+00,0.000000e+00
8.200000e-01,4.100000e-01,0.0,1.000000e+00,0.000000e+00,0.000000e+00
8.300000e-01,4.100000e-01,0.0,1.000000e+00,0.000000e+00,0.000000e+00
8.400000e-01,4.100000e-01,0.0,1.000000e+00,0.000000e+00,0.000000e+00
8.500000e-01,4.100000e-01,0.0,1.000000e+00,0.000000e+00,0.000000e+00
8.600000e-01,4.100000e-01,0.0,1.000000e+00,0.000000e+00,0.000000e+00
8.700000e-01,4.100000e-01,0.0,1.000000e+00,0.000000e+00,0.000000e+00
8.800000e-01,4.100000e-01,0.0,1.000000e+00,0.000000e+00,0.000000e+00
8.900000e-01,4.100000e-01,0.0,1.000000e+00,0.000000e+00,0.000000e+00
9.000000e-01,4.100000e-01,0.0,1.000000e+00,0.000000e+00,0.000000e+00
9.100000e-01,4.100000e-01,0.0,1.000000e+00,0.000000e+00,0.000000e+00
9.200000e-01,4.100000e-01,0.0,1.000000e+00,0.000000e+00,0.000000e+00
9.300000e-01,4.100000e-01,0.0,1.000000e+00,0.000000e+00,0.000000e+00
9.400000e-01,4.100000e-01,0.0,1.000000e+00,0.000000e+00,0.000000e+00
9.500000e-01,4.100000e-01,0.0,1.000000e+00,0.000000e+00,0.000000e+00
9.600000e-01,4.100000e-01,0.0,1.000000e+00,0.000000e+00,0.000000e+00
9.700000e-01,4.100000e-01,0.0,1.000000e+00,0.000000e+00,0.000000e+00
9.800000e-01,4.100000e-01,0.0,1.000000e+00,0.000000e+00,0.000000e+00
9.900000e-01,4.100000e-01,0.0,1.000000e+00,0.000000e+00,0.000000e+00
1.000000e+00,4.100000e-01,0.0,1.000000e+00,0.000000e+00,0.000000e+00
0.000000e+00,4.200000e-01,0.0,1.000009e+00,-9.390976e-07,2.379920e-05
1.000000e-02,4.200000e-01,0.0,1.000009e+00,-9.980060e-06,2.045829e-05
2.000000e-02,4.200000e-01,0.0,1.000025e+00,-4.591775e-05,5.814236e-05
3.000000e-02,4.200000e-01,0.0,1.000062e+00,-1.154519e-04,1.482688e-04
4.000000e-02,4.200000e-01,0.0,1.000145e+00,-2.612726e-04,3.539887e-04
5.000000e-02,4.200000e-01,0.0,1.000300e+00,-5.243739e-04,7.570507e-04
6.000000e-02,4.200000e-01,0.0,1.000570e+00,-9.556643e-04,1.477797e-03
7.000000e-02,4.200000e-01,0.0,1.001049e+00,-1.670989e-03,2.783616e-03
8.000000e-02,4.200000e-01,0.0,1.001987e+00,-2.968321e-03,5.368805e-03
9.000000e-02,4.200000e-01,0.0,1.003873e+00,-5.401009e-03,1.066674e-02
1.000000e-01,4.200000e-01,0.0,1.007249e+00,-9.489686e-03,2.044094e-02
1.100000e-01,4.200000e-01,0.0,1.012112e+00,-1.495038e-02,3.507594e-02
1.200000e-01,4.200000e-01,0.0,1.017622e+00,-2.036269e-02,5.244271e-02
1.300000e-01,4.200000e-01,0.0,1.022638e+00,-2.402411e-02,6.917185e-02
1.400000e-01,4.200000e-01,0.0,1.026473e+00,-2.502393e-02,8.288202e-02
1.500000e-01,4.200000e-01,0.0,1.029021e+00,-2.356249e-02,9.308474e-02
1.600000e-01,4.200000e-01,0.0,1.030567e+00,-2.009790e-02,1.000745e-01
1.700000e-01,4.200000e-01,0.0,1.031554e+00,-1.586858e-02,1.046334e-01
1.800000e-01,4.200000e-01,0.0,1.032076e+00,-1.097902e-02,1.074400e-01
1.900000e-01,4.200000e-01,0.0,1.032277e+00,-5.584216e-03,1.088535e-01
2.000000e-01,4.200000e-01,0.0,1.032313e+00,-4.788545e-13,1.092919e-01
2.100000e-01,4.200000e-01,0.0,1.032277e+00,5.584216e-03,1.088535e-01
2.200000e-01,4.200000e-01,0.0,1.032076e+00,1.097902e-02,1.074400e-01
2.300000e-01,4.200000e-01,0.0,1.031554e+00,1.586858e-02,1.046334e-01
2.400000e-01,4.200000e-01,0.0,1.030567e+00,2.009790e-02,1.000745e-01
2.500000e-01,4.200000e-01,0.0,1.029021e+00,2.356249e-02,9.308474e-02
2.600000e-01,4.200000e-01,0.0,1.026473e+00,2.502393e-02,8.288202e-02
2.700000e-01,4.200000e-01,0.0,1.022638e+00,2.402411e-02,6.917185e-02
2.800000e-01,4.200000e-01,0.0,1.017622e+00,2.036269e-02,5.244271e-02
2.900000e-01,4.200000e-01,0.0,1.012112e+00,1.495038e-02,3.507594e-02
3.000000e-01,4.200000e-01,0.0,1.007249e+00,9.489687e-03,2.044094e-02
3.100000e-01,4.200000e-01,0.0,1.003873e+00,5.401012e-03,1.066674e-02
3.200000e-01,4.200000e-01,0.0,1.001987e+00,2.968323e-03,5.368805e-03
3.300000e-01,4.200000e-01,0.0,1.001049e+00,1.670984e-03,2.783623e-03
3.400000e-01,4.200000e-01,0.0,1.000570e+00,9.556392e-04,1.477824e-03
3.500000e-01,4.200000e-01,0.0,1.000300e+00,5.243307e-04,7.571154e-04
3.600000e-01,4.200000e-01,0.0,1.000145e+00,2.612404e-04,3.540166e-04
3.700000e-01,4.200000e-01,0.0,1.000062e+00,1.159530e-04,1.481716e-04
3.800000e-01,4.200000e-01,0.0,1.000024e+00,4.652464e-05,5.627669e-05
3.900000e-01,4.200000e-01,0.0,1.000009e+00,1.722646e-05,1.978693e-05
4.000000e-01,4.200000e-01,0.0,1.000003e+00,5.924826e-06,6.481307e-06
4.100000e-01,4.200000e-01,0.0,1.000001e+00,1.888331e-06,1.972693e-06
4.200000e-01,4.200000e-01,0.0,1.000000e+00,5.637580e-07,5.637580e-07
4.300000e-01,4.200000e-01,0.0,1.000000e+00,1.677535e-07,1.608234e-07
4.400000e-01,4.200000e-01,0.0,1.000000e+00,5.823712e-08,5.355318e-08
4.500000e-01,4.200000e-01,0.0,1.000000e+00,2.748986e-08,2.419352e-08
4.600000e-01,4.200000e-01,0.0,1.000000e+00,1.642582e-08,1.370701e-08
4.700000e-01,4.200000e-01,0.0,1.000000e+00,1.056097e-08,8.352624e-09
4.800000e-01,4.200000e-01,0.0,1.000000e+00,6.772318e-09,5.121772e-09
4.900000e-01,4.200000e-01,0.0,1.000000e+00,4.255872e-09,3.098023e-09
5.000000e-01,4.200000e-01,0.0,1.000000e+00,2.608510e-09,1.835017e-09
5.100000e-01,4.200000e-01,0.0,1.000000e+00,1.553691e-09,1.059271e-09
5.200000e-01,4.200000e-01,0.0,1.000000e+00,8.961013e-10,5.933732e-10
5.300000e-01,4.200000e-01,0.0,1.000000e+00,4.988020e-10,3.213139e-10
5.400000e-01,4.200000e-01,0.0,1.000000e+00,2.671756e-10,1.676319e-10
5.500000e-01,4.200000e-01,0.0,1.000000e+00,1.373622e-10,8.402091e-11
5.600000e-01,4.200000e-01,0.0,1.000000e+00,6.764414e-11,4.036658e-11
5.700000e-01,4.200000e-01,0.0,1.000000e+00,3.185332e-11,1.855494e-11
5.800000e-01,4.200000e-01,0.0,1.000000e+00,1.432373e-11,8.148739e-12
5.900000e-01,4.200000e-01,0.0,1.000000e+00,6.144212e-12,3.414886e-12
6.000000e-01,4.200000e-01,0.0,1.000000e+00,2.512068e-12,1.364726e-12
6.100000e-01,4.200000e-01,0.0,1.000000e+00,9.780262e-13,5.195509e-13
6.200000e-01,4.200000e-01,0.0,1.000000e+00,3.624829e-13,1.881863e-13
6.300000e-01,4.200000e-01,0.0,1.000000e+00,1.279635e-13,6.464857e-14
6.400000e-01,4.200000e-01,0.0,1.000000e+00,4.290226e-14,2.083585e-14
6.500000e-01,4.200000e-01,0.0,1.000000e+00,1.340944e-14,6.303747e-15
6.600000e-01,4.200000e-01,0.0,1.000000e+00,4.059936e-15,1.869665e-15
6.700000e-01,4.200000e-01,0.0,1.000000e+00,1.282049e-15,5.341736e-16
6.800000e-01,4.200000e-01,0.0,1.000000e+00,2.136697e-16,5.341578e-17
6.900000e-01,4.200000e-01,0.0,1.000000e+00,0.000000e+00,0.000000e+00
7.000000e-01,4.200000e-01,0.0,1.000000e+00,0.000000e+00,0.000000e+00
7.100000e-01,4.200000e-01,0.0,1.000000e+00,0.000000e+00,0.000000e+00
7.200000e-01,4.200000e-01,0.0,1.000000e+00,0.000000e+00,0.000000e+00
7.300000e-01,4.200000e-01,0.0,1.000000e+00,0.000000e+00,0.000000e+00
7.400000e-01,4.200000e-01,0.0,1.000000e+00,0.000000e+00,0.000000e+00
7.500000e-01,4.200000e-01,0.0,1.000000e+00,0.000000e+00,0.000000e+00
7.600000e-01,4.200000e-01,0.0,1.000000e+00,0.000000e+00,0.000000e+00
7.700000e-01,4.200000e-01,0.0,1.000000e+00,0.000000e+00,0.000000e+00
7.800000e-01,4.200000e-01,0.0,1.000000e+00,0.000000e+00,0.000000e+00
7.900000e-01,4.200000e-01,0.0,1.000000e+00,0.000000e+00,0.000000e+00
8.000000e-01,4.200000e-01,0.0,1.000000e+00,0.000000e+00,0.000000e+00
8.100000e-01,4.200000e-01,0.0,1.000000e+00,0.000000e+00,0.000000e+00
8.200000e-01,4.200000e-01,0.0,1.000000e+00,0.000000e+00,0.000000e+00
8.300000e-01,4.200000e-01,0.0,1.000000e+00,0.000000e+00,0.000000e+00
8.400000e-01,4.200000e-01,0.0,1.000000e+00,0.000000e+00,0.000000e+00
8.500000e-01,4.200000e-01,0.0,1.000000e+00,0.000000e+00,0.000000e+00
8.600000e-01,4.200000e-01,0.0,1.000000e+00,0.000000e+00,0.000000e+00
8.700000e-01,4.200000e-01,0.0,1.000000e+00,0.000000e+00,0.000000e+00
8.800000e-01,4.200000e-01,0.0,1.000000e+00,0.000000e+00,0.000000e+00
8.900000e-01,4.200000e-01,0.0,1.000000e+00,0.000000e+00,0.000000e+00
9.000000e-01,4.200000e-01,0.0,1.000000e+00,0.000000e+00,0.000000e+00
9.100000e-01,4.200000e-01,0.0,1.000000e+00,0.000000e+00,0.000000e+00
9.200000e-01,4.200000e-01,0.0,1.000000e+00,0.000000e+00,0.000000e+00
9.300000e-01,4.200000e-01,0.0,1.000000e+00,0.000000e+00,0.000000e+00
9.400000e-01,4.200000e-01,0.0,1.000000e+00,0.000000e+00,0.000000e+00
9.500000e-01,4.200000e-01,0.0,1.000000e+00,0.000000e+00,0.000000e+00
9.600000e-01,4.200000e-01,0.0,1.000000e+00,0.000000e+00,0.000000e+00
9.700000e-01,4.200000e-01,0.0,1.000000e+00,0.000000e+00,0.000000e+00
9.800000e-01,4.200000e-01,0.0,1.000000e+00,0.000000e+00,0.000000e+00
9.900000e-01,4.200000e-01,0.0,1.000000e+00,0.000000e+00,0.000000e+00
1.000000e+00,4.200000e-01,0.0,1.000000e+00,0.000000e+00,0.000000e+00
0.000000e+00,4.300000e-01,0.0,1.000003e+00,-2.221800e-07,7.510019e-06
1.000000e-02,4.300000e-01,0.0,1.000003e+00,-2.819992e-06,6.194035e-06
2.000000e-02,4.300000e-01,0.0,1.000008e+00,-1.359546e-05,1.794421e-05
3.000000e-02,4.300000e-01,0.0,1.000020e+00,-3.546172e-05,4.747506e-05
4.000000e-02,4.300000e-01,0.0,1.000049e+00,-8.504917e-05,1.201271e-04
5.000000e-02,4.300000e-01,0.0,1.000109e+00,-1.843521e-04,2.772815e-04
6.000000e-02,4.300000e-01,0.0,1.000221e+00,-3.573962e-04,5.756222e-04
7.000000e-02,4.300000e-01,0.0,1.000406e+00,-6.278160e-04,1.089316e-03
8.000000e-02,4.300000e-01,0.0,1.000717e+00,-1.043906e-03,1.964308e-03
9.000000e-02,4.300000e-01,0.0,1.001272e+00,-1.726569e-03,3.551787e-03
1.000000e-01,4.300000e-01,0.0,1.002312e+00,-2.897843e-03,6.564577e-03
1.100000e-01,4.300000e-01,0.0,1.004154e+00,-4.800176e-03,1.201332e-02
1.200000e-01,4.300000e-01,0.0,1.006982e+00,-7.435841e-03,2.061279e-02
1.300000e-01,4.300000e-01,0.0,1.010596e+00,-1.030917e-02,3.197690e-02
1.400000e-01,4.300000e-01,0.0,1.014436e+00,-1.256294e-02,4.450905e-02
1.500000e-01,4.300000e-01,0.0,1.017917e+00,-1.346158e-02,5.631393e-02
1.600000e-01,4.300000e-01,0.0,1.020683e+00,-1.278441e-02,6.624964e-02
1.700000e-01,4.300000e-01,0.0,1.022699e+00,-1.072913e-02,7.376513e-02
1.800000e-01,4.300000e-01,0.0,1.024044e+00,-7.565004e-03,7.900938e-02
1.900000e-01,4.300000e-01,0.0,1.024866e+00,-4.160153e-03,8.206660e-02
2.000000e-01,4.300000e-01,0.0,1.025069e+00,-1.199646e-13,8.298080e-02
2.100000e-01,4.300000e-01,0.0,1.024866e+00,4.160153e-03,8.206660e-02
2.200000e-01,4.300000e-01,0.0,1.024044e+00,7.565004e-03,7.900938e-02
2.300000e-01,4.300000e-01,0.0,1.022699e+00,1.072913e-02,7.376513e-02
2.400000e-01,4.300000e-01,0.0,1.020683e+00,1.278441e-02,6.624964e-02
2.500000e-01,4.300000e-01,0.0,1.017917e+00,1.346158e-02,5.631393e-02
2.600000e-01,4.300000e-01,0.0,1.014436e+00,1.256294e-02,4.450905e-02
2.700000e-01,4.300000e-01,0.0,1.010596e+00,1.030917e-02,3.197690e-02
2.800000e-01,4.300000e-01,0.0,1.006982e+00,7.435841e-03,2.061279e-02
2.900000e-01,4.300000e-01,0.0,1.004154e+00,4.800176e-03,1.201332e-02
3.000000e-01,4.300000e-01,0.0,1.002312e+00,2.897843e-03,6.564578e-03
3.100000e-01,4.300000e-01,0.0,1.001272e+00,1.726570e-03,3.551787e-03
3.200000e-01,4.300000e-01,0.0,1.000717e+00,1.043908e-03,1.964307e-03
3.300000e-01,4.300000e-01,0.0,1.000406e+00,6.278178e-04,1.089315e-03
3.400000e-01,4.300000e-01,0.0,1.000221e+00,3.573943e-04,5.756255e-04
3.500000e-01,4.300000e-01,0.0,1.000109e+00,1.843466e-04,2.772953e-04
3.600000e-01,4.300000e-01,0.0,1.000049e+00,8.504679e-05,1.201313e-04
3.700000e-01,4.300000e-01,0.0,1.000020e+00,3.561298e-05,4.744333e-05
3.800000e-01,4.300000e-01,0.0,1.000007e+00,1.378731e-05,1.738416e-05
3.900000e-01,4.300000e-01,0.0,1.000003e+00,4.961382e-06,5.940098e-06
4.000000e-01,4.300000e-01,0.0,1.000001e+00,1.655479e-06,1.887912e-06
4.100000e-01,4.300000e-01,0.0,1.000000e+00,5.176063e-07,5.638816e-07
4.200000e-01,4.300000e-01,0.0,1.000000e+00,1.608234e-07,1.677535e-07
4.300000e-01,4.300000e-01,0.0,1.000000e+00,5.756085e-08,5.756085e-08
4.400000e-01,4.300000e-01,0.0,1.000000e+00,2.753274e-08,2.639114e-08
4.500000e-01,4.300000e-01,0.0,1.000000e+00,1.660465e-08,1.518065e-08
4.600000e-01,4.300000e-01,0.0,1.000000e+00,1.082361e-08,9.409151e-09
4.700000e-01,4.300000e-01,0.0,1.000000e+00,7.052772e-09,5.855540e-09
4.800000e-01,4.300000e-01,0.0,1.000000e+00,4.503176e-09,3.588780e-09
4.900000e-01,4.300000e-01,0.0,1.000000e+00,2.803220e-09,2.152511e-09
5.000000e-01,4.300000e-01,0.0,1.000000e+00,1.695572e-09,1.258302e-09
5.100000e-01,4.300000e-01,0.0,1.000000e+00,9.932754e-10,7.141479e-10
5.200000e-01,4.300000e-01,0.0,1.000000e+00,5.617610e-10,3.920725e-10
5.300000e-01,4.300000e-01,0.0,1.000000e+00,3.058544e-10,2.075332e-10
5.400000e-01,4.300000e-01,0.0,1.000000e+00,1.599062e-10,1.056124e-10
5.500000e-01,4.300000e-01,0.0,1.000000e+00,8.010871e-11,5.154870e-11
5.600000e-01,4.300000e-01,0.0,1.000000e+00,3.838839e-11,2.408490e-11
5.700000e-01,4.300000e-01,0.0,1.000000e+00,1.757146e-11,1.075606e-11
5.800000e-01,4.300000e-01,0.0,1.000000e+00,7.673928e-12,4.585369e-12
5.900000e-01,4.300000e-01,0.0,1.000000e+00,3.194793e-12,1.864297e-12
6.000000e-01,4.300000e-01,0.0,1.000000e+00,1.266913e-12,7.221826e-13
6.100000e-01,4.300000e-01,0.0,1.000000e+00,4.780094e-13,2.665211e-13
6.200000e-01,4.300000e-01,0.0,1.000000e+00,1.715633e-13,9.344872e-14
6.300000e-01,4.300000e-01,0.0,1.000000e+00,5.860952e-14,3.104149e-14
6.400000e-01,4.300000e-01,0.0,1.000000e+00,1.901899e-14,9.723030e-15
6.500000e-01,4.300000e-01,0.0,1.000000e+00,5.822976e-15,2.724417e-15
6.600000e-01,4.300000e-01,0.0,1.000000e+00,1.762834e-15,9.081171e-16
6.700000e-01,4.300000e-01,0.0,1.000000e+00,4.273328e-16,1.068349e-16
6.800000e-01,4.300000e-01,0.0,1.000000e+00,0.000000e+00,0.000000e+00
6.900000e-01,4.300000e-01,0.0,1.000000e+00,0.000000e+00,0.000000e+00
7.000000e-01,4.300000e-01,0.0,1.000000e+00,0.000000e+00,0.000000e+00
7.100000e-01,4.300000e-01,0.0,1.000000e+00,0.000000e+00,0.000000e+00
7.200000e-01,4.300000e-01,0.0,1.000000e+00,0.000000e+00,0.000000e+00
7.300000e-01,4.300000e-01,0.0,1.000000e+00,0.000000e+00,0.000000e+00
7.400000e-01,4.300000e-01,0.0,1.000000e+00,0.000000e+00,0.000000e+00
7.500000e-01,4.300000e-01,0.0,1.000000e+00,0.000000e+00,0.000000e+00
7.600000e-01,4.300000e-01,0.0,1.000000e+00,0.000000e+00,0.000000e+00
7.700000e-01,4.300000e-01,0.0,1.000000e+00,0.000000e+00,0.000000e+00
7.800000e-01,4.300000e-01,0.0,1.000000e+00,0.000000e+00,0.000000e+00
7.900000e-01,4.300000e-01,0.0,1.000000e+00,0.000000e+00,0.000000e+00
8.000000e-01,4.300000e-01,0.0,1.000000e+00,0.000000e+00,0.000000e+00
8.100000e-01,4.300000e-01,0.0,1.000000e+00,0.000000e+00,0.000000e+00
8.200000e-01,4.300000e-01,0.0,1.000000e+00,0.000000e+00,0.000000e+00
8.300000e-01,4.300000e-01,0.0,1.000000e+00,0.000000e+00,0.000000e+00
8.400000e-01,4.300000e-01,0.0,1.000000e+00,0.000000e+00,0.000000e+00
8.500000e-01,4.300000e-01,0.0,1.000000e+00,0.000000e+00,0.000000e+00
8.600000e-01,4.300000e-01,0.0,1.000000e+00,0.000000e+00,0.000000e+00
8.700000e-01,4.300000e-01,0.0,1.000000e+00,0.000000e+00,0.000000e+00
8.800000e-01,4.300000e-01,0.0,1.000000e+00,0.000000e+00,0.000000e+00
8.900000e-01,4.300000e-01,0.0,1.000000e+00,0.000000e+00,0.000000e+00
9.000000e-01,4.300000e-01,0.0,1.000000e+00,0.000000e+00,0.000000e+00
9.100000e-01,4.300000e-01,0.0,1.000000e+00,0.000000e+00,0.000000e+00
9.200000e-01,4.300000e-01,0.0,1.000000e+00,0.000000e+00,0.000000e+00
9.300000e-01,4.300000e-01,0.0,1.000000e+00,0.000000e+00,0.000000e+00
9.400000e-01,4.300000e-01,0.0,1.000000e+00,0.000000e+00,0.000000e+00
9.500000e-01,4.300000e-01,0.0,1.000000e+00,0.000000e+00,0.000000e+00
9.600000e-01,4.300000e-01,0.0,1.000000e+00,0.000000e+00,0.000000e+00
9.700000e-01,4.300000e-01,0.0,1.000000e+00,0.000000e+00,0.000000e+00
9.800000e-01,4.300000e-01,0.0,1.000000e+00,0.000000e+00,0.000000e+00
9.900000e-01,4.300000e-01,0.0,1.000000e+00,0.000000e+00,0.000000e+00
1.000000e+00,4.300000e-01,0.0,1.000000e+00,0.000000e+00,0.000000e+00
0.000000e+00,4.400000e-01,0.0,1.000001e+00,-4.473540e-08,2.221893e-06
1.000000e-02,4.400000e-01,0.0,1.000001e+00,-7.358017e-07,1.755317e-06
2.000000e-02,4.400000e-01,0.0,1.000002e+00,-3.730812e-06,5.147732e-06
3.000000e-02,4.400000e-01,0.0,1.000006e+00,-1.003528e-05,1.399605e-05
4.000000e-02,4.400000e-01,0.0,1.000015e+00,-2.489395e-05,3.660324e-05
5.000000e-02,4.400000e-01,0.0,1.000035e+00,-5.694458e-05,8.911435e-05
6.000000e-02,4.400000e-01,0.0,1.000076e+00,-1.187278e-04,1.987845e-04
7.000000e-02,4.400000e-01,0.0,1.000149e+00,-2.223955e-04,4.008745e-04
8.000000e-02,4.400000e-01,0.0,1.000267e+00,-3.768001e-04,7.365960e-04
9.000000e-02,4.400000e-01,0.0,1.000452e+00,-5.963029e-04,1.274417e-03
1.000000e-01,4.400000e-01,0.0,1.000753e+00,-9.178043e-04,2.163515e-03
1.100000e-01,4.400000e-01,0.0,1.001267e+00,-1.408273e-03,3.693695e-03
1.200000e-01,4.400000e-01,0.0,1.002127e+00,-2.141340e-03,6.295531e-03
1.300000e-01,4.400000e-01,0.0,1.003452e+00,-3.123905e-03,1.038199e-02
1.400000e-01,4.400000e-01,0.0,1.005243e+00,-4.201464e-03,1.603041e-02
1.500000e-01,4.400000e-01,0.0,1.007321e+00,-5.055382e-03,2.275162e-02
1.600000e-01,4.400000e-01,0.0,1.009402e+00,-5.344677e-03,2.964319e-02
1.700000e-01,4.400000e-01,0.0,1.011212e+00,-4.893311e-03,3.583755e-02
1.800000e-01,4.400000e-01,0.0,1.012586e+00,-3.705076e-03,4.060610e-02
1.900000e-01,4.400000e-01,0.0,1.013460e+00,-2.009825e-03,4.371711e-02
2.000000e-01,4.400000e-01,0.0,1.013857e+00,5.132994e-15,4.504898e-02
2.100000e-01,4.400000e-01,0.0,1.013460e+00,2.009825e-03,4.371711e-02
2.200000e-01,4.400000e-01,0.0,1.012586e+00,3.705076e-03,4.060610e-02
2.300000e-01,4.400000e-01,0.0,1.011212e+00,4.893311e-03,3.583755e-02
2.400000e-01,4.400000e-01,0.0,1.009402e+00,5.344677e-03,2.964319e-02
2.500000e-01,4.400000e-01,0.0,1.007321e+00,5.055382e-03,2.275162e-02
2.600000e-01,4.400000e-01,0.0,1.005243e+00,4.201464e-03,1.603041e-02
2.700000e-01,4.400000e-01,0.0,1.003452e+00,3.123905e-03,1.038199e-02
2.800000e-01,4.400000e-01,0.0,1.002127e+00,2.141340e-03,6.295531e-03
2.900000e-01,4.400000e-01,0.0,1.001267e+00,1.408273e-03,3.693695e-03
3.000000e-01,4.400000e-01,0.0,1.000753e+00,9.178044e-04,2.163515e-03
3.100000e-01,4.400000e-01,0.0,1.000452e+00,5.963033e-04,1.274417e-03
3.200000e-01,4.400000e-01,0.0,1.000267e+00,3.768013e-04,7.365954e-04
3.300000e-01,4.400000e-01,0.0,1.000149e+00,2.223976e-04,4.008733e-04
3.400000e-01,4.400000e-01,0.0,1.000076e+00,1.187306e-04,1.987829e-04
3.500000e-01,4.400000e-01,0.0,1.000035e+00,5.694876e-05,8.911358e-05
3.600000e-01,4.400000e-01,0.0,1.000015e+00,2.490175e-05,3.659784e-05
3.700000e-01,4.400000e-01,0.0,1.000006e+00,1.008578e-05,1.397808e-05
3.800000e-01,4.400000e-01,0.0,1.000002e+00,3.799452e-06,4.983814e-06
3.900000e-01,4.400000e-01,0.0,1.000001e+00,1.328671e-06,1.655408e-06
4.000000e-01,4.400000e-01,0.0,1.000000e+00,4.363869e-07,5.182252e-07
4.100000e-01,4.400000e-01,0.0,1.000000e+00,1.427582e-07,1.620786e-07
4.200000e-01,4.400000e-01,0.0,1.000000e+00,5.355318e-08,5.823712e-08
4.300000e-01,4.400000e-01,0.0,1.000000e+00,2.639114e-08,2.753274e-08
4.400000e-01,4.400000e-01,0.0,1.000000e+00,1.617871e-08,1.617871e-08
4.500000e-01,4.400000e-01,0.0,1.000000e+00,1.070802e-08,1.022099e-08
4.600000e-01,4.400000e-01,0.0,1.000000e+00,7.095958e-09,6.466206e-09
4.700000e-01,4.400000e-01,0.0,1.000000e+00,4.607958e-09,4.021084e-09
4.800000e-01,4.400000e-01,0.0,1.000000e+00,2.915870e-09,2.444653e-09
4.900000e-01,4.400000e-01,0.0,1.000000e+00,1.792214e-09,1.448006e-09
5.000000e-01,4.400000e-01,0.0,1.000000e+00,1.066737e-09,8.327775e-10
5.100000e-01,4.400000e-01,0.0,1.000000e+00,6.130488e-10,4.634794e-10
5.200000e-01,4.400000e-01,0.0,1.000000e+00,3.392439e-10,2.488314e-10
5.300000e-01,4.400000e-01,0.0,1.000000e+00,1.803188e-10,1.285090e-10
5.400000e-01,4.400000e-01,0.0,1.000000e+00,9.186749e-11,6.368993e-11
5.500000e-01,4.400000e-01,0.0,1.000000e+00,4.478197e-11,3.023071e-11
5.600000e-01,4.400000e-01,0.0,1.000000e+00,2.085603e-11,1.372026e-11
5.700000e-01,4.400000e-01,0.0,1.000000e+00,9.269132e-12,5.946457e-12
5.800000e-01,4.400000e-01,0.0,1.000000e+00,3.927434e-12,2.458419e-12
5.900000e-01,4.400000e-01,0.0,1.000000e+00,1.585455e-12,9.688017e-13
6.000000e-01,4.400000e-01,0.0,1.000000e+00,6.091885e-13,3.637188e-13
6.100000e-01,4.400000e-01,0.0,1.000000e+00,2.225905e-13,1.299407e-13
6.200000e-01,4.400000e-01,0.0,1.000000e+00,7.720320e-14,4.413072e-14
6.300000e-01,4.400000e-01,0.0,1.000000e+00,2.543022e-14,1.442455e-14
6.400000e-01,4.400000e-01,0.0,1.000000e+00,7.746089e-15,4.220311e-15
6.500000e-01,4.400000e-01,0.0,1.000000e+00,2.297030e-15,1.228630e-15
6.600000e-01,4.400000e-01,0.0,1.000000e+00,7.478492e-16,2.670822e-16
6.700000e-01,4.400000e-01,0.0,1.000000e+00,1.068316e-16,0.000000e+00
6.800000e-01,4.400000e-01,0.0,1.000000e+00,0.000000e+00,0.000000e+00
6.900000e-01,4.400000e-01,0.0,1.000000e+00,0.000000e+00,0.000000e+00
7.000000e-01,4.400000e-01,0.0,1.000000e+00,0.000000e+00,0.000000e+00
7.100000e-01,4.400000e-01,0.0,1.000000e+00,0.000000e+00,0.000000e+00
7.200000e-01,4.400000e-01,0.0,1.000000e+00,0.000000e+00,0.000000e+00
7.300000e-01,4.400000e-01,0.0,1.000000e+00,0.000000e+00,0.000000e+00
7.400000e-01,4.400000e-01,0.0,1.000000e+00,0.000000e+00,0.000000e+00
7.500000e-01,4.400000e-01,0.0,1.000000e+00,0.000000e+00,0.000000e+00
7.600000e-01,4.400000e-01,0.0,1.000000e+00,0.000000e+00,0.000000e+00
7.700000e-01,4.400000e-01,0.0,1.000000e+00,0.000000e+00,0.000000e+00
7.800000e-01,4.400000e-01,0.0,1.000000e+00,0.000000e+00,0.000000e+00
7.900000e-01,4.400000e-01,0.0,1.000000e+00,0.000000e+00,0.000000e+00
8.000000e-01,4.400000e-01,0.0,1.000000e+00,0.000000e+00,0.000000e+00
8.100000e-01,4.400000e-01,0.0,1.000000e+00,0.000000e+00,0.000000e+00
8.200000e-01,4.400000e-01,0.0,1.000000e+00,0.000000e+00,0.000000e+00
8.300000e-01,4.400000e-01,0.0,1.000000e+00,0.000000e+00,0.000000e+00
8.400000e-01,4.400000e-01,0.0,1.000000e+00,0.000000e+00,0.000000e+00
8.500000e-01,4.400000e-01,0.0,1.000000e+00,0.000000e+00,0.000000e+00
8.600000e-01,4.400000e-01,0.0,1.000000e+00,0.000000e+00,0.000000e+00
8.700000e-01,4.400000e-01,0.0,1.000000e+00,0.000000e+00,0.000000e+00
8.800000e-01,4.400000e-01,0.0,1.000000e+00,0.000000e+00,0.000000e+00
8.900000e-01,4.400000e-01,0.0,1.000000e+00,0.000000e+00,0.000000e+00
9.000000e-01,4.400000e-01,0.0,1.000000e+00,0.000000e+00,0.000000e+00
9.100000e-01,4.400000e-01,0.0,1.000000e+00,0.000000e+00,0.000000e+00
9.200000e-01,4.400000e-01,0.0,1.000000e+00,0.000000e+00,0.000000e+00
9.300000e-01,4.400000e-01,0.0,1.000000e+00,0.000000e+00,0.000000e+00
9.400000e-01,4.400000e-01,0.0,1.000000e+00,0.000000e+00,0.000000e+00
9.500000e-01,4.400000e-01,0.0,1.000000e+00,0.000000e+00,0.000000e+00
9.600000e-01,4.400000e-01,0.0,1.000000e+00,0.000000e+00,0.000000e+00
9.700000e-01,4.400000e-01,0.0,1.000000e+00,0.000000e+00,0.000000e+00
9.800000e-01,4.400000e-01,0.0,1.000000e+00,0.000000e+00,0.000000e+00
9.900000e-01,4.400000e-01,0.0,1.000000e+00,0.000000e+00,0.000000e+00
1.000000e+00,4.400000e-01,0.0,1.000000e+00,0.000000e+00,0.000000e+00
0.000000e+00,4.500000e-01,0.0,1.000000e+00,-8.102904e-09,6.326884e-07
1.000000e-02,4.500000e-01,0.0,1.000000e+00,-1.792820e-07,4.821749e-07
2.000000e-02,4.500000e-01,0.0,1.000001e+00,-9.454320e-07,1.382001e-06
3.000000e-02,4.500000e-01,0.0,1.000002e+00,-2.636766e-06,3.838547e-06
4.000000e-02,4.500000e-01,0.0,1.000004e+00,-6.724048e-06,1.028141e-05
5.000000e-02,4.500000e-01,0.0,1.000010e+00,-1.586506e-05,2.579436e-05
6.000000e-02,4.500000e-01,0.0,1.000023e+00,-3.470743e-05,6.034620e-05
7.000000e-02,4.500000e-01,0.0,1.000048e+00,-6.951146e-05,1.299988e-04
8.000000e-02,4.500000e-01,0.0,1.000092e+00,-1.256983e-04,2.546584e-04
9.000000e-02,4.500000e-01,0.0,1.000161e+00,-2.054712e-04,4.548917e-04
1.000000e-01,4.500000e-01,0.0,1.000262e+00,-3.100728e-04,7.576595e-04
1.100000e-01,4.500000e-01,0.0,1.000413e+00,-4.452232e-04,1.213745e-03
1.200000e-01,4.500000e-01,0.0,1.000642e+00,-6.227150e-04,1.915117e-03
1.300000e-01,4.500000e-01,0.0,1.000990e+00,-8.529610e-04,2.993809e-03
1.400000e-01,4.500000e-01,0.0,1.001497e+00,-1.126139e-03,4.579181e-03
1.500000e-01,4.500000e-01,0.0,1.002165e+00,-1.389281e-03,6.704453e-03
1.600000e-01,4.500000e-01,0.0,1.002942e+00,-1.546280e-03,9.215579e-03
1.700000e-01,4.500000e-01,0.0,1.003723e+00,-1.495701e-03,1.178704e-02
1.800000e-01,4.500000e-01,0.0,1.004387e+00,-1.186083e-03,1.399364e-02
1.900000e-01,4.500000e-01,0.0,1.004831e+00,-6.796955e-04,1.549215e-02
2.000000e-01,4.500000e-01,0.0,1.005078e+00,-5.270657e-17,1.633024e-02
2.100000e-01,4.500000e-01,0.0,1.004831e+00,6.796955e-04,1.549215e-02
2.200000e-01,4.500000e-01,0.0,1.004387e+00,1.186083e-03,1.399364e-02
2.300000e-01,4.500000e-01,0.0,1.003723e+00,1.495701e-03,1.178704e-02
2.400000e-01,4.500000e-01,0.0,1.002942e+00,1.546280e-03,9.215579e-03
2.500000e-01,4.500000e-01,0.0,1.002165e+00,1.389281e-03,6.704453e-03
2.600000e-01,4.500000e-01,0.0,1.001497e+00,1.126139e-03,4.579181e-03
2.700000e-01,4.500000e-01,0.0,1.000990e+00,8.529609e-04,2.993809e-03
2.800000e-01,4.500000e-01,0.0,1.000642e+00,6.227150e-04,1.915117e-03
2.900000e-01,4.500000e-01,0.0,1.000413e+00,4.452232e-04,1.213745e-03
3.000000e-01,4.500000e-01,0.0,1.000262e+00,3.100728e-04,7.576596e-04
3.100000e-01,4.500000e-01,0.0,1.000161e+00,2.054714e-04,4.548917e-04
3.200000e-01,4.500000e-01,0.0,1.000092e+00,1.256989e-04,2.546582e-04
3.300000e-01,4.500000e-01,0.0,1.000048e+00,6.951286e-05,1.299980e-04
3.400000e-01,4.500000e-01,0.0,1.000023e+00,3.471005e-05,6.034451e-05
3.500000e-01,4.500000e-01,0.0,1.000010e+00,1.586969e-05,2.579138e-05
3.600000e-01,4.500000e-01,0.0,1.000004e+00,6.732099e-06,1.027513e-05
3.700000e-01,4.500000e-01,0.0,1.000002e+00,2.657851e-06,3.825819e-06
3.800000e-01,4.500000e-01,0.0,1.000001e+00,9.757928e-07,1.330130e-06
3.900000e-01,4.500000e-01,0.0,1.000000e+00,3.379973e-07,4.381106e-07
4.000000e-01,4.500000e-01,0.0,1.000000e+00,1.174922e-07,1.453504e-07
4.100000e-01,4.500000e-01,0.0,1.000000e+00,4.693774e-08,5.555117e-08
4.200000e-01,4.500000e-01,0.0,1.000000e+00,2.419352e-08,2.748986e-08
4.300000e-01,4.500000e-01,0.0,1.000000e+00,1.518065e-08,1.660465e-08
4.400000e-01,4.500000e-01,0.0,1.000000e+00,1.022099e-08,1.070802e-08
4.500000e-01,4.500000e-01,0.0,1.000000e+00,6.894050e-09,6.894050e-09
4.600000e-01,4.500000e-01,0.0,1.000000e+00,4.557273e-09,4.354921e-09
4.700000e-01,4.500000e-01,0.0,1.000000e+00,2.934106e-09,2.686438e-09
4.800000e-01,4.500000e-01,0.0,1.000000e+00,1.833924e-09,1.613485e-09
4.900000e-01,4.500000e-01,0.0,1.000000e+00,1.109648e-09,9.407083e-10
5.000000e-01,4.500000e-01,0.0,1.000000e+00,6.481863e-10,5.307967e-10
5.100000e-01,4.500000e-01,0.0,1.000000e+00,3.645905e-10,2.890063e-10
5.200000e-01,4.500000e-01,0.0,1.000000e+00,1.970054e-10,1.514317e-10
5.300000e-01,4.500000e-01,0.0,1.000000e+00,1.020516e-10,7.617704e-11
5.400000e-01,4.500000e-01,0.0,1.000000e+00,5.058966e-11,3.671618e-11
5.500000e-01,4.500000e-01,0.0,1.000000e+00,2.396462e-11,1.692713e-11
5.600000e-01,4.500000e-01,0.0,1.000000e+00,1.083469e-11,7.454532e-12
5.700000e-01,4.500000e-01,0.0,1.000000e+00,4.670668e-12,3.132431e-12
5.800000e-01,4.500000e-01,0.0,1.000000e+00,1.918325e-12,1.254910e-12
5.900000e-01,4.500000e-01,0.0,1.000000e+00,7.499337e-13,4.789226e-13
6.000000e-01,4.500000e-01,0.0,1.000000e+00,2.789580e-13,1.739698e-13
6.100000e-01,4.500000e-01,0.0,1.000000e+00,9.835989e-14,5.983927e-14
6.200000e-01,4.500000e-01,0.0,1.000000e+00,3.307021e-14,1.976687e-14
6.300000e-01,4.500000e-01,0.0,1.000000e+00,1.057771e-14,6.143474e-15
6.400000e-01,4.500000e-01,0.0,1.000000e+00,3.044942e-15,1.869670e-15
6.500000e-01,4.500000e-01,0.0,1.000000e+00,8.546840e-16,5.875927e-16
6.600000e-01,4.500000e-01,0.0,1.000000e+00,1.068316e-16,5.341578e-17
6.700000e-01,4.500000e-01,0.0,1.000000e+00,0.000000e+00,0.000000e+00
6.800000e-01,4.500000e-01,0.0,1.000000e+00,0.000000e+00,0.000000e+00
6.900000e-01,4.500000e-01,0.0,1.000000e+00,0.000000e+00,0.000000e+00
7.000000e-01,4.500000e-01,0.0,1.000000e+00,0.000000e+00,0.000000e+00
7.100000e-01,4.500000e-01,0.0,1.000000e+00,0.000000e+00,0.000000e+00
7.200000e-01,4.500000e-01,0.0,1.000000e+00,0.000000e+00,0.000000e+00
7.300000e-01,4.500000e-01,0.0,1.000000e+00,0.000000e+00,0.000000e+00
7.400000e-01,4.500000e-01,0.0,1.000000e+00,0.000000e+00,0.000000e+00
7.500000e-01,4.500000e-01,0.0,1.000000e+00,0.000000e+00,0.000000e+00
7.600000e-01,4.500000e-01,0.0,1.000000e+00,0.000000e+00,0.000000e+00
7.700000e-01,4.500000e-01,0.0,1.000000e+00,0.000000e+00,0.000000e+00
7.800000e-01,4.500000e-01,0.0,1.000000e+00,0.000000e+00,0.000000e+00
7.900000e-01,4.500000e-01,0.0,1.000000e+00,0.000000e+00,0.000000e+00
8.000000e-01,4.500000e-01,0.0,1.000000e+00,0.000000e+00,0.000000e+00
8.100000e-01,4.500000e-01,0.0,1.000000e+00,0.000000e+00,0.000000e+00
8.200000e-01,4.500000e-01,0.0,1.000000e+00,0.000000e+00,0.000000e+00
8.300000e-01,4.500000e-01,0.0,1.000000e+00,0.000000e+00,0.000000e+00
8.400000e-01,4.500000e-01,0.0,1.000000e+00,0.000000e+00,0.000000e+00
8.500000e-01,4.500000e-01,0.0,1.000000e+00,0.000000e+00,0.000000e+00
8.600000e-01,4.500000e-01,0.0,1.000000e+00,0.000000e+00,0.000000e+00
8.700000e-01,4.500000e-01,0.0,1.000000e+00,0.000000e+00,0.000000e+00
8.800000e-01,4.500000e-01,0.0,1.000000e+00,0.000000e+00,0.000000e+00
8.900000e-01,4.500000e-01,0.0,1.000000e+00,0.000000e+00,0.000000e+00
9.000000e-01,4.500000e-01,0.0,1.000000e+00,0.000000e+00,0.000000e+00
9.100000e-01,4.500000e-01,0.0,1.000000e+00,0.000000e+00,0.000000e+00
9.200000e-01,4.500000e-01,0.0,1.000000e+00,0.000000e+00,0.000000e+00
9.300000e-01,4.500000e-01,0.0,1.000000e+00,0.000000e+00,0.000000e+00
9.400000e-01,4.500000e-01,0.0,1.000000e+00,0.000000e+00,0.000000e+00
9.500000e-01,4.500000e-01,0.0,1.000000e+00,0.000000e+00,0.000000e+00
9.600000e-01,4.500000e-01,0.0,1.000000e+00,0.000000e+00,0.000000e+00
9.700000e-01,4.500000e-01,0.0,1.000000e+00,0.000000e+00,0.000000e+00
9.800000e-01,4.500000e-01,0.0,1.000000e+00,0.000000e+00,0.000000e+00
9.900000e-01,4.500000e-01,0.0,1.000000e+00,0.000000e+00,0.000000e+00
1.000000e+00,4.500000e-01,0.0,1.000000e+00,0.000000e+00,0.000000e+00
0.000000e+00,4.600000e-01,0.0,1.000000e+00,-2.218027e-09,1.881795e-07
1.000000e-02,4.600000e-01,0.0,1.000000e+00,-4.474429e-08,1.435804e-07
2.000000e-02,4.600000e-01,0.0,1.000000e+00,-2.249099e-07,3.612389e-07
3.000000e-02,4.600000e-01,0.0,1.000000e+00,-6.449079e-07,9.882982e-07
4.000000e-02,4.600000e-01,0.0,1.000001e+00,-1.690400e-06,2.689957e-06
5.000000e-02,4.600000e-01,0.0,1.000003e+00,-4.088435e-06,6.898169e-06
6.000000e-02,4.600000e-01,0.0,1.000006e+00,-9.191136e-06,1.657383e-05
7.000000e-02,4.600000e-01,0.0,1.000014e+00,-1.918850e-05,3.720491e-05
8.000000e-02,4.600000e-01,0.0,1.000028e+00,-3.682528e-05,7.727657e-05
9.000000e-02,4.600000e-01,0.0,1.000052e+00,-6.414823e-05,1.468692e-04
1.000000e-01,4.600000e-01,0.0,1.000088e+00,-1.011079e-04,2.551528e-04
1.100000e-01,4.600000e-01,0.0,1.000139e+00,-1.458229e-04,4.106398e-04
1.200000e-01,4.600000e-01,0.0,1.000209e+00,-1.962876e-04,6.254902e-04
1.300000e-01,4.600000e-01,0.0,1.000302e+00,-2.511285e-04,9.194457e-04
1.400000e-01,4.600000e-01,0.0,1.000428e+00,-3.078118e-04,1.317620e-03
1.500000e-01,4.600000e-01,0.0,1.000592e+00,-3.585828e-04,1.837605e-03
1.600000e-01,4.600000e-01,0.0,1.000787e+00,-3.871626e-04,2.466149e-03
1.700000e-01,4.600000e-01,0.0,1.000995e+00,-3.717134e-04,3.140347e-03
1.800000e-01,4.600000e-01,0.0,1.001181e+00,-2.954479e-04,3.752541e-03
1.900000e-01,4.600000e-01,0.0,1.001311e+00,-1.734364e-04,4.180568e-03
2.000000e-01,4.600000e-01,0.0,1.001388e+00,-1.125149e-15,4.440915e-03
2.100000e-01,4.600000e-01,0.0,1.001311e+00,1.734364e-04,4.180568e-03
2.200000e-01,4.600000e-01,0.0,1.001181e+00,2.954479e-04,3.752541e-03
2.300000e-01,4.600000e-01,0.0,1.000995e+00,3.717134e-04,3.140347e-03
2.400000e-01,4.600000e-01,0.0,1.000787e+00,3.871626e-04,2.466149e-03
2.500000e-01,4.600000e-01,0.0,1.000592e+00,3.585828e-04,1.837605e-03
2.600000e-01,4.600000e-01,0.0,1.000428e+00,3.078118e-04,1.317620e-03
2.700000e-01,4.600000e-01,0.0,1.000302e+00,2.511285e-04,9.194457e-04
2.800000e-01,4.600000e-01,0.0,1.000209e+00,1.962876e-04,6.254902e-04
2.900000e-01,4.600000e-01,0.0,1.000139e+00,1.458229e-04,4.106398e-04
3.000000e-01,4.600000e-01,0.0,1.000088e+00,1.011079e-04,2.551529e-04
3.100000e-01,4.600000e-01,0.0,1.000052e+00,6.414835e-05,1.468692e-04
3.200000e-01,4.600000e-01,0.0,1.000028e+00,3.682565e-05,7.727642e-05
3.300000e-01,4.600000e-01,0.0,1.000014e+00,1.918939e-05,3.720444e-05
3.400000e-01,4.600000e-01,0.0,1.000006e+00,9.192913e-06,1.657269e-05
3.500000e-01,4.600000e-01,0.0,1.000003e+00,4.091703e-06,6.895839e-06
3.600000e-01,4.600000e-01,0.0,1.000001e+00,1.696078e-06,2.685375e-06
3.700000e-01,4.600000e-01,0.0,1.000000e+00,6.555765e-07,9.798397e-07
3.800000e-01,4.600000e-01,0.0,1.000000e+00,2.408486e-07,3.414696e-07
3.900000e-01,4.600000e-01,0.0,1.000000e+00,8.995928e-08,1.214959e-07
4.000000e-01,4.600000e-01,0.0,1.000000e+00,3.887539e-08,5.015720e-08
4.100000e-01,4.600000e-01,0.0,1.000000e+00,2.121751e-08,2.631537e-08
4.200000e-01,4.600000e-01,0.0,1.000000e+00,1.370701e-08,1.642582e-08
4.300000e-01,4.600000e-01,0.0,1.000000e+00,9.409151e-09,1.082361e-08
4.400000e-01,4.600000e-01,0.0,1.000000e+00,6.466206e-09,7.095958e-09
4.500000e-01,4.600000e-01,0.0,1.000000e+00,4.354921e-09,4.557273e-09
4.600000e-01,4.600000e-01,0.0,1.000000e+00,2.855123e-09,2.855123e-09
4.700000e-01,4.600000e-01,0.0,1.000000e+00,1.816096e-09,1.740171e-09
4.800000e-01,4.600000e-01,0.0,1.000000e+00,1.117722e-09,1.029088e-09
4.900000e-01,4.600000e-01,0.0,1.000000e+00,6.638923e-10,5.888765e-10
5.000000e-01,4.600000e-01,0.0,1.000000e+00,3.796486e-10,3.251881e-10
5.100000e-01,4.600000e-01,0.0,1.000000e+00,2.085551e-10,1.728531e-10
5.200000e-01,4.600000e-01,0.0,1.000000e+00,1.098372e-10,8.823745e-11
5.300000e-01,4.600000e-01,0.0,1.000000e+00,5.536309e-11,4.317155e-11
5.400000e-01,4.600000e-01,0.0,1.000000e+00,2.666871e-11,2.021078e-11
5.500000e-01,4.600000e-01,0.0,1.000000e+00,1.226201e-11,9.040497e-12
5.600000e-01,4.600000e-01,0.0,1.000000e+00,5.376283e-12,3.859733e-12
5.700000e-01,4.600000e-01,0.0,1.000000e+00,2.245958e-12,1.571370e-12
5.800000e-01,4.600000e-01,0.0,1.000000e+00,8.933015e-13,6.094087e-13
5.900000e-01,4.600000e-01,0.0,1.000000e+00,3.380537e-13,2.250494e-13
6.000000e-01,4.600000e-01,0.0,1.000000e+00,1.214941e-13,7.891355e-14
6.100000e-01,4.600000e-01,0.0,1.000000e+00,4.129731e-14,2.628519e-14
6.200000e-01,4.600000e-01,0.0,1.000000e+00,1.324866e-14,8.280498e-15
6.300000e-01,4.600000e-01,0.0,1.000000e+00,3.953084e-15,2.403871e-15
6.400000e-01,4.600000e-01,0.0,1.000000e+00,1.282049e-15,7.478459e-16
6.500000e-01,4.600000e-01,0.0,1.000000e+00,2.136697e-16,5.341578e-17
6.600000e-01,4.600000e-01,0.0,1.000000e+00,0.000000e+00,0.000000e+00
6.700000e-01,4.600000e-01,0.0,1.000000e+00,0.000000e+00,0.000000e+00
6.800000e-01,4.600000e-01,0.0,1.000000e+00,0.000000e+00,0.000000e+00
6.900000e-01,4.600000e-01,0.0,1.000000e+00,0.000000e+00,0.000000e+00
7.000000e-01,4.600000e-01,0.0,1.000000e+00,0.000000e+00,0.000000e+00
7.100000e-01,4.600000e-01,0.0,1.000000e+00,0.000000e+00,0.000000e+00
7.200000e-01,4.600000e-01,0.0,1.000000e+00,0.000000e+00,0.000000e+00
7.300000e-01,4.600000e-01,0.0,1.000000e+00,0.000000e+00,0.000000e+00
7.400000e-01,4.600000e-01,0.0,1.000000e+00,0.000000e+00,0.000000e+00
7.500000e-01,4.600000e-01,0.0,1.000000e+00,0.000000e+00,0.000000e+00
7.600000e-01,4.600000e-01,0.0,1.000000e+00,0.000000e+00,0.000000e+00
7.700000e-01,4.600000e-01,0.0,1.000000e+00,0.000000e+00,0.000000e+00
7.800000e-01,4.600000e-01,0.0,1.000000e+00,0.000000e+00,0.000000e+00
7.900000e-01,4.600000e-01,0.0,1.000000e+00,0.000000e+00,0.000000e+00
8.000000e-01,4.600000e-01,0.0,1.000000e+00,0.000000e+00,0.000000e+00
8.100000e-01,4.600000e-01,0.0,1.000000e+00,0.000000e+00,0.000000e+00
8.200000e-01,4.600000e-01,0.0,1.000000e+00,0.000000e+00,0.000000e+00
8.300000e-01,4.600000e-01,0.0,1.000000e+00,0.000000e+00,0.000000e+00
8.400000e-01,4.600000e-01,0.0,1.000000e+00,0.000000e+00,0.000000e+00
8.500000e-01,4.600000e-01,0.0,1.000000e+00,0.000000e+00,0.000000e+00
8.600000e-01,4.600000e-01,0.0,1.000000e+00,0.000000e+00,0.000000e+00
8.700000e-01,4.600000e-01,0.0,1.000000e+00,0.000000e+00,0.000000e+00
8.800000e-01,4.600000e-01,0.0,1.000000e+00,0.000000e+00,0.000000e+00
8.900000e-01,4.600000e-01,0.0,1.000000e+00,0.000000e+00,0.000000e+00
9.000000e-01,4.600000e-01,0.0,1.000000e+00,0.000000e+00,0.000000e+00
9.100000e-01,4.600000e-01,0.0,1.000000e+00,0.000000e+00,0.000000e+00
9.200000e-01,4.600000e-01,0.0,1.000000e+00,0.000000e+00,0.000000e+00
9.300000e-01,4.600000e-01,0.0,1.000000e+00,0.000000e+00,0.000000e+00
9.400000e-01,4.600000e-01,0.0,1.000000e+00,0.000000e+00,0.000000e+00
9.500000e-01,4.600000e-01,0.0,1.000000e+00,0.000000e+00,0.000000e+00
9.600000e-01,4.600000e-01,0.0,1.000000e+00,0.000000e+00,0.000000e+00
9.700000e-01,4.600000e-01,0.0,1.000000e+00,0.000000e+00,0.000000e+00
9.800000e-01,4.600000e-01,0.0,1.000000e+00,0.000000e+00,0.000000e+00
9.900000e-01,4.600000e-01,0.0,1.000000e+00,0.000000e+00,0.000000e+00
1.000000e+00,4.600000e-01,0.0,1.000000e+00,0.000000e+00,0.000000e+00
0.000000e+00,4.700000e-01,0.0,1.000000e+00,-1.247544e-09,6.770290e-08
1.000000e-02,4.700000e-01,0.0,1.000000e+00,-1.427164e-08,5.534708e-08
2.000000e-02,4.700000e-01,0.0,1.000000e+00,-5.554106e-08,1.044339e-07
3.000000e-02,4.700000e-01,0.0,1.000000e+00,-1.524772e-07,2.515116e-07
4.000000e-02,4.700000e-01,0.0,1.000000e+00,-3.995266e-07,6.655752e-07
5.000000e-02,4.700000e-01,0.0,1.000001e+00,-9.839973e-07,1.724388e-06
6.000000e-02,4.700000e-01,0.0,1.000002e+00,-2.258151e-06,4.220048e-06
7.000000e-02,4.700000e-01,0.0,1.000004e+00,-4.825112e-06,9.689736e-06
8.000000e-02,4.700000e-01,0.0,1.000007e+00,-9.585489e-06,2.082562e-05
9.000000e-02,4.700000e-01,0.0,1.000015e+00,-1.756471e-05,4.159760e-05
1.000000e-01,4.700000e-01,0.0,1.000026e+00,-2.936488e-05,7.650952e-05
1.100000e-01,4.700000e-01,0.0,1.000044e+00,-4.452593e-05,1.291545e-04
1.200000e-01,4.700000e-01,0.0,1.000067e+00,-6.144495e-05,2.014237e-04
1.300000e-01,4.700000e-01,0.0,1.000097e+00,-7.796149e-05,2.941268e-04
1.400000e-01,4.700000e-01,0.0,1.000132e+00,-9.193926e-05,4.078790e-04
1.500000e-01,4.700000e-01,0.0,1.000174e+00,-1.012322e-04,5.424522e-04
1.600000e-01,4.700000e-01,0.0,1.000221e+00,-1.031603e-04,6.938299e-04
1.700000e-01,4.700000e-01,0.0,1.000269e+00,-9.454804e-05,8.495759e-04
1.800000e-01,4.700000e-01,0.0,1.000311e+00,-7.286376e-05,9.890844e-04
1.900000e-01,4.700000e-01,0.0,1.000341e+00,-4.197444e-05,1.086436e-03
2.000000e-01,4.700000e-01,0.0,1.000359e+00,-1.606035e-16,1.146590e-03
2.100000e-01,4.700000e-01,0.0,1.000341e+00,4.197444e-05,1.086436e-03
2.200000e-01,4.700000e-01,0.0,1.000311e+00,7.286376e-05,9.890844e-04
2.300000e-01,4.700000e-01,0.0,1.000269e+00,9.454804e-05,8.495759e-04
2.400000e-01,4.700000e-01,0.0,1.000221e+00,1.031603e-04,6.938299e-04
2.500000e-01,4.700000e-01,0.0,1.000174e+00,1.012322e-04,5.424522e-04
2.600000e-01,4.700000e-01,0.0,1.000132e+00,9.193926e-05,4.078790e-04
2.700000e-01,4.700000e-01,0.0,1.000097e+00,7.796149e-05,2.941268e-04
2.800000e-01,4.700000e-01,0.0,1.000067e+00,6.144495e-05,2.014237e-04
2.900000e-01,4.700000e-01,0.0,1.000044e+00,4.452593e-05,1.291545e-04
3.000000e-01,4.700000e-01,0.0,1.000026e+00,2.936489e-05,7.650953e-05
3.100000e-01,4.700000e-01,0.0,1.000015e+00,1.756478e-05,4.159758e-05
3.200000e-01,4.700000e-01,0.0,1.000007e+00,9.585720e-06,2.082552e-05
3.300000e-01,4.700000e-01,0.0,1.000004e+00,4.825660e-06,9.689440e-06
3.400000e-01,4.700000e-01,0.0,1.000002e+00,2.259275e-06,4.219328e-06
3.500000e-01,4.700000e-01,0.0,1.000001e+00,9.860772e-07,1.722874e-06
3.600000e-01,4.700000e-01,0.0,1.000000e+00,4.030927e-07,6.626802e-07
3.700000e-01,4.700000e-01,0.0,1.000000e+00,1.584024e-07,2.464072e-07
3.800000e-01,4.700000e-01,0.0,1.000000e+00,6.447014e-08,9.532041e-08
3.900000e-01,4.700000e-01,0.0,1.000000e+00,3.057672e-08,4.313384e-08
4.000000e-01,4.700000e-01,0.0,1.000000e+00,1.781660e-08,2.421922e-08
4.100000e-01,4.700000e-01,0.0,1.000000e+00,1.190415e-08,1.567646e-08
4.200000e-01,4.700000e-01,0.0,1.000000e+00,8.352624e-09,1.056097e-08
4.300000e-01,4.700000e-01,0.0,1.000000e+00,5.855540e-09,7.052772e-09
4.400000e-01,4.700000e-01,0.0,1.000000e+00,4.021084e-09,4.607958e-09
4.500000e-01,4.700000e-01,0.0,1.000000e+00,2.686438e-09,2.934106e-09
4.600000e-01,4.700000e-01,0.0,1.000000e+00,1.740171e-09,1.816096e-09
4.700000e-01,4.700000e-01,0.0,1.000000e+00,1.090004e-09,1.090004e-09
4.800000e-01,4.700000e-01,0.0,1.000000e+00,6.586130e-10,6.328056e-10
4.900000e-01,4.700000e-01,0.0,1.000000e+00,3.830168e-10,3.544850e-10
5.000000e-01,4.700000e-01,0.0,1.000000e+00,2.139362e-10,1.911541e-10
5.100000e-01,4.700000e-01,0.0,1.000000e+00,1.145544e-10,9.901012e-11
5.200000e-01,4.700000e-01,0.0,1.000000e+00,5.870564e-11,4.916391e-11
5.300000e-01,4.700000e-01,0.0,1.000000e+00,2.875258e-11,2.336498e-11
5.400000e-01,4.700000e-01,0.0,1.000000e+00,1.344240e-11,1.061241e-11
5.500000e-01,4.700000e-01,0.0,1.000000e+00,5.993136e-12,4.601463e-12
5.600000e-01,4.700000e-01,0.0,1.000000e+00,2.545754e-12,1.903061e-12
5.700000e-01,4.700000e-01,0.0,1.000000e+00,1.029668e-12,7.498884e-13
5.800000e-01,4.700000e-01,0.0,1.000000e+00,3.961882e-13,2.814190e-13
5.900000e-01,4.700000e-01,0.0,1.000000e+00,1.448962e-13,1.004974e-13
6.000000e-01,4.700000e-01,0.0,1.000000e+00,5.021925e-14,3.392511e-14
6.100000e-01,4.700000e-01,0.0,1.000000e+00,1.645397e-14,1.105843e-14
6.200000e-01,4.700000e-01,0.0,1.000000e+00,4.914625e-15,3.418869e-15
6.300000e-01,4.700000e-01,0.0,1.000000e+00,1.442296e-15,9.615362e-16
6.400000e-01,4.700000e-01,0.0,1.000000e+00,3.739170e-16,1.068349e-16
6.500000e-01,4.700000e-01,0.0,1.000000e+00,0.000000e+00,0.000000e+00
6.600000e-01,4.700000e-01,0.0,1.000000e+00,0.000000e+00,0.000000e+00
6.700000e-01,4.700000e-01,0.0,1.000000e+00,0.000000e+00,0.000000e+00
6.800000e-01,4.700000e-01,0.0,1.000000e+00,0.000000e+00,0.000000e+00
6.900000e-01,4.700000e-01,0.0,1.000000e+00,0.000000e+00,0.000000e+00
7.000000e-01,4.700000e-01,0.0,1.000000e+00,0.000000e+00,0.000000e+00
7.100000e-01,4.700000e-01,0.0,1.000000e+00,0.000000e+00,0.000000e+00
7.200000e-01,4.700000e-01,0.0,1.000000e+00,0.000000e+00,0.000000e+00
7.300000e-01,4.700000e-01,0.0,1.000000e+00,0.000000e+00,0.000000e+00
7.400000e-01,4.700000e-01,0.0,1.000000e+00,0.000000e+00,0.000000e+00
7.500000e-01,4.700000e-01,0.0,1.000000e+00,0.000000e+00,0.000000e+00
7.600000e-01,4.700000e-01,0.0,1.000000e+00,0.000000e+00,0.000000e+00
7.700000e-01,4.700000e-01,0.0,1.000000e+00,0.000000e+00,0.000000e+00
7.800000e-01,4.700000e-01,0.0,1.000000e+00,0.000000e+00,0.000000e+00
7.900000e-01,4.700000e-01,0.0,1.000000e+00,0.000000e+00,0.000000e+00
8.000000e-01,4.700000e-01,0.0,1.000000e+00,0.000000e+00,0.000000e+00
8.100000e-01,4.700000e-01,0.0,1.000000e+00,0.000000e+00,0.000000e+00
8.200000e-01,4.700000e-01,0.0,1.000000e+00,0.000000e+00,0.000000e+00
8.300000e-01,4.700000e-01,0.0,1.000000e+00,0.000000e+00,0.000000e+00
8.400000e-01,4.700000e-01,0.0,1.000000e+00,0.000000e+00,0.000000e+00
8.500000e-01,4.700000e-01,0.0,1.000000e+00,0.000000e+00,0.000000e+00
8.600000e-01,4.700000e-01,0.0,1.000000e+00,0.000000e+00,0.000000e+00
8.700000e-01,4.700000e-01,0.0,1.000000e+00,0.000000e+00,0.000000e+00
8.800000e-01,4.700000e-01,0.0,1.000000e+00,0.000000e+00,0.000000e+00
8.900000e-01,4.700000e-01,0.0,1.000000e+00,0.000000e+00,0.000000e+00
9.000000e-01,4.700000e-01,0.0,1.000000e+00,0.000000e+00,0.000000e+00
9.100000e-01,4.700000e-01,0.0,1.000000e+00,0.000000e+00,0.000000e+00
9.200000e-01,4.700000e-01,0.0,1.000000e+00,0.000000e+00,0.000000e+00
9.300000e-01,4.700000e-01,0.0,1.000000e+00,0.000000e+00,0.000000e+00
9.400000e-01,4.700000e-01,0.0,1.000000e+00,0.000000e+00,0.000000e+00
9.500000e-01,4.700000e-01,0.0,1.000000e+00,0.000000e+00,0.000000e+00
9.600000e-01,4.700000e-01,0.0,1.000000e+00,0.000000e+00,0.000000e+00
9.700000e-01,4.700000e-01,0.0,1.000000e+00,0.000000e+00,0.000000e+00
9.800000e-01,4.700000e-01,0.0,1.000000e+00,0.000000e+00,0.000000e+00
9.900000e-01,4.700000e-01,0.0,1.000000e+00,0.000000e+00,0.000000e+00
1.000000e+00,4.700000e-01,0.0,1.000000e+00,0.000000e+00,0.000000e+00
0.000000e+00,4.800000e-01,0.0,1.000000e+00,-8.459747e-10,3.212275e-08
1.000000e-02,4.800000e-01,0.0,1.000000e+00,-6.373197e-09,2.886253e-08
2.000000e-02,4.800000e-01,0.0,1.000000e+00,-1.783143e-08,4.045273e-08
3.000000e-02,4.800000e-01,0.0,1.000000e+00,-4.021936e-08,7.385018e-08
4.000000e-02,4.800000e-01,0.0,1.000000e+00,-9.461833e-08,1.676096e-07
5.000000e-02,4.800000e-01,0.0,1.000000e+00,-2.260597e-07,4.138763e-07
6.000000e-02,4.800000e-01,0.0,1.000000e+00,-5.212895e-07,1.011505e-06
7.000000e-02,4.800000e-01,0.0,1.000001e+00,-1.130397e-06,2.351608e-06
8.000000e-02,4.800000e-01,0.0,1.000002e+00,-2.287818e-06,5.144410e-06
9.000000e-02,4.800000e-01,0.0,1.000004e+00,-4.308481e-06,1.055468e-05
1.000000e-01,4.800000e-01,0.0,1.000007e+00,-7.502640e-06,2.020211e-05
1.100000e-01,4.800000e-01,0.0,1.000012e+00,-1.197149e-05,3.581808e-05
1.200000e-01,4.800000e-01,0.0,1.000020e+00,-1.737838e-05,5.858674e-05
1.300000e-01,4.800000e-01,0.0,1.000029e+00,-2.290247e-05,8.859924e-05
1.400000e-01,4.800000e-01,0.0,1.000041e+00,-2.746103e-05,1.248036e-04
1.500000e-01,4.800000e-01,0.0,1.000053e+00,-3.003721e-05,1.653090e-04
1.600000e-01,4.800000e-01,0.0,1.000066e+00,-2.987316e-05,2.075565e-04
1.700000e-01,4.800000e-01,0.0,1.000078e+00,-2.651719e-05,2.480404e-04
1.800000e-01,4.800000e-01,0.0,1.000089e+00,-1.984121e-05,2.823578e-04
1.900000e-01,4.800000e-01,0.0,1.000096e+00,-1.113151e-05,3.055412e-04
2.000000e-01,4.800000e-01,0.0,1.000100e+00,5.325291e-17,3.197845e-04
2.100000e-01,4.800000e-01,0.0,1.000096e+00,1.113151e-05,3.055412e-04
2.200000e-01,4.800000e-01,0.0,1.000089e+00,1.984121e-05,2.823578e-04
2.300000e-01,4.800000e-01,0.0,1.000078e+00,2.651719e-05,2.480404e-04
2.400000e-01,4.800000e-01,0.0,1.000066e+00,2.987316e-05,2.075565e-04
2.500000e-01,4.800000e-01,0.0,1.000053e+00,3.003721e-05,1.653090e-04
2.600000e-01,4.800000e-01,0.0,1.000041e+00,2.746103e-05,1.248036e-04
2.700000e-01,4.800000e-01,0.0,1.000029e+00,2.290247e-05,8.859924e-05
2.800000e-01,4.800000e-01,0.0,1.000020e+00,1.737838e-05,5.858674e-05
2.900000e-01,4.800000e-01,0.0,1.000012e+00,1.197149e-05,3.581808e-05
3.000000e-01,4.800000e-01,0.0,1.000007e+00,7.502653e-06,2.020212e-05
3.100000e-01,4.800000e-01,0.0,1.000004e+00,4.308532e-06,1.055467e-05
3.200000e-01,4.800000e-01,0.0,1.000002e+00,2.287963e-06,5.144345e-06
3.300000e-01,4.800000e-01,0.0,1.000001e+00,1.130736e-06,2.351419e-06
3.400000e-01,4.800000e-01,0.0,1.000000e+00,5.219804e-07,1.011054e-06
3.500000e-01,4.800000e-01,0.0,1.000000e+00,2.273328e-07,4.129455e-07
3.600000e-01,4.800000e-01,0.0,1.000000e+00,9.677679e-08,1.658917e-07
3.700000e-01,4.800000e-01,0.0,1.000000e+00,4.365250e-08,7.092786e-08
3.800000e-01,4.800000e-01,0.0,1.000000e+00,2.297191e-08,3.561465e-08
3.900000e-01,4.800000e-01,0.0,1.000000e+00,1.434196e-08,2.150201e-08
4.000000e-01,4.800000e-01,0.0,1.000000e+00,9.945969e-09,1.444915e-08
4.100000e-01,4.800000e-01,0.0,1.000000e+00,7.152728e-09,9.953593e-09
4.200000e-01,4.800000e-01,0.0,1.000000e+00,5.121772e-09,6.772319e-09
4.300000e-01,4.800000e-01,0.0,1.000000e+00,3.588781e-09,4.503176e-09
4.400000e-01,4.800000e-01,0.0,1.000000e+00,2.444653e-09,2.915870e-09
4.500000e-01,4.800000e-01,0.0,1.000000e+00,1.613485e-09,1.833924e-09
4.600000e-01,4.800000e-01,0.0,1.000000e+00,1.029088e-09,1.117722e-09
4.700000e-01,4.800000e-01,0.0,1.000000e+00,6.328056e-10,6.586130e-10
4.800000e-01,4.800000e-01,0.0,1.000000e+00,3.743629e-10,3.743629e-10
4.900000e-01,4.800000e-01,0.0,1.000000e+00,2.126530e-10,2.048213e-10
5.000000e-01,4.800000e-01,0.0,1.000000e+00,1.157807e-10,1.076440e-10
5.100000e-01,4.800000e-01,0.0,1.000000e+00,6.032588e-11,5.424169e-11
5.200000e-01,4.800000e-01,0.0,1.000000e+00,3.003896e-11,2.616376e-11
5.300000e-01,4.800000e-01,0.0,1.000000e+00,1.427800e-11,1.206402e-11
5.400000e-01,4.800000e-01,0.0,1.000000e+00,6.471575e-12,5.310980e-12
5.500000e-01,4.800000e-01,0.0,1.000000e+00,2.795157e-12,2.230161e-12
5.600000e-01,4.800000e-01,0.0,1.000000e+00,1.149527e-12,8.926670e-13
5.700000e-01,4.800000e-01,0.0,1.000000e+00,4.497297e-13,3.404076e-13
5.800000e-01,4.800000e-01,0.0,1.000000e+00,1.670167e-13,1.232046e-13
5.900000e-01,4.800000e-01,0.0,1.000000e+00,5.887531e-14,4.215205e-14
6.000000e-01,4.800000e-01,0.0,1.000000e+00,1.965992e-14,1.378283e-14
6.100000e-01,4.800000e-01,0.0,1.000000e+00,6.357143e-15,4.220177e-15
6.200000e-01,4.800000e-01,0.0,1.000000e+00,1.762834e-15,1.175211e-15
6.300000e-01,4.800000e-01,0.0,1.000000e+00,4.273328e-16,3.204980e-16
6.400000e-01,4.800000e-01,0.0,1.000000e+00,3.295060e-34,0.000000e+00
6.500000e-01,4.800000e-01,0.0,1.000000e+00,0.000000e+00,0.000000e+00
6.600000e-01,4.800000e-01,0.0,1.000000e+00,0.000000e+00,0.000000e+00
6.700000e-01,4.800000e-01,0.0,1.000000e+00,0.000000e+00,0.000000e+00
6.800000e-01,4.800000e-01,0.0,1.000000e+00,0.000000e+00,0.000000e+00
6.900000e-01,4.800000e-01,0.0,1.000000e+00,0.000000e+00,0.000000e+00
7.000000e-01,4.800000e-01,0.0,1.000000e+00,0.000000e+00,0.000000e+00
7.100000e-01,4.800000e-01,0.0,1.000000e+00,0.000000e+00,0.000000e+00
7.200000e-01,4.800000e-01,0.0,1.000000e+00,0.000000e+00,0.000000e+00
7.300000e-01,4.800000e-01,0.0,1.000000e+00,0.000000e+00,0.000000e+00
7.400000e-01,4.800000e-01,0.0,1.000000e+00,0.000000e+00,0.000000e+00
7.500000e-01,4.800000e-01,0.0,1.000000e+00,0.000000e+00,0.000000e+00
7.600000e-01,4.800000e-01,0.0,1.000000e+00,0.000000e+00,0.000000e+00
7.700000e-01,4.800000e-01,0.0,1.000000e+00,0.000000e+00,0.000000e+00
7.800000e-01,4.800000e-01,0.0,1.000000e+00,0.000000e+00,0.000000e+00
7.900000e-01,4.800000e-01,0.0,1.000000e+00,0.000000e+00,0.000000e+00
8.000000e-01,4.800000e-01,0.0,1.000000e+00,0.000000e+00,0.000000e+00
8.100000e-01,4.800000e-01,0.0,1.000000e+00,0.000000e+00,0.000000e+00
8.200000e-01,4.800000e-01,0.0,1.000000e+00,0.000000e+00,0.000000e+00
8.300000e-01,4.800000e-01,0.0,1.000000e+00,0.000000e+00,0.000000e+00
8.400000e-01,4.800000e-01,0.0,1.000000e+00,0.000000e+00,0.000000e+00
8.500000e-01,4.800000e-01,0.0,1.000000e+00,0.000000e+00,0.000000e+00
8.600000e-01,4.800000e-01,0.0,1.000000e+00,0.000000e+00,0.000000e+00
8.700000e-01,4.800000e-01,0.0,1.000000e+00,0.000000e+00,0.000000e+00
8.800000e-01,4.800000e-01,0.0,1.000000e+00,0.000000e+00,0.000000e+00
8.900000e-01,4.800000e-01,0.0,1.000000e+00,0.000000e+00,0.000000e+00
9.000000e-01,4.800000e-01,0.0,1.000000e+00,0.000000e+00,0.000000e+00
9.100000e-01,4.800000e-01,0.0,1.000000e+00,0.000000e+00,0.000000e+00
9.200000e-01,4.800000e-01,0.0,1.000000e+00,0.000000e+00,0.000000e+00
9.300000e-01,4.800000e-01,0.0,1.000000e+00,0.000000e+00,0.000000e+00
9.400000e-01,4.800000e-01,0.0,1.000000e+00,0.000000e+00,0.000000e+00
9.500000e-01,4.800000e-01,0.0,1.000000e+00,0.000000e+00,0.000000e+00
9.600000e-01,4.800000e-01,0.0,1.000000e+00,0.000000e+00,0.000000e+00
9.700000e-01,4.800000e-01,0.0,1.000000e+00,0.000000e+00,0.000000e+00
9.800000e-01,4.800000e-01,0.0,1.000000e+00,0.000000e+00,0.000000e+00
9.900000e-01,4.800000e-01,0.0,1.000000e+00,0.000000e+00,0.000000e+00
1.000000e+00,4.800000e-01,0.0,1.000000e+00,0.000000e+00,0.000000e+00
0.000000e+00,4.900000e-01,0.0,1.000000e+00,-5.566939e-10,1.841574e-08
1.000000e-02,4.900000e-01,0.0,1.000000e+00,-3.469194e-09,1.756515e-08
2.000000e-02,4.900000e-01,0.0,1.000000e+00,-8.050716e-09,2.135863e-08
3.000000e-02,4.900000e-01,0.0,1.000000e+00,-1.456647e-08,3.017965e-08
4.000000e-02,4.900000e-01,0.0,1.000000e+00,-2.700135e-08,5.174249e-08
5.000000e-02,4.900000e-01,0.0,1.000000e+00,-5.482415e-08,1.061137e-07
6.000000e-02,4.900000e-01,0.0,1.000000e+00,-1.178997e-07,2.392640e-07
7.000000e-02,4.900000e-01,0.0,1.000000e+00,-2.517055e-07,5.446437e-07
8.000000e-02,4.900000e-01,0.0,1.000000e+00,-5.120603e-07,1.194110e-06
9.000000e-02,4.900000e-01,0.0,1.000001e+00,-9.765551e-07,2.477082e-06
1.000000e-01,4.900000e-01,0.0,1.000002e+00,-1.734758e-06,4.832135e-06
1.100000e-01,4.900000e-01,0.0,1.000003e+00,-2.853493e-06,8.823137e-06
1.200000e-01,4.900000e-01,0.0,1.000005e+00,-4.313079e-06,1.499995e-05
1.300000e-01,4.900000e-01,0.0,1.000008e+00,-5.945038e-06,2.365347e-05
1.400000e-01,4.900000e-01,0.0,1.000011e+00,-7.428577e-06,3.459160e-05
1.500000e-01,4.900000e-01,0.0,1.000015e+00,-8.375632e-06,4.708495e-05
1.600000e-01,4.900000e-01,0.0,1.000019e+00,-8.464442e-06,6.001177e-05
1.700000e-01,4.900000e-01,0.0,1.000023e+00,-7.534482e-06,7.204322e-05
1.800000e-01,4.900000e-01,0.0,1.000026e+00,-5.606828e-06,8.186882e-05
1.900000e-01,4.900000e-01,0.0,1.000028e+00,-3.104675e-06,8.831186e-05
2.000000e-01,4.900000e-01,0.0,1.000029e+00,5.372932e-17,9.214596e-05
2.100000e-01,4.900000e-01,0.0,1.000028e+00,3.104675e-06,8.831186e-05
2.200000e-01,4.900000e-01,0.0,1.000026e+00,5.606828e-06,8.186882e-05
2.300000e-01,4.900000e-01,0.0,1.000023e+00,7.534482e-06,7.204322e-05
2.400000e-01,4.900000e-01,0.0,1.000019e+00,8.464442e-06,6.001177e-05
2.500000e-01,4.900000e-01,0.0,1.000015e+00,8.375632e-06,4.708495e-05
2.600000e-01,4.900000e-01,0.0,1.000011e+00,7.428576e-06,3.459160e-05
2.700000e-01,4.900000e-01,0.0,1.000008e+00,5.945038e-06,2.365347e-05
2.800000e-01,4.900000e-01,0.0,1.000005e+00,4.313079e-06,1.499995e-05
2.900000e-01,4.900000e-01,0.0,1.000003e+00,2.853495e-06,8.823138e-06
3.000000e-01,4.900000e-01,0.0,1.000002e+00,1.734769e-06,4.832134e-06
3.100000e-01,4.900000e-01,0.0,1.000001e+00,9.765894e-07,2.477070e-06
3.200000e-01,4.900000e-01,0.0,1.000000e+00,5.121510e-07,1.194066e-06
3.300000e-01,4.900000e-01,0.0,1.000000e+00,2.519107e-07,5.445239e-07
3.400000e-01,4.900000e-01,0.0,1.000000e+00,1.183113e-07,2.389926e-07
3.500000e-01,4.900000e-01,0.0,1.000000e+00,5.557284e-08,1.055753e-07
3.600000e-01,4.900000e-01,0.0,1.000000e+00,2.826250e-08,5.076681e-08
3.700000e-01,4.900000e-01,0.0,1.000000e+00,1.657347e-08,2.848846e-08
3.800000e-01,4.900000e-01,0.0,1.000000e+00,1.108923e-08,1.847884e-08
3.900000e-01,4.900000e-01,0.0,1.000000e+00,8.006056e-09,1.287750e-08
4.000000e-01,4.900000e-01,0.0,1.000000e+00,5.915311e-09,9.069307e-09
4.100000e-01,4.900000e-01,0.0,1.000000e+00,4.331033e-09,6.287494e-09
4.200000e-01,4.900000e-01,0.0,1.000000e+00,3.098023e-09,4.255872e-09
4.300000e-01,4.900000e-01,0.0,1.000000e+00,2.152511e-09,2.803220e-09
4.400000e-01,4.900000e-01,0.0,1.000000e+00,1.448006e-09,1.792214e-09
4.500000e-01,4.900000e-01,0.0,1.000000e+00,9.407083e-10,1.109648e-09
4.600000e-01,4.900000e-01,0.0,1.000000e+00,5.888765e-10,6.638923e-10
4.700000e-01,4.900000e-01,0.0,1.000000e+00,3.544850e-10,3.830168e-10
4.800000e-01,4.900000e-01,0.0,1.000000e+00,2.048213e-10,2.126530e-10
4.900000e-01,4.900000e-01,0.0,1.000000e+00,1.134047e-10,1.134047e-10
5.000000e-01,4.900000e-01,0.0,1.000000e+00,6.007901e-11,5.798827e-11
5.100000e-01,4.900000e-01,0.0,1.000000e+00,3.041461e-11,2.838699e-11
5.200000e-01,4.900000e-01,0.0,1.000000e+00,1.469659e-11,1.328570e-11
5.300000e-01,4.900000e-01,0.0,1.000000e+00,6.772157e-12,5.937712e-12
5.400000e-01,4.900000e-01,0.0,1.000000e+00,2.973224e-12,2.531719e-12
5.500000e-01,4.900000e-01,0.0,1.000000e+00,1.243200e-12,1.028930e-12
5.600000e-01,4.900000e-01,0.0,1.000000e+00,4.948247e-13,3.980090e-13
5.700000e-01,4.900000e-01,0.0,1.000000e+00,1.868395e-13,1.466073e-13
5.800000e-01,4.900000e-01,0.0,1.000000e+00,6.667556e-14,5.123536e-14
5.900000e-01,4.900000e-01,0.0,1.000000e+00,2.259804e-14,1.698857e-14
6.000000e-01,4.900000e-01,0.0,1.000000e+00,7.372080e-15,5.235254e-15
6.100000e-01,4.900000e-01,0.0,1.000000e+00,2.190196e-15,1.495719e-15
6.200000e-01,4.900000e-01,0.0,1.000000e+00,5.341762e-16,3.739170e-16
6.300000e-01,4.900000e-01,0.0,1.000000e+00,3.295060e-34,0.000000e+00
6.400000e-01,4.900000e-01,0.0,1.000000e+00,0.000000e+00,0.000000e+00
6.500000e-01,4.900000e-01,0.0,1.000000e+00,0.000000e+00,0.000000e+00
6.600000e-01,4.900000e-01,0.0,1.000000e+00,0.000000e+00,0.000000e+00
6.700000e-01,4.900000e-01,0.0,1.000000e+00,0.000000e+00,0.000000e+00
6.800000e-01,4.900000e-01,0.0,1.000000e+00,0.000000e+00,0.000000e+00
6.900000e-01,4.900000e-01,0.0,1.000000e+00,0.000000e+00,0.000000e+00
7.000000e-01,4.900000e-01,0.0,1.000000e+00,0.000000e+00,0.000000e+00
7.100000e-01,4.900000e-01,0.0,1.000000e+00,0.000000e+00,0.000000e+00
7.200000e-01,4.900000e-01,0.0,1.000000e+00,0.000000e+00,0.000000e+00
7.300000e-01,4.900000e-01,0.0,1.000000e+00,0.000000e+00,0.000000e+00
7.400000e-01,4.900000e-01,0.0,1.000000e+00,0.000000e+00,0.000000e+00
7.500000e-01,4.900000e-01,0.0,1.000000e+00,0.000000e+00,0.000000e+00
7.600000e-01,4.900000e-01,0.0,1.000000e+00,0.000000e+00,0.000000e+00
7.700000e-01,4.900000e-01,0.0,1.000000e+00,0.000000e+00,0.000000e+00
7.800000e-01,4.900000e-01,0.0,1.000000e+00,0.000000e+00,0.000000e+00
7.900000e-01,4.900000e-01,0.0,1.000000e+00,0.000000e+00,0.000000e+00
8.000000e-01,4.900000e-01,0.0,1.000000e+00,0.000000e+00,0.000000e+00
8.100000e-01,4.900000e-01,0.0,1.000000e+00,0.000000e+00,0.000000e+00
8.200000e-01,4.900000e-01,0.0,1.000000e+00,0.000000e+00,0.000000e+00
8.300000e-01,4.900000e-01,0.0,1.000000e+00,0.000000e+00,0.000000e+00
8.400000e-01,4.900000e-01,0.0,1.000000e+00,0.000000e+00,0.000000e+00
8.500000e-01,4.900000e-01,0.0,1.000000e+00,0.000000e+00,0.000000e+00
8.600000e-01,4.900000e-01,0.0,1.000000e+00,0.000000e+00,0.000000e+00
8.700000e-01,4.900000e-01,0.0,1.000000e+00,0.000000e+00,0.000000e+00
8.800000e-01,4.900000e-01,0.0,1.000000e+00,0.000000e+00,0.000000e+00
8.900000e-01,4.900000e-01,0.0,1.000000e+00,0.000000e+00,0.000000e+00
9.000000e-01,4.900000e-01,0.0,1.000000e+00,0.000000e+00,0.000000e+00
9.100000e-01,4.900000e-01,0.0,1.000000e+00,0.000000e+00,0.000000e+00
9.200000e-01,4.900000e-01,0.0,1.000000e+00,0.000000e+00,0.000000e+00
9.300000e-01,4.900000e-01,0.0,1.000000e+00,0.000000e+00,0.000000e+00
9.400000e-01,4.900000e-01,0.0,1.000000e+00,0.000000e+00,0.000000e+00
9.500000e-01,4.900000e-01,0.0,1.000000e+00,0.000000e+00,0.000000e+00
9.600000e-01,4.900000e-01,0.0,1.000000e+00,0.000000e+00,0.000000e+00
9.700000e-01,4.900000e-01,0.0,1.000000e+00,0.000000e+00,0.000000e+00
9.800000e-01,4.900000e-01,0.0,1.000000e+00,0.000000e+00,0.000000e+00
9.900000e-01,4.900000e-01,0.0,1.000000e+00,0.000000e+00,0.000000e+00
1.000000e+00,4.900000e-01,0.0,1.000000e+00,0.000000e+00,0.000000e+00
0.000000e+00,5.000000e-01,0.0,1.000000e+00,-3.613596e-10,1.122766e-08
1.000000e-02,5.000000e-01,0.0,1.000000e+00,-2.078820e-09,1.099638e-08
2.000000e-02,5.000000e-01,0.0,1.000000e+00,-4.436611e-09,1.292725e-08
3.000000e-02,5.000000e-01,0.0,1.000000e+00,-7.101165e-09,1.645097e-08
4.000000e-02,5.000000e-01,0.0,1.000000e+00,-1.082030e-08,2.283133e-08
5.000000e-02,5.000000e-01,0.0,1.000000e+00,-1.728549e-08,3.584796e-08
6.000000e-02,5.000000e-01,0.0,1.000000e+00,-3.030683e-08,6.496507e-08
7.000000e-02,5.000000e-01,0.0,1.000000e+00,-5.747841e-08,1.305970e-07
8.000000e-02,5.000000e-01,0.0,1.000000e+00,-1.114684e-07,2.716865e-07
9.000000e-02,5.000000e-01,0.0,1.000000e+00,-2.100789e-07,5.548117e-07
1.000000e-01,5.000000e-01,0.0,1.000000e+00,-3.743420e-07,1.082761e-06
1.100000e-01,5.000000e-01,0.0,1.000001e+00,-6.228610e-07,1.996549e-06
1.200000e-01,5.000000e-01,0.0,1.000001e+00,-9.602976e-07,3.457951e-06
1.300000e-01,5.000000e-01,0.0,1.000002e+00,-1.361488e-06,5.599952e-06
1.400000e-01,5.000000e-01,0.0,1.000003e+00,-1.760135e-06,8.451866e-06
1.500000e-01,5.000000e-01,0.0,1.000004e+00,-2.055246e-06,1.187490e-05
1.600000e-01,5.000000e-01,0.0,1.000005e+00,-2.141290e-06,1.555513e-05
1.700000e-01,5.000000e-01,0.0,1.000006e+00,-1.948104e-06,1.905862e-05
1.800000e-01,5.000000e-01,0.0,1.000007e+00,-1.467465e-06,2.193602e-05
1.900000e-01,5.000000e-01,0.0,1.000007e+00,-8.100244e-07,2.382174e-05
2.000000e-01,5.000000e-01,0.0,1.000008e+00,1.322152e-21,2.488806e-05
2.100000e-01,5.000000e-01,0.0,1.000007e+00,8.100244e-07,2.382174e-05
2.200000e-01,5.000000e-01,0.0,1.000007e+00,1.467465e-06,2.193602e-05
2.300000e-01,5.000000e-01,0.0,1.000006e+00,1.948104e-06,1.905862e-05
2.400000e-01,5.000000e-01,0.0,1.000005e+00,2.141290e-06,1.555513e-05
2.500000e-01,5.000000e-01,0.0,1.000004e+00,2.055246e-06,1.187490e-05
2.600000e-01,5.000000e-01,0.0,1.000003e+00,1.760135e-06,8.451866e-06
2.700000e-01,5.000000e-01,0.0,1.000002e+00,1.361488e-06,5.599952e-06
2.800000e-01,5.000000e-01,0.0,1.000001e+00,9.602979e-07,3.457951e-06
2.900000e-01,5.000000e-01,0.0,1.000001e+00,6.228630e-07,1.996549e-06
3.000000e-01,5.000000e-01,0.0,1.000000e+00,3.743496e-07,1.082759e-06
3.100000e-01,5.000000e-01,0.0,1.000000e+00,2.101010e-07,5.548021e-07
3.200000e-01,5.000000e-01,0.0,1.000000e+00,1.115230e-07,2.716578e-07
3.300000e-01,5.000000e-01,0.0,1.000000e+00,5.759696e-08,1.305264e-07
3.400000e-01,5.000000e-01,0.0,1.000000e+00,3.053898e-08,6.481357e-08
3.500000e-01,5.000000e-01,0.0,1.000000e+00,1.770656e-08,3.554992e-08
3.600000e-01,5.000000e-01,0.0,1.000000e+00,1.154104e-08,2.227034e-08
3.700000e-01,5.000000e-01,0.0,1.000000e+00,8.269901e-09,1.542235e-08
3.800000e-01,5.000000e-01,0.0,1.000000e+00,6.227570e-09,1.111405e-08
3.900000e-01,5.000000e-01,0.0,1.000000e+00,4.733069e-09,7.998470e-09
4.000000e-01,5.000000e-01,0.0,1.000000e+00,3.545115e-09,5.649765e-09
4.100000e-01,5.000000e-01,0.0,1.000000e+00,2.589145e-09,3.892885e-09
4.200000e-01,5.000000e-01,0.0,1.000000e+00,1.835017e-09,2.608510e-09
4.300000e-01,5.000000e-01,0.0,1.000000e+00,1.258302e-09,1.695572e-09
4.400000e-01,5.000000e-01,0.0,1.000000e+00,8.327775e-10,1.066737e-09
4.500000e-01,5.000000e-01,0.0,1.000000e+00,5.307967e-10,6.481863e-10
4.600000e-01,5.000000e-01,0.0,1.000000e+00,3.251881e-10,3.796486e-10
4.700000e-01,5.000000e-01,0.0,1.000000e+00,1.911541e-10,2.139362e-10
4.800000e-01,5.000000e-01,0.0,1.000000e+00,1.076440e-10,1.157807e-10
4.900000e-01,5.000000e-01,0.0,1.000000e+00,5.798827e-11,6.007901e-11
5.000000e-01,5.000000e-01,0.0,1.000000e+00,2.984687e-11,2.984687e-11
5.100000e-01,5.000000e-01,0.0,1.000000e+00,1.466214e-11,1.417732e-11
5.200000e-01,5.000000e-01,0.0,1.000000e+00,6.867937e-12,6.431690e-12
5.300000e-01,5.000000e-01,0.0,1.000000e+00,3.065142e-12,2.783685e-12
5.400000e-01,5.000000e-01,0.0,1.000000e+00,1.302409e-12,1.148731e-12
5.500000e-01,5.000000e-01,0.0,1.000000e+00,5.264575e-13,4.514406e-13
5.600000e-01,5.000000e-01,0.0,1.000000e+00,2.021726e-13,1.687813e-13
5.700000e-01,5.000000e-01,0.0,1.000000e+00,7.362082e-14,5.983732e-14
5.800000e-01,5.000000e-01,0.0,1.000000e+00,2.526917e-14,2.003376e-14
5.900000e-01,5.000000e-01,0.0,1.000000e+00,8.173389e-15,6.410482e-15
6.000000e-01,5.000000e-01,0.0,1.000000e+00,2.457284e-15,1.976502e-15
6.100000e-01,5.000000e-01,0.0,1.000000e+00,7.478492e-16,3.205039e-16
6.200000e-01,5.000000e-01,0.0,1.000000e+00,1.068316e-16,0.000000e+00
6.300000e-01,5.000000e-01,0.0,1.000000e+00,0.000000e+00,0.000000e+00
6.400000e-01,5.000000e-01,0.0,1.000000e+00,0.000000e+00,0.000000e+00
6.500000e-01,5.000000e-01,0.0,1.000000e+00,0.000000e+00,0.000000e+00
6.600000e-01,5.000000e-01,0.0,1.000000e+00,0.000000e+00,0.000000e+00
6.700000e-01,5.000000e-01,0.0,1.000000e+00,0.000000e+00,0.000000e+00
6.800000e-01,5.000000e-01,0.0,1.000000e+00,0.000000e+00,0.000000e+00
6.900000e-01,5.000000e-01,0.0,1.000000e+00,0.000000e+00,0.000000e+00
7.000000e-01,5.000000e-01,0.0,1.000000e+00,0.000000e+00,0.000000e+00
7.100000e-01,5.000000e-01,0.0,1.000000e+00,0.000000e+00,0.000000e+00
7.200000e-01,5.000000e-01,0.0,1.000000e+00,0.000000e+00,0.000000e+00
7.300000e-01,5.000000e-01,0.0,1.000000e+00,0.000000e+00,0.000000e+00
7.400000e-01,5.000000e-01,0.0,1.000000e+00,0.000000e+00,0.000000e+00
7.500000e-01,5.000000e-01,0.0,1.000000e+00,0.000000e+00,0.000000e+00
7.600000e-01,5.000000e-01,0.0,1.000000e+00,0.000000e+00,0.000000e+00
7.700000e-01,5.000000e-01,0.0,1.000000e+00,0.000000e+00,0.000000e+00
7.800000e-01,5.000000e-01,0.0,1.000000e+00,0.000000e+00,0.000000e+00
7.900000e-01,5.000000e-01,0.0,1.000000e+00,0.000000e+00,0.000000e+00
8.000000e-01,5.000000e-01,0.0,1.000000e+00,0.000000e+00,0.000000e+00
8.100000e-01,5.000000e-01,0.0,1.000000e+00,0.000000e+00,0.000000e+00
8.200000e-01,5.000000e-01,0.0,1.000000e+00,0.000000e+00,0.000000e+00
8.300000e-01,5.000000e-01,0.0,1.000000e+00,0.000000e+00,0.000000e+00
8.400000e-01,5.000000e-01,0.0,1.000000e+00,0.000000e+00,0.000000e+00
8.500000e-01,5.000000e-01,0.0,1.000000e+00,0.000000e+00,0.000000e+00
8.600000e-01,5.000000e-01,0.0,1.000000e+00,0.000000e+00,0.000000e+00
8.700000e-01,5.000000e-01,0.0,1.000000e+00,0.000000e+00,0.000000e+00
8.800000e-01,5.000000e-01,0.0,1.000000e+00,0.000000e+00,0.000000e+00
8.900000e-01,5.000000e-01,0.0,1.000000e+00,0.000000e+00,0.000000e+00
9.000000e-01,5.000000e-01,0.0,1.000000e+00,0.000000e+00,0.000000e+00
9.100000e-01,5.000000e-01,0.0,1.000000e+00,0.000000e+00,0.000000e+00
9.200000e-01,5.000000e-01,0.0,1.000000e+00,0.000000e+00,0.000000e+00
9.300000e-01,5.000000e-01,0.0,1.000000e+00,0.000000e+00,0.000000e+00
9.400000e-01,5.000000e-01,0.0,1.000000e+00,0.000000e+00,0.000000e+00
9.500000e-01,5.000000e-01,0.0,1.000000e+00,0.000000e+00,0.000000e+00
9.600000e-01,5.000000e-01,0.0,1.000000e+00,0.000000e+00,0.000000e+00
9.700000e-01,5.000000e-01,0.0,1.000000e+00,0.000000e+00,0.000000e+00
9.800000e-01,5.000000e-01,0.0,1.000000e+00,0.000000e+00,0.000000e+00
9.900000e-01,5.000000e-01,0.0,1.000000e+00,0.000000e+00,0.000000e+00
1.000000e+00,5.000000e-01,0.0,1.000000e+00,0.000000e+00,0.000000e+00
0.000000e+00,5.100000e-01,0.0,1.000000e+00,-2.309147e-10,6.840672e-09
1.000000e-02,5.100000e-01,0.0,1.000000e+00,-1.276754e-09,6.790160e-09
2.000000e-02,5.100000e-01,0.0,1.000000e+00,-2.641825e-09,7.967692e-09
3.000000e-02,5.100000e-01,0.0,1.000000e+00,-4.035513e-09,9.942523e-09
4.000000e-02,5.100000e-01,0.0,1.000000e+00,-5.585439e-09,1.287205e-08
5.000000e-02,5.100000e-01,0.0,1.000000e+00,-7.589752e-09,1.730175e-08
6.000000e-02,5.100000e-01,0.0,1.000000e+00,-1.072478e-08,2.486258e-08
7.000000e-02,5.100000e-01,0.0,1.000000e+00,-1.633523e-08,3.949226e-08
8.000000e-02,5.100000e-01,0.0,1.000000e+00,-2.685331e-08,6.920485e-08
9.000000e-02,5.100000e-01,0.0,1.000000e+00,-4.606219e-08,1.282411e-07
1.000000e-01,5.100000e-01,0.0,1.000000e+00,-7.866952e-08,2.390115e-07
1.100000e-01,5.100000e-01,0.0,1.000000e+00,-1.289845e-07,4.327285e-07
1.200000e-01,5.100000e-01,0.0,1.000000e+00,-1.987095e-07,7.469061e-07
1.300000e-01,5.100000e-01,0.0,1.000000e+00,-2.839838e-07,1.217198e-06
1.400000e-01,5.100000e-01,0.0,1.000001e+00,-3.726550e-07,1.862364e-06
1.500000e-01,5.100000e-01,0.0,1.000001e+00,-4.439142e-07,2.665951e-06
1.600000e-01,5.100000e-01,0.0,1.000001e+00,-4.726272e-07,3.564476e-06
1.700000e-01,5.100000e-01,0.0,1.000001e+00,-4.380768e-07,4.450740e-06
1.800000e-01,5.100000e-01,0.0,1.000002e+00,-3.337332e-07,5.196729e-06
1.900000e-01,5.100000e-01,0.0,1.000002e+00,-1.822199e-07,5.694246e-06
2.000000e-01,5.100000e-01,0.0,1.000002e+00,-5.044139e-24,5.960361e-06
2.100000e-01,5.100000e-01,0.0,1.000002e+00,1.822199e-07,5.694246e-06
2.200000e-01,5.100000e-01,0.0,1.000002e+00,3.337332e-07,5.196729e-06
2.300000e-01,5.100000e-01,0.0,1.000001e+00,4.380768e-07,4.450740e-06
2.400000e-01,5.100000e-01,0.0,1.000001e+00,4.726272e-07,3.564476e-06
2.500000e-01,5.100000e-01,0.0,1.000001e+00,4.439142e-07,2.665951e-06
2.600000e-01,5.100000e-01,0.0,1.000001e+00,3.726550e-07,1.862364e-06
2.700000e-01,5.100000e-01,0.0,1.000000e+00,2.839839e-07,1.217198e-06
2.800000e-01,5.100000e-01,0.0,1.000000e+00,1.987099e-07,7.469060e-07
2.900000e-01,5.100000e-01,0.0,1.000000e+00,1.289861e-07,4.327281e-07
3.000000e-01,5.100000e-01,0.0,1.000000e+00,7.867446e-08,2.390095e-07
3.100000e-01,5.100000e-01,0.0,1.000000e+00,4.607517e-08,1.282349e-07
3.200000e-01,5.100000e-01,0.0,1.000000e+00,2.688345e-08,6.918849e-08
3.300000e-01,5.100000e-01,0.0,1.000000e+00,1.639885e-08,3.945421e-08
3.400000e-01,5.100000e-01,0.0,1.000000e+00,1.084992e-08,2.478061e-08
3.500000e-01,5.100000e-01,0.0,1.000000e+00,7.821494e-09,1.713266e-08
3.600000e-01,5.100000e-01,0.0,1.000000e+00,5.989764e-09,1.253579e-08
3.700000e-01,5.100000e-01,0.0,1.000000e+00,4.699841e-09,9.306588e-09
3.800000e-01,5.100000e-01,0.0,1.000000e+00,3.672262e-09,6.838131e-09
3.900000e-01,5.100000e-01,0.0,1.000000e+00,2.812919e-09,4.919602e-09
4.000000e-01,5.100000e-01,0.0,1.000000e+00,2.096991e-09,3.449728e-09
4.100000e-01,5.100000e-01,0.0,1.000000e+00,1.515670e-09,2.351145e-09
4.200000e-01,5.100000e-01,0.0,1.000000e+00,1.059271e-09,1.553691e-09
4.300000e-01,5.100000e-01,0.0,1.000000e+00,7.141480e-10,9.932754e-10
4.400000e-01,5.100000e-01,0.0,1.000000e+00,4.634794e-10,6.130488e-10
4.500000e-01,5.100000e-01,0.0,1.000000e+00,2.890063e-10,3.645905e-10
4.600000e-01,5.100000e-01,0.0,1.000000e+00,1.728531e-10,2.085551e-10
4.700000e-01,5.100000e-01,0.0,1.000000e+00,9.901012e-11,1.145544e-10
4.800000e-01,5.100000e-01,0.0,1.000000e+00,5.424169e-11,6.032588e-11
4.900000e-01,5.100000e-01,0.0,1.000000e+00,2.838699e-11,3.041461e-11
5.000000e-01,5.100000e-01,0.0,1.000000e+00,1.417732e-11,1.466214e-11
5.100000e-01,5.100000e-01,0.0,1.000000e+00,6.750905e-12,6.750905e-12
5.200000e-01,5.100000e-01,0.0,1.000000e+00,3.062474e-12,2.965643e-12
5.300000e-01,5.100000e-01,0.0,1.000000e+00,1.322661e-12,1.242082e-12
5.400000e-01,5.100000e-01,0.0,1.000000e+00,5.433442e-13,4.955218e-13
5.500000e-01,5.100000e-01,0.0,1.000000e+00,2.121644e-13,1.882280e-13
5.600000e-01,5.100000e-01,0.0,1.000000e+00,7.853568e-14,6.779759e-14
5.700000e-01,5.100000e-01,0.0,1.000000e+00,2.751287e-14,2.307890e-14
5.800000e-01,5.100000e-01,0.0,1.000000e+00,9.028087e-15,7.478947e-15
5.900000e-01,5.100000e-01,0.0,1.000000e+00,2.670957e-15,2.083355e-15
6.000000e-01,5.100000e-01,0.0,1.000000e+00,7.478492e-16,6.410176e-16
6.100000e-01,5.100000e-01,0.0,1.000000e+00,1.068316e-16,5.341578e-17
6.200000e-01,5.100000e-01,0.0,1.000000e+00,0.000000e+00,0.000000e+00
6.300000e-01,5.100000e-01,0.0,1.000000e+00,0.000000e+00,0.000000e+00
6.400000e-01,5.100000e-01,0.0,1.000000e+00,0.000000e+00,0.000000e+00
6.500000e-01,5.100000e-01,0.0,1.000000e+00,0.000000e+00,0.000000e+00
6.600000e-01,5.100000e-01,0.0,1.000000e+00,0.000000e+00,0.000000e+00
6.700000e-01,5.100000e-01,0.0,1.000000e+00,0.000000e+00,0.000000e+00
6.800000e-01,5.100000e-01,0.0,1.000000e+00,0.000000e+00,0.000000e+00
6.900000e-01,5.100000e-01,0.0,1.000000e+00,0.000000e+00,0.000000e+00
7.000000e-01,5.100000e-01,0.0,1.000000e+00,0.000000e+00,0.000000e+00
7.100000e-01,5.100000e-01,0.0,1.000000e+00,0.000000e+00,0.000000e+00
7.200000e-01,5.100000e-01,0.0,1.000000e+00,0.000000e+00,0.000000e+00
7.300000e-01,5.100000e-01,0.0,1.000000e+00,0.000000e+00,0.000000e+00
7.400000e-01,5.100000e-01,0.0,1.000000e+00,0.000000e+00,0.000000e+00
7.500000e-01,5.100000e-01,0.0,1.000000e+00,0.000000e+00,0.000000e+00
7.600000e-01,5.100000e-01,0.0,1.000000e+00,0.000000e+00,0.000000e+00
7.700000e-01,5.100000e-01,0.0,1.000000e+00,0.000000e+00,0.000000e+00
7.800000e-01,5.100000e-01,0.0,1.000000e+00,0.000000e+00,0.000000e+00
7.900000e-01,5.100000e-01,0.0,1.000000e+00,0.000000e+00,0.000000e+00
8.000000e-01,5.100000e-01,0.0,1.000000e+00,0.000000e+00,0.000000e+00
8.100000e-01,5.100000e-01,0.0,1.000000e+00,0.000000e+00,0.000000e+00
8.200000e-01,5.100000e-01,0.0,1.000000e+00,0.000000e+00,0.000000e+00
8.300000e-01,5.100000e-01,0.0,1.000000e+00,0.000000e+00,0.000000e+00
8.400000e-01,5.100000e-01,0.0,1.000000e+00,0.000000e+00,0.000000e+00
8.500000e-01,5.100000e-01,0.0,1.000000e+00,0.000000e+00,0.000000e+00
8.600000e-01,5.100000e-01,0.0,1.000000e+00,0.000000e+00,0.000000e+00
8.700000e-01,5.100000e-01,0.0,1.000000e+00,0.000000e+00,0.000000e+00
8.800000e-01,5.100000e-01,0.0,1.000000e+00,0.000000e+00,0.000000e+00
8.900000e-01,5.100000e-01,0.0,1.000000e+00,0.000000e+00,0.000000e+00
9.000000e-01,5.100000e-01,0.0,1.000000e+00,0.000000e+00,0.000000e+00
9.100000e-01,5.100000e-01,0.0,1.000000e+00,0.000000e+00,0.000000e+00
9.200000e-01,5.100000e-01,0.0,1.000000e+00,0.000000e+00,0.000000e+00
9.300000e-01,5.100000e-01,0.0,1.000000e+00,0.000000e+00,0.000000e+00
9.400000e-01,5.100000e-01,0.0,1.000000e+00,0.000000e+00,0.000000e+00
9.500000e-01,5.100000e-01,0.0,1.000000e+00,0.000000e+00,0.000000e+00
9.600000e-01,5.100000e-01,0.0,1.000000e+00,0.000000e+00,0.000000e+00
9.700000e-01,5.100000e-01,0.0,1.000000e+00,0.000000e+00,0.000000e+00
9.800000e-01,5.100000e-01,0.0,1.000000e+00,0.000000e+00,0.000000e+00
9.900000e-01,5.100000e-01,0.0,1.000000e+00,0.000000e+00,0.000000e+00
1.000000e+00,5.100000e-01,0.0,1.000000e+00,0.000000e+00,0.000000e+00
0.000000e+00,5.200000e-01,0.0,1.000000e+00,-1.447350e-10,4.084563e-09
1.000000e-02,5.200000e-01,0.0,1.000000e+00,-7.776878e-10,4.095895e-09
2.000000e-02,5.200000e-01,0.0,1.000000e+00,-1.589860e-09,4.835206e-09
3.000000e-02,5.200000e-01,0.0,1.000000e+00,-2.402573e-09,6.057708e-09
4.000000e-02,5.200000e-01,0.0,1.000000e+00,-3.234164e-09,7.777573e-09
5.000000e-02,5.200000e-01,0.0,1.000000e+00,-4.120145e-09,1.004718e-08
6.000000e-02,5.200000e-01,0.0,1.000000e+00,-5.159283e-09,1.306944e-08
7.000000e-02,5.200000e-01,0.0,1.000000e+00,-6.574940e-09,1.744010e-08
8.000000e-02,5.200000e-01,0.0,1.000000e+00,-8.781155e-09,2.455976e-08
9.000000e-02,5.200000e-01,0.0,1.000000e+00,-1.243030e-08,3.715009e-08
1.000000e-01,5.200000e-01,0.0,1.000000e+00,-1.839866e-08,5.970987e-08
1.100000e-01,5.200000e-01,0.0,1.000000e+00,-2.759446e-08,9.865986e-08
1.200000e-01,5.200000e-01,0.0,1.000000e+00,-4.049437e-08,1.618338e-07
1.300000e-01,5.200000e-01,0.0,1.000000e+00,-5.650754e-08,2.569399e-07
1.400000e-01,5.200000e-01,0.0,1.000000e+00,-7.343302e-08,3.887832e-07
1.500000e-01,5.200000e-01,0.0,1.000000e+00,-8.734871e-08,5.556168e-07
1.600000e-01,5.200000e-01,0.0,1.000000e+00,-9.327630e-08,7.459820e-07
1.700000e-01,5.200000e-01,0.0,1.000000e+00,-8.675593e-08,9.378661e-07
1.800000e-01,5.200000e-01,0.0,1.000000e+00,-6.610084e-08,1.102459e-06
1.900000e-01,5.200000e-01,0.0,1.000000e+00,-3.522019e-08,1.213861e-06
2.000000e-01,5.200000e-01,0.0,1.000000e+00,-5.341887e-17,1.269260e-06
2.100000e-01,5.200000e-01,0.0,1.000000e+00,3.522019e-08,1.213861e-06
2.200000e-01,5.200000e-01,0.0,1.000000e+00,6.610084e-08,1.102459e-06
2.300000e-01,5.200000e-01,0.0,1.000000e+00,8.675593e-08,9.378661e-07
2.400000e-01,5.200000e-01,0.0,1.000000e+00,9.327630e-08,7.459820e-07
2.500000e-01,5.200000e-01,0.0,1.000000e+00,8.734872e-08,5.556168e-07
2.600000e-01,5.200000e-01,0.0,1.000000e+00,7.343304e-08,3.887832e-07
2.700000e-01,5.200000e-01,0.0,1.000000e+00,5.650763e-08,2.569399e-07
2.800000e-01,5.200000e-01,0.0,1.000000e+00,4.049469e-08,1.618337e-07
2.900000e-01,5.200000e-01,0.0,1.000000e+00,2.759545e-08,9.865948e-08
3.000000e-01,5.200000e-01,0.0,1.000000e+00,1.840137e-08,5.970865e-08
3.100000e-01,5.200000e-01,0.0,1.000000e+00,1.243701e-08,3.714671e-08
3.200000e-01,5.200000e-01,0.0,1.000000e+00,8.796502e-09,2.455120e-08
3.300000e-01,5.200000e-01,0.0,1.000000e+00,6.607733e-09,1.741982e-08
3.400000e-01,5.200000e-01,0.0,1.000000e+00,5.225064e-09,1.302351e-08
3.500000e-01,5.200000e-01,0.0,1.000000e+00,4.244022e-09,9.948177e-09
3.600000e-01,5.200000e-01,0.0,1.000000e+00,3.453381e-09,7.576700e-09
3.700000e-01,5.200000e-01,0.0,1.000000e+00,2.768131e-09,5.676303e-09
3.800000e-01,5.200000e-01,0.0,1.000000e+00,2.166236e-09,4.156411e-09
3.900000e-01,5.200000e-01,0.0,1.000000e+00,1.647309e-09,2.964458e-09
4.000000e-01,5.200000e-01,0.0,1.000000e+00,1.213661e-09,2.054136e-09
4.100000e-01,5.200000e-01,0.0,1.000000e+00,8.641835e-10,1.379597e-09
4.200000e-01,5.200000e-01,0.0,1.000000e+00,5.933732e-10,8.961013e-10
4.300000e-01,5.200000e-01,0.0,1.000000e+00,3.920725e-10,5.617610e-10
4.400000e-01,5.200000e-01,0.0,1.000000e+00,2.488314e-10,3.392439e-10
4.500000e-01,5.200000e-01,0.0,1.000000e+00,1.514317e-10,1.970054e-10
4.600000e-01,5.200000e-01,0.0,1.000000e+00,8.823745e-11,1.098372e-10
4.700000e-01,5.200000e-01,0.0,1.000000e+00,4.916391e-11,5.870564e-11
4.800000e-01,5.200000e-01,0.0,1.000000e+00,2.616376e-11,3.003896e-11
4.900000e-01,5.200000e-01,0.0,1.000000e+00,1.328570e-11,1.469659e-11
5.000000e-01,5.200000e-01,0.0,1.000000e+00,6.431690e-12,6.867937e-12
5.100000e-01,5.200000e-01,0.0,1.000000e+00,2.965643e-12,3.062474e-12
5.200000e-01,5.200000e-01,0.0,1.000000e+00,1.301931e-12,1.301931e-12
5.300000e-01,5.200000e-01,0.0,1.000000e+00,5.437172e-13,5.272072e-13
5.400000e-01,5.200000e-01,0.0,1.000000e+00,2.157451e-13,2.029752e-13
5.500000e-01,5.200000e-01,0.0,1.000000e+00,8.126044e-14,7.436842e-14
5.600000e-01,5.200000e-01,0.0,1.000000e+00,2.884836e-14,2.569653e-14
5.700000e-01,5.200000e-01,0.0,1.000000e+00,9.615707e-15,8.280224e-15
5.800000e-01,5.200000e-01,0.0,1.000000e+00,2.938035e-15,2.564122e-15
5.900000e-01,5.200000e-01,0.0,1.000000e+00,8.012650e-16,7.478492e-16
6.000000e-01,5.200000e-01,0.0,1.000000e+00,1.068316e-16,1.068316e-16
6.100000e-01,5.200000e-01,0.0,1.000000e+00,0.000000e+00,0.000000e+00
6.200000e-01,5.200000e-01,0.0,1.000000e+00,0.000000e+00,0.000000e+00
6.300000e-01,5.200000e-01,0.0,1.000000e+00,0.000000e+00,0.000000e+00
6.400000e-01,5.200000e-01,0.0,1.000000e+00,0.000000e+00,0.000000e+00
6.500000e-01,5.200000e-01,0.0,1.000000e+00,0.000000e+00,0.000000e+00
6.600000e-01,5.200000e-01,0.0,1.000000e+00,0.000000e+00,0.000000e+00
6.700000e-01,5.200000e-01,0.0,1.000000e+00,0.000000e+00,0.000000e+00
6.800000e-01,5.200000e-01,0.0,1.000000e+00,0.000000e+00,0.000000e+00
6.900000e-01,5.200000e-01,0.0,1.000000e+00,0.000000e+00,0.000000e+00
7.000000e-01,5.200000e-01,0.0,1.000000e+00,0.000000e+00,0.000000e+00
7.100000e-01,5.200000e-01,0.0,1.000000e+00,0.000000e+00,0.000000e+00
7.200000e-01,5.200000e-01,0.0,1.000000e+00,0.000000e+00,0.000000e+00
7.300000e-01,5.200000e-01,0.0,1.000000e+00,0.000000e+00,0.000000e+00
7.400000e-01,5.200000e-01,0.0,1.000000e+00,0.000000e+00,0.000000e+00
7.500000e-01,5.200000e-01,0.0,1.000000e+00,0.000000e+00,0.000000e+00
7.600000e-01,5.200000e-01,0.0,1.000000e+00,0.000000e+00,0.000000e+00
7.700000e-01,5.200000e-01,0.0,1.000000e+00,0.000000e+00,0.000000e+00
7.800000e-01,5.200000e-01,0.0,1.000000e+00,0.000000e+00,0.000000e+00
7.900000e-01,5.200000e-01,0.0,1.000000e+00,0.000000e+00,0.000000e+00
8.000000e-01,5.200000e-01,0.0,1.000000e+00,0.000000e+00,0.000000e+00
8.100000e-01,5.200000e-01,0.0,1.000000e+00,0.000000e+00,0.000000e+00
8.200000e-01,5.200000e-01,0.0,1.000000e+00,0.000000e+00,0.000000e+00
8.300000e-01,5.200000e-01,0.0,1.000000e+00,0.000000e+00,0.000000e+00
8.400000e-01,5.200000e-01,0.0,1.000000e+00,0.000000e+00,0.000000e+00
8.500000e-01,5.200000e-01,0.0,1.000000e+00,0.000000e+00,0.000000e+00
8.600000e-01,5.200000e-01,0.0,1.000000e+00,0.000000e+00,0.000000e+00
8.700000e-01,5.200000e-01,0.0,1.000000e+00,0.000000e+00,0.000000e+00
8.800000e-01,5.200000e-01,0.0,1.000000e+00,0.000000e+00,0.000000e+00
8.900000e-01,5.200000e-01,0.0,1.000000e+00,0.000000e+00,0.000000e+00
9.000000e-01,5.200000e-01,0.0,1.000000e+00,0.000000e+00,0.000000e+00
9.100000e-01,5.200000e-01,0.0,1.000000e+00,0.000000e+00,0.000000e+00
9.200000e-01,5.200000e-01,0.0,1.000000e+00,0.000000e+00,0.000000e+00
9.300000e-01,5.200000e-01,0.0,1.000000e+00,0.000000e+00,0.000000e+00
9.400000e-01,5.200000e-01,0.0,1.000000e+00,0.000000e+00,0.000000e+00
9.500000e-01,5.200000e-01,0.0,1.000000e+00,0.000000e+00,0.000000e+00
9.600000e-01,5.200000e-01,0.0,1.000000e+00,0.000000e+00,0.000000e+00
9.700000e-01,5.200000e-01,0.0,1.000000e+00,0.000000e+00,0.000000e+00
9.800000e-01,5.200000e-01,0.0,1.000000e+00,0.000000e+00,0.000000e+00
9.900000e-01,5.200000e-01,0.0,1.000000e+00,0.000000e+00,0.000000e+00
1.000000e+00,5.200000e-01,0.0,1.000000e+00,0.000000e+00,0.000000e+00
0.000000e+00,5.300000e-01,0.0,1.000000e+00,-8.858526e-11,2.372704e-09
1.000000e-02,5.300000e-01,0.0,1.000000e+00,-4.640861e-10,2.402307e-09
2.000000e-02,5.300000e-01,0.0,1.000000e+00,-9.435447e-10,2.864749e-09
3.000000e-02,5.300000e-01,0.0,1.000000e+00,-1.425868e-09,3.629564e-09
4.000000e-02,5.300000e-01,0.0,1.000000e+00,-1.914811e-09,4.695971e-09
5.000000e-02,5.300000e-01,0.0,1.000000e+00,-2.411051e-09,6.063664e-09
6.000000e-02,5.300000e-01,0.0,1.000000e+00,-2.918804e-09,7.746175e-09
7.000000e-02,5.300000e-01,0.0,1.000000e+00,-3.456378e-09,9.801604e-09
8.000000e-02,5.300000e-01,0.0,1.000000e+00,-4.072847e-09,1.240223e-08
9.000000e-02,5.300000e-01,0.0,1.000000e+00,-4.862693e-09,1.594866e-08
1.000000e-01,5.300000e-01,0.0,1.000000e+00,-5.963293e-09,2.119596e-08
1.100000e-01,5.300000e-01,0.0,1.000000e+00,-7.521345e-09,2.931601e-08
1.200000e-01,5.300000e-01,0.0,1.000000e+00,-9.621020e-09,4.180648e-08
1.300000e-01,5.300000e-01,0.0,1.000000e+00,-1.217832e-08,6.017967e-08
1.400000e-01,5.300000e-01,0.0,1.000000e+00,-1.483590e-08,8.541778e-08
1.500000e-01,5.300000e-01,0.0,1.000000e+00,-1.693084e-08,1.172821e-07
1.600000e-01,5.300000e-01,0.0,1.000000e+00,-1.761015e-08,1.537044e-07
1.700000e-01,5.300000e-01,0.0,1.000000e+00,-1.612209e-08,1.905796e-07
1.800000e-01,5.300000e-01,0.0,1.000000e+00,-1.223417e-08,2.224098e-07
1.900000e-01,5.300000e-01,0.0,1.000000e+00,-6.548060e-09,2.440716e-07
2.000000e-01,5.300000e-01,0.0,1.000000e+00,-3.240403e-24,2.537455e-07
2.100000e-01,5.300000e-01,0.0,1.000000e+00,6.548060e-09,2.440716e-07
2.200000e-01,5.300000e-01,0.0,1.000000e+00,1.223417e-08,2.224098e-07
2.300000e-01,5.300000e-01,0.0,1.000000e+00,1.612209e-08,1.905796e-07
2.400000e-01,5.300000e-01,0.0,1.000000e+00,1.761015e-08,1.537044e-07
2.500000e-01,5.300000e-01,0.0,1.000000e+00,1.693084e-08,1.172821e-07
2.600000e-01,5.300000e-01,0.0,1.000000e+00,1.483592e-08,8.541778e-08
2.700000e-01,5.300000e-01,0.0,1.000000e+00,1.217838e-08,6.017965e-08
2.800000e-01,5.300000e-01,0.0,1.000000e+00,9.621193e-09,4.180641e-08
2.900000e-01,5.300000e-01,0.0,1.000000e+00,7.521839e-09,2.931579e-08
3.000000e-01,5.300000e-01,0.0,1.000000e+00,5.964604e-09,2.119533e-08
3.100000e-01,5.300000e-01,0.0,1.000000e+00,4.865934e-09,1.594693e-08
3.200000e-01,5.300000e-01,0.0,1.000000e+00,4.080359e-09,1.239771e-08
3.300000e-01,5.300000e-01,0.0,1.000000e+00,3.472692e-09,9.790435e-09
3.400000e-01,5.300000e-01,0.0,1.000000e+00,2.952035e-09,7.720203e-09
3.500000e-01,5.300000e-01,0.0,1.000000e+00,2.474618e-09,6.007169e-09
3.600000e-01,5.300000e-01,0.0,1.000000e+00,2.029246e-09,4.581115e-09
3.700000e-01,5.300000e-01,0.0,1.000000e+00,1.620215e-09,3.410686e-09
3.800000e-01,5.300000e-01,0.0,1.000000e+00,1.255750e-09,2.472278e-09
3.900000e-01,5.300000e-01,0.0,1.000000e+00,9.424612e-10,1.740609e-09
4.000000e-01,5.300000e-01,0.0,1.000000e+00,6.833934e-10,1.187582e-09
4.100000e-01,5.300000e-01,0.0,1.000000e+00,4.777349e-10,7.834954e-10
4.200000e-01,5.300000e-01,0.0,1.000000e+00,3.213139e-10,4.988020e-10
4.300000e-01,5.300000e-01,0.0,1.000000e+00,2.075332e-10,3.058544e-10
4.400000e-01,5.300000e-01,0.0,1.000000e+00,1.285090e-10,1.803188e-10
4.500000e-01,5.300000e-01,0.0,1.000000e+00,7.617704e-11,1.020516e-10
4.600000e-01,5.300000e-01,0.0,1.000000e+00,4.317155e-11,5.536309e-11
4.700000e-01,5.300000e-01,0.0,1.000000e+00,2.336498e-11,2.875258e-11
4.800000e-01,5.300000e-01,0.0,1.000000e+00,1.206402e-11,1.427800e-11
4.900000e-01,5.300000e-01,0.0,1.000000e+00,5.937712e-12,6.772157e-12
5.000000e-01,5.300000e-01,0.0,1.000000e+00,2.783685e-12,3.065142e-12
5.100000e-01,5.300000e-01,0.0,1.000000e+00,1.242082e-12,1.322661e-12
5.200000e-01,5.300000e-01,0.0,1.000000e+00,5.272072e-13,5.437172e-13
5.300000e-01,5.300000e-01,0.0,1.000000e+00,2.126995e-13,2.126995e-13
5.400000e-01,5.300000e-01,0.0,1.000000e+00,8.131399e-14,7.890990e-14
5.500000e-01,5.300000e-01,0.0,1.000000e+00,2.938258e-14,2.777990e-14
5.600000e-01,5.300000e-01,0.0,1.000000e+00,1.004306e-14,9.134933e-15
5.700000e-01,5.300000e-01,0.0,1.000000e+00,3.151711e-15,2.777785e-15
5.800000e-01,5.300000e-01,0.0,1.000000e+00,8.012650e-16,8.012650e-16
5.900000e-01,5.300000e-01,0.0,1.000000e+00,1.068316e-16,1.068316e-16
6.000000e-01,5.300000e-01,0.0,1.000000e+00,0.000000e+00,0.000000e+00
6.100000e-01,5.300000e-01,0.0,1.000000e+00,0.000000e+00,0.000000e+00
6.200000e-01,5.300000e-01,0.0,1.000000e+00,0.000000e+00,0.000000e+00
6.300000e-01,5.300000e-01,0.0,1.000000e+00,0.000000e+00,0.000000e+00
6.400000e-01,5.300000e-01,0.0,1.000000e+00,0.000000e+00,0.000000e+00
6.500000e-01,5.300000e-01,0.0,1.000000e+00,0.000000e+00,0.000000e+00
6.600000e-01,5.300000e-01,0.0,1.000000e+00,0.000000e+00,0.000000e+00
6.700000e-01,5.300000e-01,0.0,1.000000e+00,0.000000e+00,0.000000e+00
6.800000e-01,5.300000e-01,0.0,1.000000e+00,0.000000e+00,0.000000e+00
6.900000e-01,5.300000e-01,0.0,1.000000e+00,0.000000e+00,0.000000e+00
7.000000e-01,5.300000e-01,0.0,1.000000e+00,0.000000e+00,0.000000e+00
7.100000e-01,5.300000e-01,0.0,1.000000e+00,0.000000e+00,0.000000e+00
7.200000e-01,5.300000e-01,0.0,1.000000e+00,0.000000e+00,0.000000e+00
7.300000e-01,5.300000e-01,0.0,1.000000e+00,0.000000e+00,0.000000e+00
7.400000e-01,5.300000e-01,0.0,1.000000e+00,0.000000e+00,0.000000e+00
7.500000e-01,5.300000e-01,0.0,1.000000e+00,0.000000e+00,0.000000e+00
7.600000e-01,5.300000e-01,0.0,1.000000e+00,0.000000e+00,0.000000e+00
7.700000e-01,5.300000e-01,0.0,1.000000e+00,0.000000e+00,0.000000e+00
7.800000e-01,5.300000e-01,0.0,1.000000e+00,0.000000e+00,0.000000e+00
7.900000e-01,5.300000e-01,0.0,1.000000e+00,0.000000e+00,0.000000e+00
8.000000e-01,5.300000e-01,0.0,1.000000e+00,0.000000e+00,0.000000e+00
8.100000e-01,5.300000e-01,0.0,1.000000e+00,0.000000e+00,0.000000e+00
8.200000e-01,5.300000e-01,0.0,1.000000e+00,0.000000e+00,0.000000e+00
8.300000e-01,5.300000e-01,0.0,1.000000e+00,0.000000e+00,0.000000e+00
8.400000e-01,5.300000e-01,0.0,1.000000e+00,0.000000e+00,0.000000e+00
8.500000e-01,5.300000e-01,0.0,1.000000e+00,0.000000e+00,0.000000e+00
8.600000e-01,5.300000e-01,0.0,1.000000e+00,0.000000e+00,0.000000e+00
8.700000e-01,5.300000e-01,0.0,1.000000e+00,0.000000e+00,0.000000e+00
8.800000e-01,5.300000e-01,0.0,1.000000e+00,0.000000e+00,0.000000e+00
8.900000e-01,5.300000e-01,0.0,1.000000e+00,0.000000e+00,0.000000e+00
9.000000e-01,5.300000e-01,0.0,1.000000e+00,0.000000e+00,0.000000e+00
9.100000e-01,5.300000e-01,0.0,1.000000e+00,0.000000e+00,0.000000e+00
9.200000e-01,5.300000e-01,0.0,1.000000e+00,0.000000e+00,0.000000e+00
9.300000e-01,5.300000e-01,0.0,1.000000e+00,0.000000e+00,0.000000e+00
9.400000e-01,5.300000e-01,0.0,1.000000e+00,0.000000e+00,0.000000e+00
9.500000e-01,5.300000e-01,0.0,1.000000e+00,0.000000e+00,0.000000e+00
9.600000e-01,5.300000e-01,0.0,1.000000e+00,0.000000e+00,0.000000e+00
9.700000e-01,5.300000e-01,0.0,1.000000e+00,0.000000e+00,0.000000e+00
9.800000e-01,5.300000e-01,0.0,1.000000e+00,0.000000e+00,0.000000e+00
9.900000e-01,5.300000e-01,0.0,1.000000e+00,0.000000e+00,0.000000e+00
1.000000e+00,5.300000e-01,0.0,1.000000e+00,0.000000e+00,0.000000e+00
0.000000e+00,5.400000e-01,0.0,1.000000e+00,-5.264007e-11,1.334253e-09
1.000000e-02,5.400000e-01,0.0,1.000000e+00,-2.693545e-10,1.364011e-09
2.000000e-02,5.400000e-01,0.0,1.000000e+00,-5.466444e-10,1.649011e-09
3.000000e-02,5.400000e-01,0.0,1.000000e+00,-8.294203e-10,2.122036e-09
4.000000e-02,5.400000e-01,0.0,1.000000e+00,-1.119492e-09,2.782340e-09
5.000000e-02,5.400000e-01,0.0,1.000000e+00,-1.415197e-09,3.627748e-09
6.000000e-02,5.400000e-01,0.0,1.000000e+00,-1.712237e-09,4.655915e-09
7.000000e-02,5.400000e-01,0.0,1.000000e+00,-2.004758e-09,5.865929e-09
8.000000e-02,5.400000e-01,0.0,1.000000e+00,-2.287931e-09,7.264694e-09
9.000000e-02,5.400000e-01,0.0,1.000000e+00,-2.561644e-09,8.882113e-09
1.000000e-01,5.400000e-01,0.0,1.000000e+00,-2.833198e-09,1.079513e-08
1.100000e-01,5.400000e-01,0.0,1.000000e+00,-3.115236e-09,1.315057e-08
1.200000e-01,5.400000e-01,0.0,1.000000e+00,-3.415809e-09,1.616540e-08
1.300000e-01,5.400000e-01,0.0,1.000000e+00,-3.721504e-09,2.008159e-08
1.400000e-01,5.400000e-01,0.0,1.000000e+00,-3.980690e-09,2.506757e-08
1.500000e-01,5.400000e-01,0.0,1.000000e+00,-4.098737e-09,3.108756e-08
1.600000e-01,5.400000e-01,0.0,1.000000e+00,-3.956456e-09,3.778861e-08
1.700000e-01,5.400000e-01,0.0,1.000000e+00,-3.454259e-09,4.447014e-08
1.800000e-01,5.400000e-01,0.0,1.000000e+00,-2.567332e-09,5.019983e-08
1.900000e-01,5.400000e-01,0.0,1.000000e+00,-1.373005e-09,5.409135e-08
2.000000e-01,5.400000e-01,0.0,1.000000e+00,2.683302e-33,5.562170e-08
2.100000e-01,5.400000e-01,0.0,1.000000e+00,1.373005e-09,5.409135e-08
2.200000e-01,5.400000e-01,0.0,1.000000e+00,2.567332e-09,5.019983e-08
2.300000e-01,5.400000e-01,0.0,1.000000e+00,3.454259e-09,4.447014e-08
2.400000e-01,5.400000e-01,0.0,1.000000e+00,3.956457e-09,3.778861e-08
2.500000e-01,5.400000e-01,0.0,1.000000e+00,4.098740e-09,3.108756e-08
2.600000e-01,5.400000e-01,0.0,1.000000e+00,3.980698e-09,2.506756e-08
2.700000e-01,5.400000e-01,0.0,1.000000e+00,3.721530e-09,2.008158e-08
2.800000e-01,5.400000e-01,0.0,1.000000e+00,3.415887e-09,1.616537e-08
2.900000e-01,5.400000e-01,0.0,1.000000e+00,3.115459e-09,1.315046e-08
3.000000e-01,5.400000e-01,0.0,1.000000e+00,2.833792e-09,1.079481e-08
3.100000e-01,5.400000e-01,0.0,1.000000e+00,2.563135e-09,8.881210e-09
3.200000e-01,5.400000e-01,0.0,1.000000e+00,2.291437e-09,7.262288e-09
3.300000e-01,5.400000e-01,0.0,1.000000e+00,2.012494e-09,5.859927e-09
3.400000e-01,5.400000e-01,0.0,1.000000e+00,1.728271e-09,4.641924e-09
3.500000e-01,5.400000e-01,0.0,1.000000e+00,1.446453e-09,3.597237e-09
3.600000e-01,5.400000e-01,0.0,1.000000e+00,1.176890e-09,2.719919e-09
3.700000e-01,5.400000e-01,0.0,1.000000e+00,9.288973e-10,2.001910e-09
3.800000e-01,5.400000e-01,0.0,1.000000e+00,7.097156e-10,1.431040e-09
3.900000e-01,5.400000e-01,0.0,1.000000e+00,5.238028e-10,9.913073e-10
4.000000e-01,5.400000e-01,0.0,1.000000e+00,3.726586e-10,6.640051e-10
4.100000e-01,5.400000e-01,0.0,1.000000e+00,2.550611e-10,4.291853e-10
4.200000e-01,5.400000e-01,0.0,1.000000e+00,1.676319e-10,2.671756e-10
4.300000e-01,5.400000e-01,0.0,1.000000e+00,1.056124e-10,1.599062e-10
4.400000e-01,5.400000e-01,0.0,1.000000e+00,6.368993e-11,9.186749e-11
4.500000e-01,5.400000e-01,0.0,1.000000e+00,3.671618e-11,5.058966e-11
4.600000e-01,5.400000e-01,0.0,1.000000e+00,2.021078e-11,2.666871e-11
4.700000e-01,5.400000e-01,0.0,1.000000e+00,1.061241e-11,1.344240e-11
4.800000e-01,5.400000e-01,0.0,1.000000e+00,5.310980e-12,6.471575e-12
4.900000e-01,5.400000e-01,0.0,1.000000e+00,2.531719e-12,2.973224e-12
5.000000e-01,5.400000e-01,0.0,1.000000e+00,1.148731e-12,1.302409e-12
5.100000e-01,5.400000e-01,0.0,1.000000e+00,4.955218e-13,5.433442e-13
5.200000e-01,5.400000e-01,0.0,1.000000e+00,2.029752e-13,2.157451e-13
5.300000e-01,5.400000e-01,0.0,1.000000e+00,7.890990e-14,8.131399e-14
5.400000e-01,5.400000e-01,0.0,1.000000e+00,2.906206e-14,2.906206e-14
5.500000e-01,5.400000e-01,0.0,1.000000e+00,9.989635e-15,9.775942e-15
5.600000e-01,5.400000e-01,0.0,1.000000e+00,3.151711e-15,3.098289e-15
5.700000e-01,5.400000e-01,0.0,1.000000e+00,8.012650e-16,8.012650e-16
5.800000e-01,5.400000e-01,0.0,1.000000e+00,1.068316e-16,1.068316e-16
5.900000e-01,5.400000e-01,0.0,1.000000e+00,0.000000e+00,0.000000e+00
6.000000e-01,5.400000e-01,0.0,1.000000e+00,0.000000e+00,0.000000e+00
6.100000e-01,5.400000e-01,0.0,1.000000e+00,0.000000e+00,0.000000e+00
6.200000e-01,5.400000e-01,0.0,1.000000e+00,0.000000e+00,0.000000e+00
6.300000e-01,5.400000e-01,0.0,1.000000e+00,0.000000e+00,0.000000e+00
6.400000e-01,5.400000e-01,0.0,1.000000e+00,0.000000e+00,0.000000e+00
6.500000e-01,5.400000e-01,0.0,1.000000e+00,0.000000e+00,0.000000e+00
6.600000e-01,5.400000e-01,0.0,1.000000e+00,0.000000e+00,0.000000e+00
6.700000e-01,5.400000e-01,0.0,1.000000e+00,0.000000e+00,0.000000e+00
6.800000e-01,5.400000e-01,0.0,1.000000e+00,0.000000e+00,0.000000e+00
6.900000e-01,5.400000e-01,0.0,1.000000e+00,0.000000e+00,0.000000e+00
7.000000e-01,5.400000e-01,0.0,1.000000e+00,0.000000e+00,0.000000e+00
7.100000e-01,5.400000e-01,0.0,1.000000e+00,0.000000e+00,0.000000e+00
7.200000e-01,5.400000e-01,0.0,1.000000e+00,0.000000e+00,0.000000e+00
7.300000e-01,5.400000e-01,0.0,1.000000e+00,0.000000e+00,0.000000e+00
7.400000e-01,5.400000e-01,0.0,1.000000e+00,0.000000e+00,0.000000e+00
7.500000e-01,5.400000e-01,0.0,1.000000e+00,0.000000e+00,0.000000e+00
7.600000e-01,5.400000e-01,0.0,1.000000e+00,0.000000e+00,0.000000e+00
7.700000e-01,5.400000e-01,0.0,1.000000e+00,0.000000e+00,0.000000e+00
7.800000e-01,5.400000e-01,0.0,1.000000e+00,0.000000e+00,0.000000e+00
7.900000e-01,5.400000e-01,0.0,1.000000e+00,0.000000e+00,0.000000e+00
8.000000e-01,5.400000e-01,0.0,1.000000e+00,0.000000e+00,0.000000e+00
8.100000e-01,5.400000e-01,0.0,1.000000e+00,0.000000e+00,0.000000e+00
8.200000e-01,5.400000e-01,0.0,1.000000e+00,0.000000e+00,0.000000e+00
8.300000e-01,5.400000e-01,0.0,1.000000e+00,0.000000e+00,0.000000e+00
8.400000e-01,5.400000e-01,0.0,1.000000e+00,0.000000e+00,0.000000e+00
8.500000e-01,5.400000e-01,0.0,1.000000e+00,0.000000e+00,0.000000e+00
8.600000e-01,5.400000e-01,0.0,1.000000e+00,0.000000e+00,0.000000e+00
8.700000e-01,5.400000e-01,0.0,1.000000e+00,0.000000e+00,0.000000e+00
8.800000e-01,5.400000e-01,0.0,1.000000e+00,0.000000e+00,0.000000e+00
8.900000e-01,5.400000e-01,0.0,1.000000e+00,0.000000e+00,0.000000e+00
9.000000e-01,5.400000e-01,0.0,1.000000e+00,0.000000e+00,0.000000e+00
9.100000e-01,5.400000e-01,0.0,1.000000e+00,0.000000e+00,0.000000e+00
9.200000e-01,5.400000e-01,0.0,1.000000e+00,0.000000e+00,0.000000e+00
9.300000e-01,5.400000e-01,0.0,1.000000e+00,0.000000e+00,0.000000e+00
9.400000e-01,5.400000e-01,0.0,1.000000e+00,0.000000e+00,0.000000e+00
9.500000e-01,5.400000e-01,0.0,1.000000e+00,0.000000e+00,0.000000e+00
9.600000e-01,5.400000e-01,0.0,1.000000e+00,0.000000e+00,0.000000e+00
9.700000e-01,5.400000e-01,0.0,1.000000e+00,0.000000e+00,0.000000e+00
9.800000e-01,5.400000e-01,0.0,1.000000e+00,0.000000e+00,0.000000e+00
9.900000e-01,5.400000e-01,0.0,1.000000e+00,0.000000e+00,0.000000e+00
1.000000e+00,5.400000e-01,0.0,1.000000e+00,0.000000e+00,0.000000e+00
0.000000e+00,5.500000e-01,0.0,1.000000e+00,-3.020459e-11,7.233169e-10
1.000000e-02,5.500000e-01,0.0,1.000000e+00,-1.511687e-10,7.467890e-10
2.000000e-02,5.500000e-01,0.0,1.000000e+00,-3.071196e-10,9.182961e-10
3.000000e-02,5.500000e-01,0.0,1.000000e+00,-4.691706e-10,1.204506e-09
4.000000e-02,5.500000e-01,0.0,1.000000e+00,-6.387746e-10,1.606272e-09
5.000000e-02,5.500000e-01,0.0,1.000000e+00,-8.148568e-10,2.123598e-09
6.000000e-02,5.500000e-01,0.0,1.000000e+00,-9.939421e-10,2.755261e-09
7.000000e-02,5.500000e-01,0.0,1.000000e+00,-1.170389e-09,3.498020e-09
8.000000e-02,5.500000e-01,0.0,1.000000e+00,-1.336991e-09,4.346245e-09
9.000000e-02,5.500000e-01,0.0,1.000000e+00,-1.485852e-09,5.292600e-09
1.000000e-01,5.500000e-01,0.0,1.000000e+00,-1.609353e-09,6.330275e-09
1.100000e-01,5.500000e-01,0.0,1.000000e+00,-1.700840e-09,7.456415e-09
1.200000e-01,5.500000e-01,0.0,1.000000e+00,-1.754493e-09,8.674541e-09
1.300000e-01,5.500000e-01,0.0,1.000000e+00,-1.764150e-09,9.992132e-09
1.400000e-01,5.500000e-01,0.0,1.000000e+00,-1.721624e-09,1.141001e-08
1.500000e-01,5.500000e-01,0.0,1.000000e+00,-1.616045e-09,1.290442e-08
1.600000e-01,5.500000e-01,0.0,1.000000e+00,-1.435964e-09,1.440929e-08
1.700000e-01,5.500000e-01,0.0,1.000000e+00,-1.174453e-09,1.581081e-08
1.800000e-01,5.500000e-01,0.0,1.000000e+00,-8.348903e-10,1.696380e-08
1.900000e-01,5.500000e-01,0.0,1.000000e+00,-4.337846e-10,1.772835e-08
2.000000e-01,5.500000e-01,0.0,1.000000e+00,2.204574e-41,1.799457e-08
2.100000e-01,5.500000e-01,0.0,1.000000e+00,4.337846e-10,1.772835e-08
2.200000e-01,5.500000e-01,0.0,1.000000e+00,8.348903e-10,1.696380e-08
2.300000e-01,5.500000e-01,0.0,1.000000e+00,1.174453e-09,1.581081e-08
2.400000e-01,5.500000e-01,0.0,1.000000e+00,1.435965e-09,1.440929e-08
2.500000e-01,5.500000e-01,0.0,1.000000e+00,1.616046e-09,1.290442e-08
2.600000e-01,5.500000e-01,0.0,1.000000e+00,1.721627e-09,1.141001e-08
2.700000e-01,5.500000e-01,0.0,1.000000e+00,1.764160e-09,9.992127e-09
2.800000e-01,5.500000e-01,0.0,1.000000e+00,1.754525e-09,8.674525e-09
2.900000e-01,5.500000e-01,0.0,1.000000e+00,1.700934e-09,7.456363e-09
3.000000e-01,5.500000e-01,0.0,1.000000e+00,1.609608e-09,6.330116e-09
3.100000e-01,5.500000e-01,0.0,1.000000e+00,1.486500e-09,5.292147e-09
3.200000e-01,5.500000e-01,0.0,1.000000e+00,1.338543e-09,4.345036e-09
3.300000e-01,5.500000e-01,0.0,1.000000e+00,1.173879e-09,3.494999e-09
3.400000e-01,5.500000e-01,0.0,1.000000e+00,1.001323e-09,2.748183e-09
3.500000e-01,5.500000e-01,0.0,1.000000e+00,8.295526e-10,2.108016e-09
3.600000e-01,5.500000e-01,0.0,1.000000e+00,6.663508e-10,1.574004e-09
3.700000e-01,5.500000e-01,0.0,1.000000e+00,5.180167e-10,1.141550e-09
3.800000e-01,5.500000e-01,0.0,1.000000e+00,3.889641e-10,8.023931e-10
3.900000e-01,5.500000e-01,0.0,1.000000e+00,2.815312e-10,5.454350e-10
4.000000e-01,5.500000e-01,0.0,1.000000e+00,1.960382e-10,3.578163e-10
4.100000e-01,5.500000e-01,0.0,1.000000e+00,1.310815e-10,2.260962e-10
4.200000e-01,5.500000e-01,0.0,1.000000e+00,8.402091e-11,1.373622e-10
4.300000e-01,5.500000e-01,0.0,1.000000e+00,5.154870e-11,8.010871e-11
4.400000e-01,5.500000e-01,0.0,1.000000e+00,3.023071e-11,4.478197e-11
4.500000e-01,5.500000e-01,0.0,1.000000e+00,1.692713e-11,2.396462e-11
4.600000e-01,5.500000e-01,0.0,1.000000e+00,9.040497e-12,1.226201e-11
4.700000e-01,5.500000e-01,0.0,1.000000e+00,4.601463e-12,5.993136e-12
4.800000e-01,5.500000e-01,0.0,1.000000e+00,2.230161e-12,2.795157e-12
4.900000e-01,5.500000e-01,0.0,1.000000e+00,1.028930e-12,1.243200e-12
5.000000e-01,5.500000e-01,0.0,1.000000e+00,4.514406e-13,5.264575e-13
5.100000e-01,5.500000e-01,0.0,1.000000e+00,1.882280e-13,2.121644e-13
5.200000e-01,5.500000e-01,0.0,1.000000e+00,7.436842e-14,8.126044e-14
5.300000e-01,5.500000e-01,0.0,1.000000e+00,2.777990e-14,2.938258e-14
5.400000e-01,5.500000e-01,0.0,1.000000e+00,9.775942e-15,9.989635e-15
5.500000e-01,5.500000e-01,0.0,1.000000e+00,3.098289e-15,3.098289e-15
5.600000e-01,5.500000e-01,0.0,1.000000e+00,8.012650e-16,8.012650e-16
5.700000e-01,5.500000e-01,0.0,1.000000e+00,1.068316e-16,1.068316e-16
5.800000e-01,5.500000e-01,0.0,1.000000e+00,0.000000e+00,0.000000e+00
5.900000e-01,5.500000e-01,0.0,1.000000e+00,0.000000e+00,0.000000e+00
6.000000e-01,5.500000e-01,0.0,1.000000e+00,0.000000e+00,0.000000e+00
6.100000e-01,5.500000e-01,0.0,1.000000e+00,0.000000e+00,0.000000e+00
6.200000e-01,5.500000e-01,0.0,1.000000e+00,0.000000e+00,0.000000e+00
6.300000e-01,5.500000e-01,0.0,1.000000e+00,0.000000e+00,0.000000e+00
6.400000e-01,5.500000e-01,0.0,1.000000e+00,0.000000e+00,0.000000e+00
6.500000e-01,5.500000e-01,0.0,1.000000e+00,0.000000e+00,0.000000e+00
6.600000e-01,5.500000e-01,0.0,1.000000e+00,0.000000e+00,0.000000e+00
6.700000e-01,5.500000e-01,0.0,1.000000e+00,0.000000e+00,0.000000e+00
6.800000e-01,5.500000e-01,0.0,1.000000e+00,0.000000e+00,0.000000e+00
6.900000e-01,5.500000e-01,0.0,1.000000e+00,0.000000e+00,0.000000e+00
7.000000e-01,5.500000e-01,0.0,1.000000e+00,0.000000e+00,0.000000e+00
7.100000e-01,5.500000e-01,0.0,1.000000e+00,0.000000e+00,0.000000e+00
7.200000e-01,5.500000e-01,0.0,1.000000e+00,0.000000e+00,0.000000e+00
7.300000e-01,5.500000e-01,0.0,1.000000e+00,0.000000e+00,0.000000e+00
7.400000e-01,5.500000e-01,0.0,1.000000e+00,0.000000e+00,0.000000e+00
7.500000e-01,5.500000e-01,0.0,1.000000e+00,0.000000e+00,0.000000e+00
7.600000e-01,5.500000e-01,0.0,1.000000e+00,0.000000e+00,0.000000e+00
7.700000e-01,5.500000e-01,0.0,1.000000e+00,0.000000e+00,0.000000e+00
7.800000e-01,5.500000e-01,0.0,1.000000e+00,0.000000e+00,0.000000e+00
7.900000e-01,5.500000e-01,0.0,1.000000e+00,0.000000e+00,0.000000e+00
8.000000e-01,5.500000e-01,0.0,1.000000e+00,0.000000e+00,0.000000e+00
8.100000e-01,5.500000e-01,0.0,1.000000e+00,0.000000e+00,0.000000e+00
8.200000e-01,5.500000e-01,0.0,1.000000e+00,0.000000e+00,0.000000e+00
8.300000e-01,5.500000e-01,0.0,1.000000e+00,0.000000e+00,0.000000e+00
8.400000e-01,5.500000e-01,0.0,1.000000e+00,0.000000e+00,0.000000e+00
8.500000e-01,5.500000e-01,0.0,1.000000e+00,0.000000e+00,0.000000e+00
8.600000e-01,5.500000e-01,0.0,1.000000e+00,0.000000e+00,0.000000e+00
8.700000e-01,5.500000e-01,0.0,1.000000e+00,0.000000e+00,0.000000e+00
8.800000e-01,5.500000e-01,0.0,1.000000e+00,0.000000e+00,0.000000e+00
8.900000e-01,5.500000e-01,0.0,1.000000e+00,0.000000e+00,0.000000e+00
9.000000e-01,5.500000e-01,0.0,1.000000e+00,0.000000e+00,0.000000e+00
9.100000e-01,5.500000e-01,0.0,1.000000e+00,0.000000e+00,0.000000e+00
9.200000e-01,5.500000e-01,0.0,1.000000e+00,0.000000e+00,0.000000e+00
9.300000e-01,5.500000e-01,0.0,1.000000e+00,0.000000e+00,0.000000e+00
9.400000e-01,5.500000e-01,0.0,1.000000e+00,0.000000e+00,0.000000e+00
9.500000e-01,5.500000e-01,0.0,1.000000e+00,0.000000e+00,0.000000e+00
9.600000e-01,5.500000e-01,0.0,1.000000e+00,0.000000e+00,0.000000e+00
9.700000e-01,5.500000e-01,0.0,1.000000e+00,0.000000e+00,0.000000e+00
9.800000e-01,5.500000e-01,0.0,1.000000e+00,0.000000e+00,0.000000e+00
9.900000e-01,5.500000e-01,0.0,1.000000e+00,0.000000e+00,0.000000e+00
1.000000e+00,5.500000e-01,0.0,1.000000e+00,0.000000e+00,0.000000e+00
0.000000e+00,5.600000e-01,0.0,1.000000e+00,-1.665942e-11,3.767303e-10
1.000000e-02,5.600000e-01,0.0,1.000000e+00,-8.165244e-11,3.929523e-10
2.000000e-02,5.600000e-01,0.0,1.000000e+00,-1.664734e-10,4.929472e-10
3.000000e-02,5.600000e-01,0.0,1.000000e+00,-2.566539e-10,6.610254e-10
4.000000e-02,5.600000e-01,0.0,1.000000e+00,-3.534575e-10,8.990879e-10
5.000000e-02,5.600000e-01,0.0,1.000000e+00,-4.564153e-10,1.208680e-09
6.000000e-02,5.600000e-01,0.0,1.000000e+00,-5.633129e-10,1.590291e-09
7.000000e-02,5.600000e-01,0.0,1.000000e+00,-6.703496e-10,2.042557e-09
8.000000e-02,5.600000e-01,0.0,1.000000e+00,-7.724848e-10,2.561619e-09
9.000000e-02,5.600000e-01,0.0,1.000000e+00,-8.638891e-10,3.140770e-09
1.000000e-01,5.600000e-01,0.0,1.000000e+00,-9.384328e-10,3.770396e-09
1.100000e-01,5.600000e-01,0.0,1.000000e+00,-9.901592e-10,4.438217e-09
1.200000e-01,5.600000e-01,0.0,1.000000e+00,-1.013701e-09,5.129676e-09
1.300000e-01,5.600000e-01,0.0,1.000000e+00,-1.004628e-09,5.828204e-09
1.400000e-01,5.600000e-01,0.0,1.000000e+00,-9.597313e-10,6.515006e-09
1.500000e-01,5.600000e-01,0.0,1.000000e+00,-8.773260e-10,7.168285e-09
1.600000e-01,5.600000e-01,0.0,1.000000e+00,-7.576686e-10,7.762493e-09
1.700000e-01,5.600000e-01,0.0,1.000000e+00,-6.034348e-10,8.268840e-09
1.800000e-01,5.600000e-01,0.0,1.000000e+00,-4.199718e-10,8.658006e-09
1.900000e-01,5.600000e-01,0.0,1.000000e+00,-2.151639e-10,8.904084e-09
2.000000e-01,5.600000e-01,0.0,1.000000e+00,2.764049e-70,8.984451e-09
2.100000e-01,5.600000e-01,0.0,1.000000e+00,2.151639e-10,8.904084e-09
2.200000e-01,5.600000e-01,0.0,1.000000e+00,4.199718e-10,8.658006e-09
2.300000e-01,5.600000e-01,0.0,1.000000e+00,6.034347e-10,8.268840e-09
2.400000e-01,5.600000e-01,0.0,1.000000e+00,7.576687e-10,7.762493e-09
2.500000e-01,5.600000e-01,0.0,1.000000e+00,8.773264e-10,7.168285e-09
2.600000e-01,5.600000e-01,0.0,1.000000e+00,9.597324e-10,6.515005e-09
2.700000e-01,5.600000e-01,0.0,1.000000e+00,1.004632e-09,5.828202e-09
2.800000e-01,5.600000e-01,0.0,1.000000e+00,1.013714e-09,5.129668e-09
2.900000e-01,5.600000e-01,0.0,1.000000e+00,9.901963e-10,4.438193e-09
3.000000e-01,5.600000e-01,0.0,1.000000e+00,9.385349e-10,3.770323e-09
3.100000e-01,5.600000e-01,0.0,1.000000e+00,8.641550e-10,3.140560e-09
3.200000e-01,5.600000e-01,0.0,1.000000e+00,7.731358e-10,2.561056e-09
3.300000e-01,5.600000e-01,0.0,1.000000e+00,6.718459e-10,2.041135e-09
3.400000e-01,5.600000e-01,0.0,1.000000e+00,5.665486e-10,1.586917e-09
3.500000e-01,5.600000e-01,0.0,1.000000e+00,4.630057e-10,1.201144e-09
3.600000e-01,5.600000e-01,0.0,1.000000e+00,3.661128e-10,8.832402e-10
3.700000e-01,5.600000e-01,0.0,1.000000e+00,2.795995e-10,6.296045e-10
3.800000e-01,5.600000e-01,0.0,1.000000e+00,2.058357e-10,4.341368e-10
3.900000e-01,5.600000e-01,0.0,1.000000e+00,1.457926e-10,2.889670e-10
4.000000e-01,5.600000e-01,0.0,1.000000e+00,9.916934e-11,1.852990e-10
4.100000e-01,5.600000e-01,0.0,1.000000e+00,6.466934e-11,1.142634e-10
4.200000e-01,5.600000e-01,0.0,1.000000e+00,4.036658e-11,6.764414e-11
4.300000e-01,5.600000e-01,0.0,1.000000e+00,2.408490e-11,3.838839e-11
4.400000e-01,5.600000e-01,0.0,1.000000e+00,1.372026e-11,2.085603e-11
4.500000e-01,5.600000e-01,0.0,1.000000e+00,7.454532e-12,1.083469e-11
4.600000e-01,5.600000e-01,0.0,1.000000e+00,3.859733e-12,5.376283e-12
4.700000e-01,5.600000e-01,0.0,1.000000e+00,1.903061e-12,2.545754e-12
4.800000e-01,5.600000e-01,0.0,1.000000e+00,8.926670e-13,1.149527e-12
4.900000e-01,5.600000e-01,0.0,1.000000e+00,3.980090e-13,4.948247e-13
5.000000e-01,5.600000e-01,0.0,1.000000e+00,1.687813e-13,2.021726e-13
5.100000e-01,5.600000e-01,0.0,1.000000e+00,6.779759e-14,7.853568e-14
5.200000e-01,5.600000e-01,0.0,1.000000e+00,2.569653e-14,2.884836e-14
5.300000e-01,5.600000e-01,0.0,1.000000e+00,9.134933e-15,1.004306e-14
5.400000e-01,5.600000e-01,0.0,1.000000e+00,3.098289e-15,3.151711e-15
5.500000e-01,5.600000e-01,0.0,1.000000e+00,8.012650e-16,8.012650e-16
5.600000e-01,5.600000e-01,0.0,1.000000e+00,1.068316e-16,1.068316e-16
5.700000e-01,5.600000e-01,0.0,1.000000e+00,0.000000e+00,0.000000e+00
5.800000e-01,5.600000e-01,0.0,1.000000e+00,0.000000e+00,0.000000e+00
5.900000e-01,5.600000e-01,0.0,1.000000e+00,0.000000e+00,0.000000e+00
6.000000e-01,5.600000e-01,0.0,1.000000e+00,0.000000e+00,0.000000e+00
6.100000e-01,5.600000e-01,0.0,1.000000e+00,0.000000e+00,0.000000e+00
6.200000e-01,5.600000e-01,0.0,1.000000e+00,0.000000e+00,0.000000e+00
6.300000e-01,5.600000e-01,0.0,1.000000e+00,0.000000e+00,0.000000e+00
6.400000e-01,5.600000e-01,0.0,1.000000e+00,0.000000e+00,0.000000e+00
6.500000e-01,5.600000e-01,0.0,1.000000e+00,0.000000e+00,0.000000e+00
6.600000e-01,5.600000e-01,0.0,1.000000e+00,0.000000e+00,0.000000e+00
6.700000e-01,5.600000e-01,0.0,1.000000e+00,0.000000e+00,0.000000e+00
6.800000e-01,5.600000e-01,0.0,1.000000e+00,0.000000e+00,0.000000e+00
6.900000e-01,5.600000e-01,0.0,1.000000e+00,0.000000e+00,0.000000e+00
7.000000e-01,5.600000e-01,0.0,1.000000e+00,0.000000e+00,0.000000e+00
7.100000e-01,5.600000e-01,0.0,1.000000e+00,0.000000e+00,0.000000e+00
7.200000e-01,5.600000e-01,0.0,1.000000e+00,0.000000e+00,0.000000e+00
7.300000e-01,5.600000e-01,0.0,1.000000e+00,0.000000e+00,0.000000e+00
7.400000e-01,5.600000e-01,0.0,1.000000e+00,0.000000e+00,0.000000e+00
7.500000e-01,5.600000e-01,0.0,1.000000e+00,0.000000e+00,0.000000e+00
7.600000e-01,5.600000e-01,0.0,1.000000e+00,0.000000e+00,0.000000e+00
7.700000e-01,5.600000e-01,0.0,1.000000e+00,0.000000e+00,0.000000e+00
7.800000e-01,5.600000e-01,0.0,1.000000e+00,0.000000e+00,0.000000e+00
7.900000e-01,5.600000e-01,0.0,1.000000e+00,0.000000e+00,0.000000e+00
8.000000e-01,5.600000e-01,0.0,1.000000e+00,0.000000e+00,0.000000e+00
8.100000e-01,5.600000e-01,0.0,1.000000e+00,0.000000e+00,0.000000e+00
8.200000e-01,5.600000e-01,0.0,1.000000e+00,0.000000e+00,0.000000e+00
8.300000e-01,5.600000e-01,0.0,1.000000e+00,0.000000e+00,0.000000e+00
8.400000e-01,5.600000e-01,0.0,1.000000e+00,0.000000e+00,0.000000e+00
8.500000e-01,5.600000e-01,0.0,1.000000e+00,0.000000e+00,0.000000e+00
8.600000e-01,5.600000e-01,0.0,1.000000e+00,0.000000e+00,0.000000e+00
8.700000e-01,5.600000e-01,0.0,1.000000e+00,0.000000e+00,0.000000e+00
8.800000e-01,5.600000e-01,0.0,1.000000e+00,0.000000e+00,0.000000e+00
8.900000e-01,5.600000e-01,0.0,1.000000e+00,0.000000e+00,0.000000e+00
9.000000e-01,5.600000e-01,0.0,1.000000e+00,0.000000e+00,0.000000e+00
9.100000e-01,5.600000e-01,0.0,1.000000e+00,0.000000e+00,0.000000e+00
9.200000e-01,5.600000e-01,0.0,1.000000e+00,0.000000e+00,0.000000e+00
9.300000e-01,5.600000e-01,0.0,1.000000e+00,0.000000e+00,0.000000e+00
9.400000e-01,5.600000e-01,0.0,1.000000e+00,0.000000e+00,0.000000e+00
9.500000e-01,5.600000e-01,0.0,1.000000e+00,0.000000e+00,0.000000e+00
9.600000e-01,5.600000e-01,0.0,1.000000e+00,0.000000e+00,0.000000e+00
9.700000e-01,5.600000e-01,0.0,1.000000e+00,0.000000e+00,0.000000e+00
9.800000e-01,5.600000e-01,0.0,1.000000e+00,0.000000e+00,0.000000e+00
9.900000e-01,5.600000e-01,0.0,1.000000e+00,0.000000e+00,0.000000e+00
1.000000e+00,5.600000e-01,0.0,1.000000e+00,0.000000e+00,0.000000e+00
0.000000e+00,5.700000e-01,0.0,1.000000e+00,-8.801104e-12,1.880059e-10
1.000000e-02,5.700000e-01,0.0,1.000000e+00,-4.229178e-11,1.982071e-10
2.000000e-02,5.700000e-01,0.0,1.000000e+00,-8.671154e-11,2.543380e-10
3.000000e-02,5.700000e-01,0.0,1.000000e+00,-1.351971e-10,3.495364e-10
4.000000e-02,5.700000e-01,0.0,1.000000e+00,-1.887787e-10,4.859775e-10
5.000000e-02,5.700000e-01,0.0,1.000000e+00,-2.473688e-10,6.657813e-10
6.000000e-02,5.700000e-01,0.0,1.000000e+00,-3.097127e-10,8.903493e-10
7.000000e-02,5.700000e-01,0.0,1.000000e+00,-3.734783e-10,1.159714e-09
8.000000e-02,5.700000e-01,0.0,1.000000e+00,-4.354695e-10,1.472034e-09
9.000000e-02,5.700000e-01,0.0,1.000000e+00,-4.919166e-10,1.823286e-09
1.000000e-01,5.700000e-01,0.0,1.000000e+00,-5.387920e-10,2.207146e-09
1.100000e-01,5.700000e-01,0.0,1.000000e+00,-5.721336e-10,2.615027e-09
1.200000e-01,5.700000e-01,0.0,1.000000e+00,-5.883526e-10,3.036239e-09
1.300000e-01,5.700000e-01,0.0,1.000000e+00,-5.845358e-10,3.458265e-09
1.400000e-01,5.700000e-01,0.0,1.000000e+00,-5.587294e-10,3.867138e-09
1.500000e-01,5.700000e-01,0.0,1.000000e+00,-5.101957e-10,4.247966e-09
1.600000e-01,5.700000e-01,0.0,1.000000e+00,-4.396123e-10,4.585645e-09
1.700000e-01,5.700000e-01,0.0,1.000000e+00,-3.491525e-10,4.865815e-09
1.800000e-01,5.700000e-01,0.0,1.000000e+00,-2.423881e-10,5.075967e-09
1.900000e-01,5.700000e-01,0.0,1.000000e+00,-1.240540e-10,5.206277e-09
2.000000e-01,5.700000e-01,0.0,1.000000e+00,5.446532e-81,5.249193e-09
2.100000e-01,5.700000e-01,0.0,1.000000e+00,1.240540e-10,5.206277e-09
2.200000e-01,5.700000e-01,0.0,1.000000e+00,2.423881e-10,5.075967e-09
2.300000e-01,5.700000e-01,0.0,1.000000e+00,3.491525e-10,4.865815e-09
2.400000e-01,5.700000e-01,0.0,1.000000e+00,4.396123e-10,4.585645e-09
2.500000e-01,5.700000e-01,0.0,1.000000e+00,5.101958e-10,4.247966e-09
2.600000e-01,5.700000e-01,0.0,1.000000e+00,5.587298e-10,3.867138e-09
2.700000e-01,5.700000e-01,0.0,1.000000e+00,5.845373e-10,3.458265e-09
2.800000e-01,5.700000e-01,0.0,1.000000e+00,5.883572e-10,3.036236e-09
2.900000e-01,5.700000e-01,0.0,1.000000e+00,5.721474e-10,2.615016e-09
3.000000e-01,5.700000e-01,0.0,1.000000e+00,5.388309e-10,2.207115e-09
3.100000e-01,5.700000e-01,0.0,1.000000e+00,4.920198e-10,1.823196e-09
3.200000e-01,5.700000e-01,0.0,1.000000e+00,4.357281e-10,1.471788e-09
3.300000e-01,5.700000e-01,0.0,1.000000e+00,3.740868e-10,1.159085e-09
3.400000e-01,5.700000e-01,0.0,1.000000e+00,3.110612e-10,8.888316e-10
3.500000e-01,5.700000e-01,0.0,1.000000e+00,2.501825e-10,6.623339e-10
3.600000e-01,5.700000e-01,0.0,1.000000e+00,1.943150e-10,4.785982e-10
3.700000e-01,5.700000e-01,0.0,1.000000e+00,1.454876e-10,3.346389e-10
3.800000e-01,5.700000e-01,0.0,1.000000e+00,1.048139e-10,2.259353e-10
3.900000e-01,5.700000e-01,0.0,1.000000e+00,7.252640e-11,1.470017e-10
4.000000e-01,5.700000e-01,0.0,1.000000e+00,4.811821e-11,9.199839e-11
4.100000e-01,5.700000e-01,0.0,1.000000e+00,3.056118e-11,5.528600e-11
4.200000e-01,5.700000e-01,0.0,1.000000e+00,1.855494e-11,3.185332e-11
4.300000e-01,5.700000e-01,0.0,1.000000e+00,1.075606e-11,1.757146e-11
4.400000e-01,5.700000e-01,0.0,1.000000e+00,5.946457e-12,9.269132e-12
4.500000e-01,5.700000e-01,0.0,1.000000e+00,3.132431e-12,4.670668e-12
4.600000e-01,5.700000e-01,0.0,1.000000e+00,1.571370e-12,2.245958e-12
4.700000e-01,5.700000e-01,0.0,1.000000e+00,7.498884e-13,1.029668e-12
4.800000e-01,5.700000e-01,0.0,1.000000e+00,3.404076e-13,4.497297e-13
4.900000e-01,5.700000e-01,0.0,1.000000e+00,1.466073e-13,1.868395e-13
5.000000e-01,5.700000e-01,0.0,1.000000e+00,5.983732e-14,7.362082e-14
5.100000e-01,5.700000e-01,0.0,1.000000e+00,2.307890e-14,2.751287e-14
5.200000e-01,5.700000e-01,0.0,1.000000e+00,8.280224e-15,9.615707e-15
5.300000e-01,5.700000e-01,0.0,1.000000e+00,2.777785e-15,3.151711e-15
5.400000e-01,5.700000e-01,0.0,1.000000e+00,8.012650e-16,8.012650e-16
5.500000e-01,5.700000e-01,0.0,1.000000e+00,1.068316e-16,1.068316e-16
5.600000e-01,5.700000e-01,0.0,1.000000e+00,0.000000e+00,0.000000e+00
5.700000e-01,5.700000e-01,0.0,1.000000e+00,0.000000e+00,0.000000e+00
5.800000e-01,5.700000e-01,0.0,1.000000e+00,0.000000e+00,0.000000e+00
5.900000e-01,5.700000e-01,0.0,1.000000e+00,0.000000e+00,0.000000e+00
6.000000e-01,5.700000e-01,0.0,1.000000e+00,0.000000e+00,0.000000e+00
6.100000e-01,5.700000e-01,0.0,1.000000e+00,0.000000e+00,0.000000e+00
6.200000e-01,5.700000e-01,0.0,1.000000e+00,0.000000e+00,0.000000e+00
6.300000e-01,5.700000e-01,0.0,1.000000e+00,0.000000e+00,0.000000e+00
6.400000e-01,5.700000e-01,0.0,1.000000e+00,0.000000e+00,0.000000e+00
6.500000e-01,5.700000e-01,0.0,1.000000e+00,0.000000e+00,0.000000e+00
6.600000e-01,5.700000e-01,0.0,1.000000e+00,0.000000e+00,0.000000e+00
6.700000e-01,5.700000e-01,0.0,1.000000e+00,0.000000e+00,0.000000e+00
6.800000e-01,5.700000e-01,0.0,1.000000e+00,0.000000e+00,0.000000e+00
6.900000e-01,5.700000e-01,0.0,1.000000e+00,0.000000e+00,0.000000e+00
7.000000e-01,5.700000e-01,0.0,1.000000e+00,0.000000e+00,0.000000e+00
7.100000e-01,5.700000e-01,0.0,1.000000e+00,0.000000e+00,0.000000e+00
7.200000e-01,5.700000e-01,0.0,1.000000e+00,0.000000e+00,0.000000e+00
7.300000e-01,5.700000e-01,0.0,1.000000e+00,0.000000e+00,0.000000e+00
7.400000e-01,5.700000e-01,0.0,1.000000e+00,0.000000e+00,0.000000e+00
7.500000e-01,5.700000e-01,0.0,1.000000e+00,0.000000e+00,0.000000e+00
7.600000e-01,5.700000e-01,0.0,1.000000e+00,0.000000e+00,0.000000e+00
7.700000e-01,5.700000e-01,0.0,1.000000e+00,0.000000e+00,0.000000e+00
7.800000e-01,5.700000e-01,0.0,1.000000e+00,0.000000e+00,0.000000e+00
7.900000e-01,5.700000e-01,0.0,1.000000e+00,0.000000e+00,0.000000e+00
8.000000e-01,5.700000e-01,0.0,1.000000e+00,0.000000e+00,0.000000e+00
8.100000e-01,5.700000e-01,0.0,1.000000e+00,0.000000e+00,0.000000e+00
8.200000e-01,5.700000e-01,0.0,1.000000e+00,0.000000e+00,0.000000e+00
8.300000e-01,5.700000e-01,0.0,1.000000e+00,0.000000e+00,0.000000e+00
8.400000e-01,5.700000e-01,0.0,1.000000e+00,0.000000e+00,0.000000e+00
8.500000e-01,5.700000e-01,0.0,1.000000e+00,0.000000e+00,0.000000e+00
8.600000e-01,5.700000e-01,0.0,1.000000e+00,0.000000e+00,0.000000e+00
8.700000e-01,5.700000e-01,0.0,1.000000e+00,0.000000e+00,0.000000e+00
8.800000e-01,5.700000e-01,0.0,1.000000e+00,0.000000e+00,0.000000e+00
8.900000e-01,5.700000e-01,0.0,1.000000e+00,0.000000e+00,0.000000e+00
9.000000e-01,5.700000e-01,0.0,1.000000e+00,0.000000e+00,0.000000e+00
9.100000e-01,5.700000e-01,0.0,1.000000e+00,0.000000e+00,0.000000e+00
9.200000e-01,5.700000e-01,0.0,1.000000e+00,0.000000e+00,0.000000e+00
9.300000e-01,5.700000e-01,0.0,1.000000e+00,0.000000e+00,0.000000e+00
9.400000e-01,5.700000e-01,0.0,1.000000e+00,0.000000e+00,0.000000e+00
9.500000e-01,5.700000e-01,0.0,1.000000e+00,0.000000e+00,0.000000e+00
9.600000e-01,5.700000e-01,0.0,1.000000e+00,0.000000e+00,0.000000e+00
9.700000e-01,5.700000e-01,0.0,1.000000e+00,0.000000e+00,0.000000e+00
9.800000e-01,5.700000e-01,0.0,1.000000e+00,0.000000e+00,0.000000e+00
9.900000e-01,5.700000e-01,0.0,1.000000e+00,0.000000e+00,0.000000e+00
1.000000e+00,5.700000e-01,0.0,1.000000e+00,0.000000e+00,0.000000e+00
0.000000e+00,5.800000e-01,0.0,1.000000e+00,-4.441415e-12,8.971469e-11
1.000000e-02,5.800000e-01,0.0,1.000000e+00,-2.094685e-11,9.565118e-11
2.000000e-02,5.800000e-01,0.0,1.000000e+00,-4.326826e-11,1.258412e-10
3.000000e-02,5.800000e-01,0.0,1.000000e+00,-6.835251e-11,1.775942e-10
4.000000e-02,5.800000e-01,0.0,1.000000e+00,-9.696490e-11,2.528364e-10
5.000000e-02,5.800000e-01,0.0,1.000000e+00,-1.292034e-10,3.535911e-10
6.000000e-02,5.800000e-01,0.0,1.000000e+00,-1.644399e-10,4.814700e-10
7.000000e-02,5.800000e-01,0.0,1.000000e+00,-2.013539e-10,6.371882e-10
8.000000e-02,5.800000e-01,0.0,1.000000e+00,-2.380444e-10,8.201816e-10
9.000000e-02,5.800000e-01,0.0,1.000000e+00,-2.721997e-10,1.028363e-09
1.000000e-01,5.800000e-01,0.0,1.000000e+00,-3.012961e-10,1.258025e-09
1.100000e-01,5.800000e-01,0.0,1.000000e+00,-3.228105e-10,1.503857e-09
1.200000e-01,5.800000e-01,0.0,1.000000e+00,-3.344346e-10,1.759083e-09
1.300000e-01,5.800000e-01,0.0,1.000000e+00,-3.342790e-10,2.015674e-09
1.400000e-01,5.800000e-01,0.0,1.000000e+00,-3.210627e-10,2.264675e-09
1.500000e-01,5.800000e-01,0.0,1.000000e+00,-2.942759e-10,2.496622e-09
1.600000e-01,5.800000e-01,0.0,1.000000e+00,-2.542880e-10,2.702082e-09
1.700000e-01,5.800000e-01,0.0,1.000000e+00,-2.023863e-10,2.872265e-09
1.800000e-01,5.800000e-01,0.0,1.000000e+00,-1.407100e-10,2.999658e-09
1.900000e-01,5.800000e-01,0.0,1.000000e+00,-7.210687e-11,3.078497e-09
2.000000e-01,5.800000e-01,0.0,1.000000e+00,-2.091812e-112,3.104815e-09
2.100000e-01,5.800000e-01,0.0,1.000000e+00,7.210687e-11,3.078497e-09
2.200000e-01,5.800000e-01,0.0,1.000000e+00,1.407100e-10,2.999658e-09
2.300000e-01,5.800000e-01,0.0,1.000000e+00,2.023863e-10,2.872265e-09
2.400000e-01,5.800000e-01,0.0,1.000000e+00,2.542880e-10,2.702082e-09
2.500000e-01,5.800000e-01,0.0,1.000000e+00,2.942759e-10,2.496622e-09
2.600000e-01,5.800000e-01,0.0,1.000000e+00,3.210628e-10,2.264675e-09
2.700000e-01,5.800000e-01,0.0,1.000000e+00,3.342793e-10,2.015674e-09
2.800000e-01,5.800000e-01,0.0,1.000000e+00,3.344360e-10,1.759081e-09
2.900000e-01,5.800000e-01,0.0,1.000000e+00,3.228152e-10,1.503853e-09
3.000000e-01,5.800000e-01,0.0,1.000000e+00,3.013097e-10,1.258012e-09
3.100000e-01,5.800000e-01,0.0,1.000000e+00,2.722379e-10,1.028327e-09
3.200000e-01,5.800000e-01,0.0,1.000000e+00,2.381421e-10,8.200813e-10
3.300000e-01,5.800000e-01,0.0,1.000000e+00,2.015884e-10,6.369268e-10
3.400000e-01,5.800000e-01,0.0,1.000000e+00,1.649733e-10,4.808270e-10
3.500000e-01,5.800000e-01,0.0,1.000000e+00,1.303449e-10,3.521013e-10
3.600000e-01,5.800000e-01,0.0,1.000000e+00,9.927014e-11,2.495843e-10
3.700000e-01,5.800000e-01,0.0,1.000000e+00,7.275219e-11,1.708966e-10
3.800000e-01,5.800000e-01,0.0,1.000000e+00,5.121709e-11,1.128074e-10
3.900000e-01,5.800000e-01,0.0,1.000000e+00,3.457673e-11,7.164770e-11
4.000000e-01,5.800000e-01,0.0,1.000000e+00,2.234928e-11,4.370794e-11
4.100000e-01,5.800000e-01,0.0,1.000000e+00,1.381061e-11,2.556924e-11
4.200000e-01,5.800000e-01,0.0,1.000000e+00,8.148739e-12,1.432373e-11
4.300000e-01,5.800000e-01,0.0,1.000000e+00,4.585369e-12,7.673928e-12
4.400000e-01,5.800000e-01,0.0,1.000000e+00,2.458419e-12,3.927434e-12
4.500000e-01,5.800000e-01,0.0,1.000000e+00,1.254910e-12,1.918325e-12
4.600000e-01,5.800000e-01,0.0,1.000000e+00,6.094087e-13,8.933015e-13
4.700000e-01,5.800000e-01,0.0,1.000000e+00,2.814190e-13,3.961882e-13
4.800000e-01,5.800000e-01,0.0,1.000000e+00,1.232046e-13,1.670167e-13
4.900000e-01,5.800000e-01,0.0,1.000000e+00,5.123536e-14,6.667556e-14
5.000000e-01,5.800000e-01,0.0,1.000000e+00,2.003376e-14,2.526917e-14
5.100000e-01,5.800000e-01,0.0,1.000000e+00,7.478947e-15,9.028087e-15
5.200000e-01,5.800000e-01,0.0,1.000000e+00,2.564122e-15,2.938035e-15
5.300000e-01,5.800000e-01,0.0,1.000000e+00,8.012650e-16,8.012650e-16
5.400000e-01,5.800000e-01,0.0,1.000000e+00,1.068316e-16,1.068316e-16
5.500000e-01,5.800000e-01,0.0,1.000000e+00,0.000000e+00,0.000000e+00
5.600000e-01,5.800000e-01,0.0,1.000000e+00,0.000000e+00,0.000000e+00
5.700000e-01,5.800000e-01,0.0,1.000000e+00,0.000000e+00,0.000000e+00
5.800000e-01,5.800000e-01,0.0,1.000000e+00,0.000000e+00,0.000000e+00
5.900000e-01,5.800000e-01,0.0,1.000000e+00,0.000000e+00,0.000000e+00
6.000000e-01,5.800000e-01,0.0,1.000000e+00,0.000000e+00,0.000000e+00
6.100000e-01,5.800000e-01,0.0,1.000000e+00,0.000000e+00,0.000000e+00
6.200000e-01,5.800000e-01,0.0,1.000000e+00,0.000000e+00,0.000000e+00
6.300000e-01,5.800000e-01,0.0,1.000000e+00,0.000000e+00,0.000000e+00
6.400000e-01,5.800000e-01,0.0,1.000000e+00,0.000000e+00,0.000000e+00
6.500000e-01,5.800000e-01,0.0,1.000000e+00,0.000000e+00,0.000000e+00
6.600000e-01,5.800000e-01,0.0,1.000000e+00,0.000000e+00,0.000000e+00
6.700000e-01,5.800000e-01,0.0,1.000000e+00,0.000000e+00,0.000000e+00
6.800000e-01,5.800000e-01,0.0,1.000000e+00,0.000000e+00,0.000000e+00
6.900000e-01,5.800000e-01,0.0,1.000000e+00,0.000000e+00,0.000000e+00
7.000000e-01,5.800000e-01,0.0,1.000000e+00,0.000000e+00,0.000000e+00
7.100000e-01,5.800000e-01,0.0,1.000000e+00,0.000000e+00,0.000000e+00
7.200000e-01,5.800000e-01,0.0,1.000000e+00,0.000000e+00,0.000000e+00
7.300000e-01,5.800000e-01,0.0,1.000000e+00,0.000000e+00,0.000000e+00
7.400000e-01,5.800000e-01,0.0,1.000000e+00,0.000000e+00,0.000000e+00
7.500000e-01,5.800000e-01,0.0,1.000000e+00,0.000000e+00,0.000000e+00
7.600000e-01,5.800000e-01,0.0,1.000000e+00,0.000000e+00,0.000000e+00
7.700000e-01,5.800000e-01,0.0,1.000000e+00,0.000000e+00,0.000000e+00
7.800000e-01,5.800000e-01,0.0,1.000000e+00,0.000000e+00,0.000000e+00
7.900000e-01,5.800000e-01,0.0,1.000000e+00,0.000000e+00,0.000000e+00
8.000000e-01,5.800000e-01,0.0,1.000000e+00,0.000000e+00,0.000000e+00
8.100000e-01,5.800000e-01,0.0,1.000000e+00,0.000000e+00,0.000000e+00
8.200000e-01,5.800000e-01,0.0,1.000000e+00,0.000000e+00,0.000000e+00
8.300000e-01,5.800000e-01,0.0,1.000000e+00,0.000000e+00,0.000000e+00
8.400000e-01,5.800000e-01,0.0,1.000000e+00,0.000000e+00,0.000000e+00
8.500000e-01,5.800000e-01,0.0,1.000000e+00,0.000000e+00,0.000000e+00
8.600000e-01,5.800000e-01,0.0,1.000000e+00,0.000000e+00,0.000000e+00
8.700000e-01,5.800000e-01,0.0,1.000000e+00,0.000000e+00,0.000000e+00
8.800000e-01,5.800000e-01,0.0,1.000000e+00,0.000000e+00,0.000000e+00
8.900000e-01,5.800000e-01,0.0,1.000000e+00,0.000000e+00,0.000000e+00
9.000000e-01,5.800000e-01,0.0,1.000000e+00,0.000000e+00,0.000000e+00
9.100000e-01,5.800000e-01,0.0,1.000000e+00,0.000000e+00,0.000000e+00
9.200000e-01,5.800000e-01,0.0,1.000000e+00,0.000000e+00,0.000000e+00
9.300000e-01,5.800000e-01,0.0,1.000000e+00,0.000000e+00,0.000000e+00
9.400000e-01,5.800000e-01,0.0,1.000000e+00,0.000000e+00,0.000000e+00
9.500000e-01,5.800000e-01,0.0,1.000000e+00,0.000000e+00,0.000000e+00
9.600000e-01,5.800000e-01,0.0,1.000000e+00,0.000000e+00,0.000000e+00
9.700000e-01,5.800000e-01,0.0,1.000000e+00,0.000000e+00,0.000000e+00
9.800000e-01,5.800000e-01,0.0,1.000000e+00,0.000000e+00,0.000000e+00
9.900000e-01,5.800000e-01,0.0,1.000000e+00,0.000000e+00,0.000000e+00
1.000000e+00,5.800000e-01,0.0,1.000000e+00,0.000000e+00,0.000000e+00
0.000000e+00,5.900000e-01,0.0,1.000000e+00,-2.137058e-12,4.087442e-11
1.000000e-02,5.900000e-01,0.0,1.000000e+00,-9.901255e-12,4.410003e-11
2.000000e-02,5.900000e-01,0.0,1.000000e+00,-2.063687e-11,5.960415e-11
3.000000e-02,5.900000e-01,0.0,1.000000e+00,-3.308427e-11,8.651186e-11
4.000000e-02,5.900000e-01,0.0,1.000000e+00,-4.776450e-11,1.262792e-10
5.000000e-02,5.900000e-01,0.0,1.000000e+00,-6.482957e-11,1.805118e-10
6.000000e-02,5.900000e-01,0.0,1.000000e+00,-8.401368e-11,2.506240e-10
7.000000e-02,5.900000e-01,0.0,1.000000e+00,-1.046314e-10,3.375036e-10
8.000000e-02,5.900000e-01,0.0,1.000000e+00,-1.256239e-10,4.412351e-10
9.000000e-02,5.900000e-01,0.0,1.000000e+00,-1.456481e-10,5.609108e-10
1.000000e-01,5.900000e-01,0.0,1.000000e+00,-1.631895e-10,6.945356e-10
1.100000e-01,5.900000e-01,0.0,1.000000e+00,-1.766962e-10,8.390240e-10
1.200000e-01,5.900000e-01,0.0,1.000000e+00,-1.847178e-10,9.902826e-10
1.300000e-01,5.900000e-01,0.0,1.000000e+00,-1.860424e-10,1.143365e-09
1.400000e-01,5.900000e-01,0.0,1.000000e+00,-1.798211e-10,1.292695e-09
1.500000e-01,5.900000e-01,0.0,1.000000e+00,-1.656726e-10,1.432362e-09
1.600000e-01,5.900000e-01,0.0,1.000000e+00,-1.437515e-10,1.556466e-09
1.700000e-01,5.900000e-01,0.0,1.000000e+00,-1.147733e-10,1.659507e-09
1.800000e-01,5.900000e-01,0.0,1.000000e+00,-7.997873e-11,1.736769e-09
1.900000e-01,5.900000e-01,0.0,1.000000e+00,-4.104889e-11,1.784635e-09
2.000000e-01,5.900000e-01,0.0,1.000000e+00,-5.038010e-124,1.800730e-09
2.100000e-01,5.900000e-01,0.0,1.000000e+00,4.104889e-11,1.784635e-09
2.200000e-01,5.900000e-01,0.0,1.000000e+00,7.997873e-11,1.736769e-09
2.300000e-01,5.900000e-01,0.0,1.000000e+00,1.147733e-10,1.659507e-09
2.400000e-01,5.900000e-01,0.0,1.000000e+00,1.437515e-10,1.556466e-09
2.500000e-01,5.900000e-01,0.0,1.000000e+00,1.656726e-10,1.432362e-09
2.600000e-01,5.900000e-01,0.0,1.000000e+00,1.798211e-10,1.292695e-09
2.700000e-01,5.900000e-01,0.0,1.000000e+00,1.860425e-10,1.143365e-09
2.800000e-01,5.900000e-01,0.0,1.000000e+00,1.847182e-10,9.902820e-10
2.900000e-01,5.900000e-01,0.0,1.000000e+00,1.766974e-10,8.390227e-10
3.000000e-01,5.900000e-01,0.0,1.000000e+00,1.631940e-10,6.945313e-10
3.100000e-01,5.900000e-01,0.0,1.000000e+00,1.456613e-10,5.608976e-10
3.200000e-01,5.900000e-01,0.0,1.000000e+00,1.256590e-10,4.411967e-10
3.300000e-01,5.900000e-01,0.0,1.000000e+00,1.047175e-10,3.374012e-10
3.400000e-01,5.900000e-01,0.0,1.000000e+00,8.421389e-11,2.503674e-10
3.500000e-01,5.900000e-01,0.0,1.000000e+00,6.526955e-11,1.799044e-10
3.600000e-01,5.900000e-01,0.0,1.000000e+00,4.867751e-11,1.249244e-10
3.700000e-01,5.900000e-01,0.0,1.000000e+00,3.487551e-11,8.365928e-11
3.800000e-01,5.900000e-01,0.0,1.000000e+00,2.396509e-11,5.392696e-11
3.900000e-01,5.900000e-01,0.0,1.000000e+00,1.576900e-11,3.339868e-11
4.000000e-01,5.900000e-01,0.0,1.000000e+00,9.921127e-12,1.984124e-11
4.100000e-01,5.900000e-01,0.0,1.000000e+00,5.960158e-12,1.128955e-11
4.200000e-01,5.900000e-01,0.0,1.000000e+00,3.414886e-12,6.144212e-12
4.300000e-01,5.900000e-01,0.0,1.000000e+00,1.864297e-12,3.194793e-12
4.400000e-01,5.900000e-01,0.0,1.000000e+00,9.688017e-13,1.585455e-12
4.500000e-01,5.900000e-01,0.0,1.000000e+00,4.789226e-13,7.499337e-13
4.600000e-01,5.900000e-01,0.0,1.000000e+00,2.250494e-13,3.380537e-13
4.700000e-01,5.900000e-01,0.0,1.000000e+00,1.004974e-13,1.448962e-13
4.800000e-01,5.900000e-01,0.0,1.000000e+00,4.215205e-14,5.887531e-14
4.900000e-01,5.900000e-01,0.0,1.000000e+00,1.698857e-14,2.259804e-14
5.000000e-01,5.900000e-01,0.0,1.000000e+00,6.410482e-15,8.173389e-15
5.100000e-01,5.900000e-01,0.0,1.000000e+00,2.083355e-15,2.670957e-15
5.200000e-01,5.900000e-01,0.0,1.000000e+00,7.478492e-16,8.012650e-16
5.300000e-01,5.900000e-01,0.0,1.000000e+00,1.068316e-16,1.068316e-16
5.400000e-01,5.900000e-01,0.0,1.000000e+00,0.000000e+00,0.000000e+00
5.500000e-01,5.900000e-01,0.0,1.000000e+00,0.000000e+00,0.000000e+00
5.600000e-01,5.900000e-01,0.0,1.000000e+00,0.000000e+00,0.000000e+00
5.700000e-01,5.900000e-01,0.0,1.000000e+00,0.000000e+00,0.000000e+00
5.800000e-01,5.900000e-01,0.0,1.000000e+00,0.000000e+00,0.000000e+00
5.900000e-01,5.900000e-01,0.0,1.000000e+00,0.000000e+00,0.000000e+00
6.000000e-01,5.900000e-01,0.0,1.000000e+00,0.000000e+00,0.000000e+00
6.100000e-01,5.900000e-01,0.0,1.000000e+00,0.000000e+00,0.000000e+00
6.200000e-01,5.900000e-01,0.0,1.000000e+00,0.000000e+00,0.000000e+00
6.300000e-01,5.900000e-01,0.0,1.000000e+00,0.000000e+00,0.000000e+00
6.400000e-01,5.900000e-01,0.0,1.000000e+00,0.000000e+00,0.000000e+00
6.500000e-01,5.900000e-01,0.0,1.000000e+00,0.000000e+00,0.000000e+00
6.600000e-01,5.900000e-01,0.0,1.000000e+00,0.000000e+00,0.000000e+00
6.700000e-01,5.900000e-01,0.0,1.000000e+00,0.000000e+00,0.000000e+00
6.800000e-01,5.900000e-01,0.0,1.000000e+00,0.000000e+00,0.000000e+00
6.900000e-01,5.900000e-01,0.0,1.000000e+00,0.000000e+00,0.000000e+00
7.000000e-01,5.900000e-01,0.0,1.000000e+00,0.000000e+00,0.000000e+00
7.100000e-01,5.900000e-01,0.0,1.000000e+00,0.000000e+00,0.000000e+00
7.200000e-01,5.900000e-01,0.0,1.000000e+00,0.000000e+00,0.000000e+00
7.300000e-01,5.900000e-01,0.0,1.000000e+00,0.000000e+00,0.000000e+00
7.400000e-01,5.900000e-01,0.0,1.000000e+00,0.000000e+00,0.000000e+00
7.500000e-01,5.900000e-01,0.0,1.000000e+00,0.000000e+00,0.000000e+00
7.600000e-01,5.900000e-01,0.0,1.000000e+00,0.000000e+00,0.000000e+00
7.700000e-01,5.900000e-01,0.0,1.000000e+00,0.000000e+00,0.000000e+00
7.800000e-01,5.900000e-01,0.0,1.000000e+00,0.000000e+00,0.000000e+00
7.900000e-01,5.900000e-01,0.0,1.000000e+00,0.000000e+00,0.000000e+00
8.000000e-01,5.900000e-01,0.0,1.000000e+00,0.000000e+00,0.000000e+00
8.100000e-01,5.900000e-01,0.0,1.000000e+00,0.000000e+00,0.000000e+00
8.200000e-01,5.900000e-01,0.0,1.000000e+00,0.000000e+00,0.000000e+00
8.300000e-01,5.900000e-01,0.0,1.000000e+00,0.000000e+00,0.000000e+00
8.400000e-01,5.900000e-01,0.0,1.000000e+00,0.000000e+00,0.000000e+00
8.500000e-01,5.900000e-01,0.0,1.000000e+00,0.000000e+00,0.000000e+00
8.600000e-01,5.900000e-01,0.0,1.000000e+00,0.000000e+00,0.000000e+00
8.700000e-01,5.900000e-01,0.0,1.000000e+00,0.000000e+00,0.000000e+00
8.800000e-01,5.900000e-01,0.0,1.000000e+00,0.000000e+00,0.000000e+00
8.900000e-01,5.900000e-01,0.0,1.000000e+00,0.000000e+00,0.000000e+00
9.000000e-01,5.900000e-01,0.0,1.000000e+00,0.000000e+00,0.000000e+00
9.100000e-01,5.900000e-01,0.0,1.000000e+00,0.000000e+00,0.000000e+00
9.200000e-01,5.900000e-01,0.0,1.000000e+00,0.000000e+00,0.000000e+00
9.300000e-01,5.900000e-01,0.0,1.000000e+00,0.000000e+00,0.000000e+00
9.400000e-01,5.900000e-01,0.0,1.000000e+00,0.000000e+00,0.000000e+00
9.500000e-01,5.900000e-01,0.0,1.000000e+00,0.000000e+00,0.000000e+00
9.600000e-01,5.900000e-01,0.0,1.000000e+00,0.000000e+00,0.000000e+00
9.700000e-01,5.900000e-01,0.0,1.000000e+00,0.000000e+00,0.000000e+00
9.800000e-01,5.900000e-01,0.0,1.000000e+00,0.000000e+00,0.000000e+00
9.900000e-01,5.900000e-01,0.0,1.000000e+00,0.000000e+00,0.000000e+00
1.000000e+00,5.900000e-01,0.0,1.000000e+00,0.000000e+00,0.000000e+00
0.000000e+00,6.000000e-01,0.0,1.000000e+00,-9.790043e-13,1.776134e-11
1.000000e-02,6.000000e-01,0.0,1.000000e+00,-4.460066e-12,1.940543e-11
2.000000e-02,6.000000e-01,0.0,1.000000e+00,-9.392274e-12,2.699024e-11
3.000000e-02,6.000000e-01,0.0,1.000000e+00,-1.530278e-11,4.033605e-11
4.000000e-02,6.000000e-01,0.0,1.000000e+00,-2.251670e-11,6.042210e-11
5.000000e-02,6.000000e-01,0.0,1.000000e+00,-3.117392e-11,8.837013e-11
6.000000e-02,6.000000e-01,0.0,1.000000e+00,-4.119022e-11,1.252408e-10
7.000000e-02,6.000000e-01,0.0,1.000000e+00,-5.224287e-11,1.718194e-10
8.000000e-02,6.000000e-01,0.0,1.000000e+00,-6.378367e-11,2.284303e-10
9.000000e-02,6.000000e-01,0.0,1.000000e+00,-7.507580e-11,2.947925e-10
1.000000e-01,6.000000e-01,0.0,1.000000e+00,-8.525574e-11,3.699366e-10
1.100000e-01,6.000000e-01,0.0,1.000000e+00,-9.340785e-11,4.521814e-10
1.200000e-01,6.000000e-01,0.0,1.000000e+00,-9.865271e-11,5.391721e-10
1.300000e-01,6.000000e-01,0.0,1.000000e+00,-1.002335e-10,6.279743e-10
1.400000e-01,6.000000e-01,0.0,1.000000e+00,-9.759802e-11,7.152172e-10
1.500000e-01,6.000000e-01,0.0,1.000000e+00,-9.046739e-11,7.972866e-10
1.600000e-01,6.000000e-01,0.0,1.000000e+00,-7.888139e-11,8.705491e-10
1.700000e-01,6.000000e-01,0.0,1.000000e+00,-6.321724e-11,9.315970e-10
1.800000e-01,6.000000e-01,0.0,1.000000e+00,-4.417083e-11,9.774928e-10
1.900000e-01,6.000000e-01,0.0,1.000000e+00,-2.270921e-11,1.005976e-09
2.000000e-01,6.000000e-01,0.0,1.000000e+00,-3.627185e-136,1.015593e-09
2.100000e-01,6.000000e-01,0.0,1.000000e+00,2.270921e-11,1.005976e-09
2.200000e-01,6.000000e-01,0.0,1.000000e+00,4.417083e-11,9.774928e-10
2.300000e-01,6.000000e-01,0.0,1.000000e+00,6.321724e-11,9.315970e-10
2.400000e-01,6.000000e-01,0.0,1.000000e+00,7.888139e-11,8.705491e-10
2.500000e-01,6.000000e-01,0.0,1.000000e+00,9.046739e-11,7.972866e-10
2.600000e-01,6.000000e-01,0.0,1.000000e+00,9.759802e-11,7.152172e-10
2.700000e-01,6.000000e-01,0.0,1.000000e+00,1.002335e-10,6.279743e-10
2.800000e-01,6.000000e-01,0.0,1.000000e+00,9.865276e-11,5.391721e-10
2.900000e-01,6.000000e-01,0.0,1.000000e+00,9.340828e-11,4.521810e-10
3.000000e-01,6.000000e-01,0.0,1.000000e+00,8.525729e-11,3.699352e-10
3.100000e-01,6.000000e-01,0.0,1.000000e+00,7.508029e-11,2.947879e-10
3.200000e-01,6.000000e-01,0.0,1.000000e+00,6.379548e-11,2.284167e-10
3.300000e-01,6.000000e-01,0.0,1.000000e+00,5.227263e-11,1.717818e-10
3.400000e-01,6.000000e-01,0.0,1.000000e+00,4.126145e-11,1.251444e-10
3.500000e-01,6.000000e-01,0.0,1.000000e+00,3.133507e-11,8.813626e-11
3.600000e-01,6.000000e-01,0.0,1.000000e+00,2.286065e-11,5.988841e-11
3.700000e-01,6.000000e-01,0.0,1.000000e+00,1.599681e-11,3.918541e-11
3.800000e-01,6.000000e-01,0.0,1.000000e+00,1.072028e-11,2.464346e-11
3.900000e-01,6.000000e-01,0.0,1.000000e+00,6.869567e-12,1.487066e-11
4.000000e-01,6.000000e-01,0.0,1.000000e+00,4.203765e-12,8.596446e-12
4.100000e-01,6.000000e-01,0.0,1.000000e+00,2.453932e-12,4.754068e-12
4.200000e-01,6.000000e-01,0.0,1.000000e+00,1.364726e-12,2.512068e-12
4.300000e-01,6.000000e-01,0.0,1.000000e+00,7.221826e-13,1.266913e-12
4.400000e-01,6.000000e-01,0.0,1.000000e+00,3.637188e-13,6.091885e-13
4.500000e-01,6.000000e-01,0.0,1.000000e+00,1.739698e-13,2.789580e-13
4.600000e-01,6.000000e-01,0.0,1.000000e+00,7.891355e-14,1.214941e-13
4.700000e-01,6.000000e-01,0.0,1.000000e+00,3.392511e-14,5.021925e-14
4.800000e-01,6.000000e-01,0.0,1.000000e+00,1.378283e-14,1.965992e-14
4.900000e-01,6.000000e-01,0.0,1.000000e+00,5.235254e-15,7.372080e-15
5.000000e-01,6.000000e-01,0.0,1.000000e+00,1.976502e-15,2.457284e-15
5.100000e-01,6.000000e-01,0.0,1.000000e+00,6.410176e-16,7.478492e-16
5.200000e-01,6.000000e-01,0.0,1.000000e+00,1.068316e-16,1.068316e-16
5.300000e-01,6.000000e-01,0.0,1.000000e+00,0.000000e+00,0.000000e+00
5.400000e-01,6.000000e-01,0.0,1.000000e+00,0.000000e+00,0.000000e+00
5.500000e-01,6.000000e-01,0.0,1.000000e+00,0.000000e+00,0.000000e+00
5.600000e-01,6.000000e-01,0.0,1.000000e+00,0.000000e+00,0.000000e+00
5.700000e-01,6.000000e-01,0.0,1.000000e+00,0.000000e+00,0.000000e+00
5.800000e-01,6.000000e-01,0.0,1.000000e+00,0.000000e+00,0.000000e+00
5.900000e-01,6.000000e-01,0.0,1.000000e+00,0.000000e+00,0.000000e+00
6.000000e-01,6.000000e-01,0.0,1.000000e+00,0.000000e+00,0.000000e+00
6.100000e-01,6.000000e-01,0.0,1.000000e+00,0.000000e+00,0.000000e+00
6.200000e-01,6.000000e-01,0.0,1.000000e+00,0.000000e+00,0.000000e+00
6.300000e-01,6.000000e-01,0.0,1.000000e+00,0.000000e+00,0.000000e+00
6.400000e-01,6.000000e-01,0.0,1.000000e+00,0.000000e+00,0.000000e+00
6.500000e-01,6.000000e-01,0.0,1.000000e+00,0.000000e+00,0.000000e+00
6.600000e-01,6.000000e-01,0.0,1.000000e+00,0.000000e+00,0.000000e+00
6.700000e-01,6.000000e-01,0.0,1.000000e+00,0.000000e+00,0.000000e+00
6.800000e-01,6.000000e-01,0.0,1.000000e+00,0.000000e+00,0.000000e+00
6.900000e-01,6.000000e-01,0.0,1.000000e+00,0.000000e+00,0.000000e+00
7.000000e-01,6.000000e-01,0.0,1.000000e+00,0.000000e+00,0.000000e+00
7.100000e-01,6.000000e-01,0.0,1.000000e+00,0.000000e+00,0.000000e+00
7.200000e-01,6.000000e-01,0.0,1.000000e+00,0.000000e+00,0.000000e+00
7.300000e-01,6.000000e-01,0.0,1.000000e+00,0.000000e+00,0.000000e+00
7.400000e-01,6.000000e-01,0.0,1.000000e+00,0.000000e+00,0.000000e+00
7.500000e-01,6.000000e-01,0.0,1.000000e+00,0.000000e+00,0.000000e+00
7.600000e-01,6.000000e-01,0.0,1.000000e+00,0.000000e+00,0.000000e+00
7.700000e-01,6.000000e-01,0.0,1.000000e+00,0.000000e+00,0.000000e+00
7.800000e-01,6.000000e-01,0.0,1.000000e+00,0.000000e+00,0.000000e+00
7.900000e-01,6.000000e-01,0.0,1.000000e+00,0.000000e+00,0.000000e+00
8.000000e-01,6.000000e-01,0.0,1.000000e+00,0.000000e+00,0.000000e+00
8.100000e-01,6.000000e-01,0.0,1.000000e+00,0.000000e+00,0.000000e+00
8.200000e-01,6.000000e-01,0.0,1.000000e+00,0.000000e+00,0.000000e+00
8.300000e-01,6.000000e-01,0.0,1.000000e+00,0.000000e+00,0.000000e+00
8.400000e-01,6.000000e-01,0.0,1.000000e+00,0.000000e+00,0.000000e+00
8.500000e-01,6.000000e-01,0.0,1.000000e+00,0.000000e+00,0.000000e+00
8.600000e-01,6.000000e-01,0.0,1.000000e+00,0.000000e+00,0.000000e+00
8.700000e-01,6.000000e-01,0.0,1.000000e+00,0.000000e+00,0.000000e+00
8.800000e-01,6.000000e-01,0.0,1.000000e+00,0.000000e+00,0.000000e+00
8.900000e-01,6.000000e-01,0.0,1.000000e+00,0.000000e+00,0.000000e+00
9.000000e-01,6.000000e-01,0.0,1.000000e+00,0.000000e+00,0.000000e+00
9.100000e-01,6.000000e-01,0.0,1.000000e+00,0.000000e+00,0.000000e+00
9.200000e-01,6.000000e-01,0.0,1.000000e+00,0.000000e+00,0.000000e+00
9.300000e-01,6.000000e-01,0.0,1.000000e+00,0.000000e+00,0.000000e+00
9.400000e-01,6.000000e-01,0.0,1.000000e+00,0.000000e+00,0.000000e+00
9.500000e-01,6.000000e-01,0.0,1.000000e+00,0.000000e+00,0.000000e+00
9.600000e-01,6.000000e-01,0.0,1.000000e+00,0.000000e+00,0.000000e+00
9.700000e-01,6.000000e-01,0.0,1.000000e+00,0.000000e+00,0.000000e+00
9.800000e-01,6.000000e-01,0.0,1.000000e+00,0.000000e+00,0.000000e+00
9.900000e-01,6.000000e-01,0.0,1.000000e+00,0.000000e+00,0.000000e+00
1.000000e+00,6.000000e-01,0.0,1.000000e+00,0.000000e+00,0.000000e+00
0.000000e+00,6.100000e-01,0.0,1.000000e+00,-4.268989e-13,7.354940e-12
1.000000e-02,6.100000e-01,0.0,1.000000e+00,-1.912909e-12,8.144002e-12
2.000000e-02,6.100000e-01,0.0,1.000000e+00,-4.074386e-12,1.167258e-11
3.000000e-02,6.100000e-01,0.0,1.000000e+00,-6.754904e-12,1.797671e-11
4.000000e-02,6.100000e-01,0.0,1.000000e+00,-1.014278e-11,2.765255e-11
5.000000e-02,6.100000e-01,0.0,1.000000e+00,-1.433975e-11,4.140900e-11
6.000000e-02,6.100000e-01,0.0,1.000000e+00,-1.933854e-11,5.995473e-11
7.000000e-02,6.100000e-01,0.0,1.000000e+00,-2.500471e-11,8.387366e-11
8.000000e-02,6.100000e-01,0.0,1.000000e+00,-3.107510e-11,1.135076e-10
9.000000e-02,6.100000e-01,0.0,1.000000e+00,-3.717123e-11,1.488568e-10
1.000000e-01,6.100000e-01,0.0,1.000000e+00,-4.282517e-11,1.895100e-10
1.100000e-01,6.100000e-01,0.0,1.000000e+00,-4.752412e-11,2.346169e-10
1.200000e-01,6.100000e-01,0.0,1.000000e+00,-5.075699e-11,2.828947e-10
1.300000e-01,6.100000e-01,0.0,1.000000e+00,-5.207044e-11,3.326778e-10
1.400000e-01,6.100000e-01,0.0,1.000000e+00,-5.111806e-11,3.820043e-10
1.500000e-01,6.100000e-01,0.0,1.000000e+00,-4.770632e-11,4.287333e-10
1.600000e-01,6.100000e-01,0.0,1.000000e+00,-4.182564e-11,4.706854e-10
1.700000e-01,6.100000e-01,0.0,1.000000e+00,-3.366182e-11,5.057998e-10
1.800000e-01,6.100000e-01,0.0,1.000000e+00,-2.359125e-11,5.322860e-10
1.900000e-01,6.100000e-01,0.0,1.000000e+00,-1.215122e-11,5.487591e-10
2.000000e-01,6.100000e-01,0.0,1.000000e+00,1.173273e-159,5.543367e-10
2.100000e-01,6.100000e-01,0.0,1.000000e+00,1.215122e-11,5.487591e-10
2.200000e-01,6.100000e-01,0.0,1.000000e+00,2.359125e-11,5.322860e-10
2.300000e-01,6.100000e-01,0.0,1.000000e+00,3.366182e-11,5.057998e-10
2.400000e-01,6.100000e-01,0.0,1.000000e+00,4.182564e-11,4.706854e-10
2.500000e-01,6.100000e-01,0.0,1.000000e+00,4.770632e-11,4.287333e-10
2.600000e-01,6.100000e-01,0.0,1.000000e+00,5.111806e-11,3.820043e-10
2.700000e-01,6.100000e-01,0.0,1.000000e+00,5.207044e-11,3.326778e-10
2.800000e-01,6.100000e-01,0.0,1.000000e+00,5.075699e-11,2.828947e-10
2.900000e-01,6.100000e-01,0.0,1.000000e+00,4.752417e-11,2.346169e-10
3.000000e-01,6.100000e-01,0.0,1.000000e+00,4.282560e-11,1.895097e-10
3.100000e-01,6.100000e-01,0.0,1.000000e+00,3.717245e-11,1.488550e-10
3.200000e-01,6.100000e-01,0.0,1.000000e+00,3.107911e-11,1.135031e-10
3.300000e-01,6.100000e-01,0.0,1.000000e+00,2.501465e-11,8.386079e-11
3.400000e-01,6.100000e-01,0.0,1.000000e+00,1.936279e-11,5.992065e-11
3.500000e-01,6.100000e-01,0.0,1.000000e+00,1.439590e-11,4.132410e-11
3.600000e-01,6.100000e-01,0.0,1.000000e+00,1.026567e-11,2.745384e-11
3.700000e-01,6.100000e-01,0.0,1.000000e+00,7.010793e-12,1.753690e-11
3.800000e-01,6.100000e-01,0.0,1.000000e+00,4.578707e-12,1.075221e-11
3.900000e-01,6.100000e-01,0.0,1.000000e+00,2.855822e-12,6.317482e-12
4.000000e-01,6.100000e-01,0.0,1.000000e+00,1.698969e-12,3.551651e-12
4.100000e-01,6.100000e-01,0.0,1.000000e+00,9.628502e-13,1.908023e-12
4.200000e-01,6.100000e-01,0.0,1.000000e+00,5.195509e-13,9.780262e-13
4.300000e-01,6.100000e-01,0.0,1.000000e+00,2.665211e-13,4.780094e-13
4.400000e-01,6.100000e-01,0.0,1.000000e+00,1.299407e-13,2.225905e-13
4.500000e-01,6.100000e-01,0.0,1.000000e+00,5.983927e-14,9.835989e-14
4.600000e-01,6.100000e-01,0.0,1.000000e+00,2.628519e-14,4.129731e-14
4.700000e-01,6.100000e-01,0.0,1.000000e+00,1.105843e-14,1.645397e-14
4.800000e-01,6.100000e-01,0.0,1.000000e+00,4.220177e-15,6.357143e-15
4.900000e-01,6.100000e-01,0.0,1.000000e+00,1.495719e-15,2.190196e-15
5.000000e-01,6.100000e-01,0.0,1.000000e+00,3.205039e-16,7.478492e-16
5.100000e-01,6.100000e-01,0.0,1.000000e+00,5.341578e-17,1.068316e-16
5.200000e-01,6.100000e-01,0.0,1.000000e+00,0.000000e+00,0.000000e+00
5.300000e-01,6.100000e-01,0.0,1.000000e+00,0.000000e+00,0.000000e+00
5.400000e-01,6.100000e-01,0.0,1.000000e+00,0.000000e+00,0.000000e+00
5.500000e-01,6.100000e-01,0.0,1.000000e+00,0.000000e+00,0.000000e+00
5.600000e-01,6.100000e-01,0.0,1.000000e+00,0.000000e+00,0.000000e+00
5.700000e-01,6.100000e-01,0.0,1.000000e+00,0.000000e+00,0.000000e+00
5.800000e-01,6.100000e-01,0.0,1.000000e+00,0.000000e+00,0.000000e+00
5.900000e-01,6.100000e-01,0.0,1.000000e+00,0.000000e+00,0.000000e+00
6.000000e-01,6.100000e-01,0.0,1.000000e+00,0.000000e+00,0.000000e+00
6.100000e-01,6.100000e-01,0.0,1.000000e+00,0.000000e+00,0.000000e+00
6.200000e-01,6.100000e-01,0.0,1.000000e+00,0.000000e+00,0.000000e+00
6.300000e-01,6.100000e-01,0.0,1.000000e+00,0.000000e+00,0.000000e+00
6.400000e-01,6.100000e-01,0.0,1.000000e+00,0.000000e+00,0.000000e+00
6.500000e-01,6.100000e-01,0.0,1.000000e+00,0.000000e+00,0.000000e+00
6.600000e-01,6.100000e-01,0.0,1.000000e+00,0.000000e+00,0.000000e+00
6.700000e-01,6.100000e-01,0.0,1.000000e+00,0.000000e+00,0.000000e+00
6.800000e-01,6.100000e-01,0.0,1.000000e+00,0.000000e+00,0.000000e+00
6.900000e-01,6.100000e-01,0.0,1.000000e+00,0.000000e+00,0.000000e+00
7.000000e-01,6.100000e-01,0.0,1.000000e+00,0.000000e+00,0.000000e+00
7.100000e-01,6.100000e-01,0.0,1.000000e+00,0.000000e+00,0.000000e+00
7.200000e-01,6.100000e-01,0.0,1.000000e+00,0.000000e+00,0.000000e+00
7.300000e-01,6.100000e-01,0.0,1.000000e+00,0.000000e+00,0.000000e+00
7.400000e-01,6.100000e-01,0.0,1.000000e+00,0.000000e+00,0.000000e+00
7.500000e-01,6.100000e-01,0.0,1.000000e+00,0.000000e+00,0.000000e+00
7.600000e-01,6.100000e-01,0.0,1.000000e+00,0.000000e+00,0.000000e+00
7.700000e-01,6.100000e-01,0.0,1.000000e+00,0.000000e+00,0.000000e+00
7.800000e-01,6.100000e-01,0.0,1.000000e+00,0.000000e+00,0.000000e+00
7.900000e-01,6.100000e-01,0.0,1.000000e+00,0.000000e+00,0.000000e+00
8.000000e-01,6.100000e-01,0.0,1.000000e+00,0.000000e+00,0.000000e+00
8.100000e-01,6.100000e-01,0.0,1.000000e+00,0.000000e+00,0.000000e+00
8.200000e-01,6.100000e-01,0.0,1.000000e+00,0.000000e+00,0.000000e+00
8.300000e-01,6.100000e-01,0.0,1.000000e+00,0.000000e+00,0.000000e+00
8.400000e-01,6.100000e-01,0.0,1.000000e+00,0.000000e+00,0.000000e+00
8.500000e-01,6.100000e-01,0.0,1.000000e+00,0.000000e+00,0.000000e+00
8.600000e-01,6.100000e-01,0.0,1.000000e+00,0.000000e+00,0.000000e+00
8.700000e-01,6.100000e-01,0.0,1.000000e+00,0.000000e+00,0.000000e+00
8.800000e-01,6.100000e-01,0.0,1.000000e+00,0.000000e+00,0.000000e+00
8.900000e-01,6.100000e-01,0.0,1.000000e+00,0.000000e+00,0.000000e+00
9.000000e-01,6.100000e-01,0.0,1.000000e+00,0.000000e+00,0.000000e+00
9.100000e-01,6.100000e-01,0.0,1.000000e+00,0.000000e+00,0.000000e+00
9.200000e-01,6.100000e-01,0.0,1.000000e+00,0.000000e+00,0.000000e+00
9.300000e-01,6.100000e-01,0.0,1.000000e+00,0.000000e+00,0.000000e+00
9.400000e-01,6.100000e-01,0.0,1.000000e+00,0.000000e+00,0.000000e+00
9.500000e-01,6.100000e-01,0.0,1.000000e+00,0.000000e+00,0.000000e+00
9.600000e-01,6.100000e-01,0.0,1.000000e+00,0.000000e+00,0.000000e+00
9.700000e-01,6.100000e-01,0.0,1.000000e+00,0.000000e+00,0.000000e+00
9.800000e-01,6.100000e-01,0.0,1.000000e+00,0.000000e+00,0.000000e+00
9.900000e-01,6.100000e-01,0.0,1.000000e+00,0.000000e+00,0.000000e+00
1.000000e+00,6.100000e-01,0.0,1.000000e+00,0.000000e+00,0.000000e+00
0.000000e+00,6.200000e-01,0.0,1.000000e+00,-1.768062e-13,2.900667e-12
1.000000e-02,6.200000e-01,0.0,1.000000e+00,-7.805454e-13,3.257581e-12
2.000000e-02,6.200000e-01,0.0,1.000000e+00,-1.683332e-12,4.817704e-12
3.000000e-02,6.200000e-01,0.0,1.000000e+00,-2.842906e-12,7.650248e-12
4.000000e-02,6.200000e-01,0.0,1.000000e+00,-4.360762e-12,1.208963e-11
5.000000e-02,6.200000e-01,0.0,1.000000e+00,-6.301332e-12,1.854678e-11
6.000000e-02,6.200000e-01,0.0,1.000000e+00,-8.680796e-12,2.745105e-11
7.000000e-02,6.200000e-01,0.0,1.000000e+00,-1.145182e-11,3.918866e-11
8.000000e-02,6.200000e-01,0.0,1.000000e+00,-1.449798e-11,5.402723e-11
9.000000e-02,6.200000e-01,0.0,1.000000e+00,-1.763754e-11,7.205841e-11
1.000000e-01,6.200000e-01,0.0,1.000000e+00,-2.063220e-11,9.314416e-11
1.100000e-01,6.200000e-01,0.0,1.000000e+00,-2.320922e-11,1.168889e-10
1.200000e-01,6.200000e-01,0.0,1.000000e+00,-2.508591e-11,1.426347e-10
1.300000e-01,6.200000e-01,0.0,1.000000e+00,-2.600268e-11,1.694835e-10
1.400000e-01,6.200000e-01,0.0,1.000000e+00,-2.575381e-11,1.963416e-10
1.500000e-01,6.200000e-01,0.0,1.000000e+00,-2.421310e-11,2.219892e-10
1.600000e-01,6.200000e-01,0.0,1.000000e+00,-2.135521e-11,2.451659e-10
1.700000e-01,6.200000e-01,0.0,1.000000e+00,-1.726633e-11,2.646649e-10
1.800000e-01,6.200000e-01,0.0,1.000000e+00,-1.214047e-11,2.794290e-10
1.900000e-01,6.200000e-01,0.0,1.000000e+00,-6.265587e-12,2.886352e-10
2.000000e-01,6.200000e-01,0.0,1.000000e+00,1.967688e-172,2.917589e-10
2.100000e-01,6.200000e-01,0.0,1.000000e+00,6.265587e-12,2.886352e-10
2.200000e-01,6.200000e-01,0.0,1.000000e+00,1.214047e-11,2.794290e-10
2.300000e-01,6.200000e-01,0.0,1.000000e+00,1.726633e-11,2.646649e-10
2.400000e-01,6.200000e-01,0.0,1.000000e+00,2.135521e-11,2.451659e-10
2.500000e-01,6.200000e-01,0.0,1.000000e+00,2.421310e-11,2.219892e-10
2.600000e-01,6.200000e-01,0.0,1.000000e+00,2.575381e-11,1.963416e-10
2.700000e-01,6.200000e-01,0.0,1.000000e+00,2.600268e-11,1.694835e-10
2.800000e-01,6.200000e-01,0.0,1.000000e+00,2.508591e-11,1.426347e-10
2.900000e-01,6.200000e-01,0.0,1.000000e+00,2.320922e-11,1.168889e-10
3.000000e-01,6.200000e-01,0.0,1.000000e+00,2.063242e-11,9.314405e-11
3.100000e-01,6.200000e-01,0.0,1.000000e+00,1.763797e-11,7.205809e-11
3.200000e-01,6.200000e-01,0.0,1.000000e+00,1.449915e-11,5.402595e-11
3.300000e-01,6.200000e-01,0.0,1.000000e+00,1.145498e-11,3.918438e-11
3.400000e-01,6.200000e-01,0.0,1.000000e+00,8.688810e-12,2.743989e-11
3.500000e-01,6.200000e-01,0.0,1.000000e+00,6.320086e-12,1.851740e-11
3.600000e-01,6.200000e-01,0.0,1.000000e+00,4.402116e-12,1.201974e-11
3.700000e-01,6.200000e-01,0.0,1.000000e+00,2.932405e-12,7.491184e-12
3.800000e-01,6.200000e-01,0.0,1.000000e+00,1.865749e-12,4.475093e-12
3.900000e-01,6.200000e-01,0.0,1.000000e+00,1.131982e-12,2.558706e-12
4.000000e-01,6.200000e-01,0.0,1.000000e+00,6.542355e-13,1.398201e-12
4.100000e-01,6.200000e-01,0.0,1.000000e+00,3.598280e-13,7.294378e-13
4.200000e-01,6.200000e-01,0.0,1.000000e+00,1.881863e-13,3.624829e-13
4.300000e-01,6.200000e-01,0.0,1.000000e+00,9.344872e-14,1.715633e-13
4.400000e-01,6.200000e-01,0.0,1.000000e+00,4.413072e-14,7.720320e-14
4.500000e-01,6.200000e-01,0.0,1.000000e+00,1.976687e-14,3.307021e-14
4.600000e-01,6.200000e-01,0.0,1.000000e+00,8.280498e-15,1.324866e-14
4.700000e-01,6.200000e-01,0.0,1.000000e+00,3.418869e-15,4.914625e-15
4.800000e-01,6.200000e-01,0.0,1.000000e+00,1.175211e-15,1.762834e-15
4.900000e-01,6.200000e-01,0.0,1.000000e+00,3.739170e-16,5.341762e-16
5.000000e-01,6.200000e-01,0.0,1.000000e+00,4.065928e-33,1.068316e-16
5.100000e-01,6.200000e-01,0.0,1.000000e+00,0.000000e+00,0.000000e+00
5.200000e-01,6.200000e-01,0.0,1.000000e+00,0.000000e+00,0.000000e+00
5.300000e-01,6.200000e-01,0.0,1.000000e+00,0.000000e+00,0.000000e+00
5.400000e-01,6.200000e-01,0.0,1.000000e+00,0.000000e+00,0.000000e+00
5.500000e-01,6.200000e-01,0.0,1.000000e+00,0.000000e+00,0.000000e+00
5.600000e-01,6.200000e-01,0.0,1.000000e+00,0.000000e+00,0.000000e+00
5.700000e-01,6.200000e-01,0.0,1.000000e+00,0.000000e+00,0.000000e+00
5.800000e-01,6.200000e-01,0.0,1.000000e+00,0.000000e+00,0.000000e+00
5.900000e-01,6.200000e-01,0.0,1.000000e+00,0.000000e+00,0.000000e+00
6.000000e-01,6.200000e-01,0.0,1.000000e+00,0.000000e+00,0.000000e+00
6.100000e-01,6.200000e-01,0.0,1.000000e+00,0.000000e+00,0.000000e+00
6.200000e-01,6.200000e-01,0.0,1.000000e+00,0.000000e+00,0.000000e+00
6.300000e-01,6.200000e-01,0.0,1.000000e+00,0.000000e+00,0.000000e+00
6.400000e-01,6.200000e-01,0.0,1.000000e+00,0.000000e+00,0.000000e+00
6.500000e-01,6.200000e-01,0.0,1.000000e+00,0.000000e+00,0.000000e+00
6.600000e-01,6.200000e-01,0.0,1.000000e+00,0.000000e+00,0.000000e+00
6.700000e-01,6.200000e-01,0.0,1.000000e+00,0.000000e+00,0.000000e+00
6.800000e-01,6.200000e-01,0.0,1.000000e+00,0.000000e+00,0.000000e+00
6.900000e-01,6.200000e-01,0.0,1.000000e+00,0.000000e+00,0.000000e+00
7.000000e-01,6.200000e-01,0.0,1.000000e+00,0.000000e+00,0.000000e+00
7.100000e-01,6.200000e-01,0.0,1.000000e+00,0.000000e+00,0.000000e+00
7.200000e-01,6.200000e-01,0.0,1.000000e+00,0.000000e+00,0.000000e+00
7.300000e-01,6.200000e-01,0.0,1.000000e+00,0.000000e+00,0.000000e+00
7.400000e-01,6.200000e-01,0.0,1.000000e+00,0.000000e+00,0.000000e+00
7.500000e-01,6.200000e-01,0.0,1.000000e+00,0.000000e+00,0.000000e+00
7.600000e-01,6.200000e-01,0.0,1.000000e+00,0.000000e+00,0.000000e+00
7.700000e-01,6.200000e-01,0.0,1.000000e+00,0.000000e+00,0.000000e+00
7.800000e-01,6.200000e-01,0.0,1.000000e+00,0.000000e+00,0.000000e+00
7.900000e-01,6.200000e-01,0.0,1.000000e+00,0.000000e+00,0.000000e+00
8.000000e-01,6.200000e-01,0.0,1.000000e+00,0.000000e+00,0.000000e+00
8.100000e-01,6.200000e-01,0.0,1.000000e+00,0.000000e+00,0.000000e+00
8.200000e-01,6.200000e-01,0.0,1.000000e+00,0.000000e+00,0.000000e+00
8.300000e-01,6.200000e-01,0.0,1.000000e+00,0.000000e+00,0.000000e+00
8.400000e-01,6.200000e-01,0.0,1.000000e+00,0.000000e+00,0.000000e+00
8.500000e-01,6.200000e-01,0.0,1.000000e+00,0.000000e+00,0.000000e+00
8.600000e-01,6.200000e-01,0.0,1.000000e+00,0.000000e+00,0.000000e+00
8.700000e-01,6.200000e-01,0.0,1.000000e+00,0.000000e+00,0.000000e+00
8.800000e-01,6.200000e-01,0.0,1.000000e+00,0.000000e+00,0.000000e+00
8.900000e-01,6.200000e-01,0.0,1.000000e+00,0.000000e+00,0.000000e+00
9.000000e-01,6.200000e-01,0.0,1.000000e+00,0.000000e+00,0.000000e+00
9.100000e-01,6.200000e-01,0.0,1.000000e+00,0.000000e+00,0.000000e+00
9.200000e-01,6.200000e-01,0.0,1.000000e+00,0.000000e+00,0.000000e+00
9.300000e-01,6.200000e-01,0.0,1.000000e+00,0.000000e+00,0.000000e+00
9.400000e-01,6.200000e-01,0.0,1.000000e+00,0.000000e+00,0.000000e+00
9.500000e-01,6.200000e-01,0.0,1.000000e+00,0.000000e+00,0.000000e+00
9.600000e-01,6.200000e-01,0.0,1.000000e+00,0.000000e+00,0.000000e+00
9.700000e-01,6.200000e-01,0.0,1.000000e+00,0.000000e+00,0.000000e+00
9.800000e-01,6.200000e-01,0.0,1.000000e+00,0.000000e+00,0.000000e+00
9.900000e-01,6.200000e-01,0.0,1.000000e+00,0.000000e+00,0.000000e+00
1.000000e+00,6.200000e-01,0.0,1.000000e+00,0.000000e+00,0.000000e+00
0.000000e+00,6.300000e-01,0.0,1.000000e+00,-6.965417e-14,1.088887e-12
1.000000e-02,6.300000e-01,0.0,1.000000e+00,-3.027861e-13,1.241372e-12
2.000000e-02,6.300000e-01,0.0,1.000000e+00,-6.619698e-13,1.896085e-12
3.000000e-02,6.300000e-01,0.0,1.000000e+00,-1.140112e-12,3.106387e-12
4.000000e-02,6.300000e-01,0.0,1.000000e+00,-1.788013e-12,5.044771e-12
5.000000e-02,6.300000e-01,0.0,1.000000e+00,-2.642763e-12,7.931523e-12
6.000000e-02,6.300000e-01,0.0,1.000000e+00,-3.721149e-12,1.200735e-11
7.000000e-02,6.300000e-01,0.0,1.000000e+00,-5.011591e-12,1.750177e-11
8.000000e-02,6.300000e-01,0.0,1.000000e+00,-6.467569e-12,2.459573e-11
9.000000e-02,6.300000e-01,0.0,1.000000e+00,-8.007153e-12,3.338416e-11
1.000000e-01,6.300000e-01,0.0,1.000000e+00,-9.516201e-12,4.384206e-11
1.100000e-01,6.300000e-01,0.0,1.000000e+00,-1.085804e-11,5.580556e-11
1.200000e-01,6.300000e-01,0.0,1.000000e+00,-1.188393e-11,6.895829e-11
1.300000e-01,6.300000e-01,0.0,1.000000e+00,-1.245368e-11,8.284086e-11
1.400000e-01,6.300000e-01,0.0,1.000000e+00,-1.245019e-11,9.687300e-11
1.500000e-01,6.300000e-01,0.0,1.000000e+00,-1.179747e-11,1.103901e-10
1.600000e-01,6.300000e-01,0.0,1.000000e+00,-1.047133e-11,1.226933e-10
1.700000e-01,6.300000e-01,0.0,1.000000e+00,-8.507874e-12,1.331025e-10
1.800000e-01,6.300000e-01,0.0,1.000000e+00,-6.002989e-12,1.410178e-10
1.900000e-01,6.300000e-01,0.0,1.000000e+00,-3.104905e-12,1.459671e-10
2.000000e-01,6.300000e-01,0.0,1.000000e+00,1.220143e-185,1.476496e-10
2.100000e-01,6.300000e-01,0.0,1.000000e+00,3.104905e-12,1.459671e-10
2.200000e-01,6.300000e-01,0.0,1.000000e+00,6.002989e-12,1.410178e-10
2.300000e-01,6.300000e-01,0.0,1.000000e+00,8.507874e-12,1.331025e-10
2.400000e-01,6.300000e-01,0.0,1.000000e+00,1.047133e-11,1.226933e-10
2.500000e-01,6.300000e-01,0.0,1.000000e+00,1.179747e-11,1.103901e-10
2.600000e-01,6.300000e-01,0.0,1.000000e+00,1.245019e-11,9.687300e-11
2.700000e-01,6.300000e-01,0.0,1.000000e+00,1.245368e-11,8.284086e-11
2.800000e-01,6.300000e-01,0.0,1.000000e+00,1.188393e-11,6.895829e-11
2.900000e-01,6.300000e-01,0.0,1.000000e+00,1.085804e-11,5.580556e-11
3.000000e-01,6.300000e-01,0.0,1.000000e+00,9.516361e-12,4.384206e-11
3.100000e-01,6.300000e-01,0.0,1.000000e+00,8.007367e-12,3.338400e-11
3.200000e-01,6.300000e-01,0.0,1.000000e+00,6.467890e-12,2.459541e-11
3.300000e-01,6.300000e-01,0.0,1.000000e+00,5.012553e-12,1.750038e-11
3.400000e-01,6.300000e-01,0.0,1.000000e+00,3.723714e-12,1.200367e-11
3.500000e-01,6.300000e-01,0.0,1.000000e+00,2.648641e-12,7.921531e-12
3.600000e-01,6.300000e-01,0.0,1.000000e+00,1.801370e-12,5.021369e-12
3.700000e-01,6.300000e-01,0.0,1.000000e+00,1.169869e-12,3.051676e-12
3.800000e-01,6.300000e-01,0.0,1.000000e+00,7.245889e-13,1.775384e-12
3.900000e-01,6.300000e-01,0.0,1.000000e+00,4.274413e-13,9.874061e-13
4.000000e-01,6.300000e-01,0.0,1.000000e+00,2.399165e-13,5.244040e-13
4.100000e-01,6.300000e-01,0.0,1.000000e+00,1.277541e-13,2.655012e-13
4.200000e-01,6.300000e-01,0.0,1.000000e+00,6.464857e-14,1.279635e-13
4.300000e-01,6.300000e-01,0.0,1.000000e+00,3.104149e-14,5.860952e-14
4.400000e-01,6.300000e-01,0.0,1.000000e+00,1.442455e-14,2.543022e-14
4.500000e-01,6.300000e-01,0.0,1.000000e+00,6.143474e-15,1.057771e-14
4.600000e-01,6.300000e-01,0.0,1.000000e+00,2.403871e-15,3.953084e-15
4.700000e-01,6.300000e-01,0.0,1.000000e+00,9.615362e-16,1.442296e-15
4.800000e-01,6.300000e-01,0.0,1.000000e+00,3.204980e-16,4.273328e-16
4.900000e-01,6.300000e-01,0.0,1.000000e+00,1.318056e-33,0.000000e+00
5.000000e-01,6.300000e-01,0.0,1.000000e+00,0.000000e+00,0.000000e+00
5.100000e-01,6.300000e-01,0.0,1.000000e+00,0.000000e+00,0.000000e+00
5.200000e-01,6.300000e-01,0.0,1.000000e+00,0.000000e+00,0.000000e+00
5.300000e-01,6.300000e-01,0.0,1.000000e+00,0.000000e+00,0.000000e+00
5.400000e-01,6.300000e-01,0.0,1.000000e+00,0.000000e+00,0.000000e+00
5.500000e-01,6.300000e-01,0.0,1.000000e+00,0.000000e+00,0.000000e+00
5.600000e-01,6.300000e-01,0.0,1.000000e+00,0.000000e+00,0.000000e+00
5.700000e-01,6.300000e-01,0.0,1.000000e+00,0.000000e+00,0.000000e+00
5.800000e-01,6.300000e-01,0.0,1.000000e+00,0.000000e+00,0.000000e+00
5.900000e-01,6.300000e-01,0.0,1.000000e+00,0.000000e+00,0.000000e+00
6.000000e-01,6.300000e-01,0.0,1.000000e+00,0.000000e+00,0.000000e+00
6.100000e-01,6.300000e-01,0.0,1.000000e+00,0.000000e+00,0.000000e+00
6.200000e-01,6.300000e-01,0.0,1.000000e+00,0.000000e+00,0.000000e+00
6.300000e-01,6.300000e-01,0.0,1.000000e+00,0.000000e+00,0.000000e+00
6.400000e-01,6.300000e-01,0.0,1.000000e+00,0.000000e+00,0.000000e+00
6.500000e-01,6.300000e-01,0.0,1.000000e+00,0.000000e+00,0.000000e+00
6.600000e-01,6.300000e-01,0.0,1.000000e+00,0.000000e+00,0.000000e+00
6.700000e-01,6.300000e-01,0.0,1.000000e+00,0.000000e+00,0.000000e+00
6.800000e-01,6.300000e-01,0.0,1.000000e+00,0.000000e+00,0.000000e+00
6.900000e-01,6.300000e-01,0.0,1.000000e+00,0.000000e+00,0.000000e+00
7.000000e-01,6.300000e-01,0.0,1.000000e+00,0.000000e+00,0.000000e+00
7.100000e-01,6.300000e-01,0.0,1.000000e+00,0.000000e+00,0.000000e+00
7.200000e-01,6.300000e-01,0.0,1.000000e+00,0.000000e+00,0.000000e+00
7.300000e-01,6.300000e-01,0.0,1.000000e+00,0.000000e+00,0.000000e+00
7.400000e-01,6.300000e-01,0.0,1.000000e+00,0.000000e+00,0.000000e+00
7.500000e-01,6.300000e-01,0.0,1.000000e+00,0.000000e+00,0.000000e+00
7.600000e-01,6.300000e-01,0.0,1.000000e+00,0.000000e+00,0.000000e+00
7.700000e-01,6.300000e-01,0.0,1.000000e+00,0.000000e+00,0.000000e+00
7.800000e-01,6.300000e-01,0.0,1.000000e+00,0.000000e+00,0.000000e+00
7.900000e-01,6.300000e-01,0.0,1.000000e+00,0.000000e+00,0.000000e+00
8.000000e-01,6.300000e-01,0.0,1.000000e+00,0.000000e+00,0.000000e+00
8.100000e-01,6.300000e-01,0.0,1.000000e+00,0.000000e+00,0.000000e+00
8.200000e-01,6.300000e-01,0.0,1.000000e+00,0.000000e+00,0.000000e+00
8.300000e-01,6.300000e-01,0.0,1.000000e+00,0.000000e+00,0.000000e+00
8.400000e-01,6.300000e-01,0.0,1.000000e+00,0.000000e+00,0.000000e+00
8.500000e-01,6.300000e-01,0.0,1.000000e+00,0.000000e+00,0.000000e+00
8.600000e-01,6.300000e-01,0.0,1.000000e+00,0.000000e+00,0.000000e+00
8.700000e-01,6.300000e-01,0.0,1.000000e+00,0.000000e+00,0.000000e+00
8.800000e-01,6.300000e-01,0.0,1.000000e+00,0.000000e+00,0.000000e+00
8.900000e-01,6.300000e-01,0.0,1.000000e+00,0.000000e+00,0.000000e+00
9.000000e-01,6.300000e-01,0.0,1.000000e+00,0.000000e+00,0.000000e+00
9.100000e-01,6.300000e-01,0.0,1.000000e+00,0.000000e+00,0.000000e+00
9.200000e-01,6.300000e-01,0.0,1.000000e+00,0.000000e+00,0.000000e+00
9.300000e-01,6.300000e-01,0.0,1.000000e+00,0.000000e+00,0.000000e+00
9.400000e-01,6.300000e-01,0.0,1.000000e+00,0.000000e+00,0.000000e+00
9.500000e-01,6.300000e-01,0.0,1.000000e+00,0.000000e+00,0.000000e+00
9.600000e-01,6.300000e-01,0.0,1.000000e+00,0.000000e+00,0.000000e+00
9.700000e-01,6.300000e-01,0.0,1.000000e+00,0.000000e+00,0.000000e+00
9.800000e-01,6.300000e-01,0.0,1.000000e+00,0.000000e+00,0.000000e+00
9.900000e-01,6.300000e-01,0.0,1.000000e+00,0.000000e+00,0.000000e+00
1.000000e+00,6.300000e-01,0.0,1.000000e+00,0.000000e+00,0.000000e+00
0.000000e+00,6.400000e-01,0.0,1.000000e+00,-2.606690e-14,3.889807e-13
1.000000e-02,6.400000e-01,0.0,1.000000e+00,-1.117857e-13,4.505441e-13
2.000000e-02,6.400000e-01,0.0,1.000000e+00,-2.475179e-13,7.114419e-13
3.000000e-02,6.400000e-01,0.0,1.000000e+00,-4.351527e-13,1.202692e-12
4.000000e-02,6.400000e-01,0.0,1.000000e+00,-6.985379e-13,2.007605e-12
5.000000e-02,6.400000e-01,0.0,1.000000e+00,-1.057034e-12,3.235856e-12
6.000000e-02,6.400000e-01,0.0,1.000000e+00,-1.522103e-12,5.012773e-12
7.000000e-02,6.400000e-01,0.0,1.000000e+00,-2.093716e-12,7.463886e-12
8.000000e-02,6.400000e-01,0.0,1.000000e+00,-2.755538e-12,1.069729e-11
9.000000e-02,6.400000e-01,0.0,1.000000e+00,-3.473751e-12,1.478366e-11
1.000000e-01,6.400000e-01,0.0,1.000000e+00,-4.196398e-12,1.973507e-11
1.100000e-01,6.400000e-01,0.0,1.000000e+00,-4.858615e-12,2.549258e-11
1.200000e-01,6.400000e-01,0.0,1.000000e+00,-5.387494e-12,3.191513e-11
1.300000e-01,6.400000e-01,0.0,1.000000e+00,-5.710277e-12,3.878035e-11
1.400000e-01,6.400000e-01,0.0,1.000000e+00,-5.764831e-12,4.579633e-11
1.500000e-01,6.400000e-01,0.0,1.000000e+00,-5.507401e-12,5.261784e-11
1.600000e-01,6.400000e-01,0.0,1.000000e+00,-4.921047e-12,5.887444e-11
1.700000e-01,6.400000e-01,0.0,1.000000e+00,-4.018779e-12,6.419987e-11
1.800000e-01,6.400000e-01,0.0,1.000000e+00,-2.846215e-12,6.826782e-11
1.900000e-01,6.400000e-01,0.0,1.000000e+00,-1.475251e-12,7.081921e-11
2.000000e-01,6.400000e-01,0.0,1.000000e+00,2.360110e-199,7.168804e-11
2.100000e-01,6.400000e-01,0.0,1.000000e+00,1.475251e-12,7.081921e-11
2.200000e-01,6.400000e-01,0.0,1.000000e+00,2.846215e-12,6.826782e-11
2.300000e-01,6.400000e-01,0.0,1.000000e+00,4.018779e-12,6.419987e-11
2.400000e-01,6.400000e-01,0.0,1.000000e+00,4.921047e-12,5.887444e-11
2.500000e-01,6.400000e-01,0.0,1.000000e+00,5.507401e-12,5.261784e-11
2.600000e-01,6.400000e-01,0.0,1.000000e+00,5.764831e-12,4.579633e-11
2.700000e-01,6.400000e-01,0.0,1.000000e+00,5.710277e-12,3.878035e-11
2.800000e-01,6.400000e-01,0.0,1.000000e+00,5.387494e-12,3.191513e-11
2.900000e-01,6.400000e-01,0.0,1.000000e+00,4.858615e-12,2.549258e-11
3.000000e-01,6.400000e-01,0.0,1.000000e+00,4.196398e-12,1.973507e-11
3.100000e-01,6.400000e-01,0.0,1.000000e+00,3.473751e-12,1.478356e-11
3.200000e-01,6.400000e-01,0.0,1.000000e+00,2.755592e-12,1.069723e-11
3.300000e-01,6.400000e-01,0.0,1.000000e+00,2.094037e-12,7.463405e-12
3.400000e-01,6.400000e-01,0.0,1.000000e+00,1.522905e-12,5.011811e-12
3.500000e-01,6.400000e-01,0.0,1.000000e+00,1.058798e-12,3.233024e-12
3.600000e-01,6.400000e-01,0.0,1.000000e+00,7.028122e-13,2.000017e-12
3.700000e-01,6.400000e-01,0.0,1.000000e+00,4.447683e-13,1.184474e-12
3.800000e-01,6.400000e-01,0.0,1.000000e+00,2.682471e-13,6.706237e-13
3.900000e-01,6.400000e-01,0.0,1.000000e+00,1.538871e-13,3.622777e-13
4.000000e-01,6.400000e-01,0.0,1.000000e+00,8.377871e-14,1.867953e-13
4.100000e-01,6.400000e-01,0.0,1.000000e+00,4.306252e-14,9.179052e-14
4.200000e-01,6.400000e-01,0.0,1.000000e+00,2.083585e-14,4.290226e-14
4.300000e-01,6.400000e-01,0.0,1.000000e+00,9.723030e-15,1.901899e-14
4.400000e-01,6.400000e-01,0.0,1.000000e+00,4.220311e-15,7.746089e-15
4.500000e-01,6.400000e-01,0.0,1.000000e+00,1.869670e-15,3.044942e-15
4.600000e-01,6.400000e-01,0.0,1.000000e+00,7.478459e-16,1.282049e-15
4.700000e-01,6.400000e-01,0.0,1.000000e+00,1.068349e-16,3.739170e-16
4.800000e-01,6.400000e-01,0.0,1.000000e+00,3.295060e-34,0.000000e+00
4.900000e-01,6.400000e-01,0.0,1.000000e+00,0.000000e+00,0.000000e+00
5.000000e-01,6.400000e-01,0.0,1.000000e+00,0.000000e+00,0.000000e+00
5.100000e-01,6.400000e-01,0.0,1.000000e+00,0.000000e+00,0.000000e+00
5.200000e-01,6.400000e-01,0.0,1.000000e+00,0.000000e+00,0.000000e+00
5.300000e-01,6.400000e-01,0.0,1.000000e+00,0.000000e+00,0.000000e+00
5.400000e-01,6.400000e-01,0.0,1.000000e+00,0.000000e+00,0.000000e+00
5.500000e-01,6.400000e-01,0.0,1.000000e+00,0.000000e+00,0.000000e+00
5.600000e-01,6.400000e-01,0.0,1.000000e+00,0.000000e+00,0.000000e+00
5.700000e-01,6.400000e-01,0.0,1.000000e+00,0.000000e+00,0.000000e+00
5.800000e-01,6.400000e-01,0.0,1.000000e+00,0.000000e+00,0.000000e+00
5.900000e-01,6.400000e-01,0.0,1.000000e+00,0.000000e+00,0.000000e+00
6.000000e-01,6.400000e-01,0.0,1.000000e+00,0.000000e+00,0.000000e+00
6.100000e-01,6.400000e-01,0.0,1.000000e+00,0.000000e+00,0.000000e+00
6.200000e-01,6.400000e-01,0.0,1.000000e+00,0.000000e+00,0.000000e+00
6.300000e-01,6.400000e-01,0.0,1.000000e+00,0.000000e+00,0.000000e+00
6.400000e-01,6.400000e-01,0.0,1.000000e+00,0.000000e+00,0.000000e+00
6.500000e-01,6.400000e-01,0.0,1.000000e+00,0.000000e+00,0.000000e+00
6.600000e-01,6.400000e-01,0.0,1.000000e+00,0.000000e+00,0.000000e+00
6.700000e-01,6.400000e-01,0.0,1.000000e+00,0.000000e+00,0.000000e+00
6.800000e-01,6.400000e-01,0.0,1.000000e+00,0.000000e+00,0.000000e+00
6.900000e-01,6.400000e-01,0.0,1.000000e+00,0.000000e+00,0.000000e+00
7.000000e-01,6.400000e-01,0.0,1.000000e+00,0.000000e+00,0.000000e+00
7.100000e-01,6.400000e-01,0.0,1.000000e+00,0.000000e+00,0.000000e+00
7.200000e-01,6.400000e-01,0.0,1.000000e+00,0.000000e+00,0.000000e+00
7.300000e-01,6.400000e-01,0.0,1.000000e+00,0.000000e+00,0.000000e+00
7.400000e-01,6.400000e-01,0.0,1.000000e+00,0.000000e+00,0.000000e+00
7.500000e-01,6.400000e-01,0.0,1.000000e+00,0.000000e+00,0.000000e+00
7.600000e-01,6.400000e-01,0.0,1.000000e+00,0.000000e+00,0.000000e+00
7.700000e-01,6.400000e-01,0.0,1.000000e+00,0.000000e+00,0.000000e+00
7.800000e-01,6.400000e-01,0.0,1.000000e+00,0.000000e+00,0.000000e+00
7.900000e-01,6.400000e-01,0.0,1.000000e+00,0.000000e+00,0.000000e+00
8.000000e-01,6.400000e-01,0.0,1.000000e+00,0.000000e+00,0.000000e+00
8.100000e-01,6.400000e-01,0.0,1.000000e+00,0.000000e+00,0.000000e+00
8.200000e-01,6.400000e-01,0.0,1.000000e+00,0.000000e+00,0.000000e+00
8.300000e-01,6.400000e-01,0.0,1.000000e+00,0.000000e+00,0.000000e+00
8.400000e-01,6.400000e-01,0.0,1.000000e+00,0.000000e+00,0.000000e+00
8.500000e-01,6.400000e-01,0.0,1.000000e+00,0.000000e+00,0.000000e+00
8.600000e-01,6.400000e-01,0.0,1.000000e+00,0.000000e+00,0.000000e+00
8.700000e-01,6.400000e-01,0.0,1.000000e+00,0.000000e+00,0.000000e+00
8.800000e-01,6.400000e-01,0.0,1.000000e+00,0.000000e+00,0.000000e+00
8.900000e-01,6.400000e-01,0.0,1.000000e+00,0.000000e+00,0.000000e+00
9.000000e-01,6.400000e-01,0.0,1.000000e+00,0.000000e+00,0.000000e+00
9.100000e-01,6.400000e-01,0.0,1.000000e+00,0.000000e+00,0.000000e+00
9.200000e-01,6.400000e-01,0.0,1.000000e+00,0.000000e+00,0.000000e+00
9.300000e-01,6.400000e-01,0.0,1.000000e+00,0.000000e+00,0.000000e+00
9.400000e-01,6.400000e-01,0.0,1.000000e+00,0.000000e+00,0.000000e+00
9.500000e-01,6.400000e-01,0.0,1.000000e+00,0.000000e+00,0.000000e+00
9.600000e-01,6.400000e-01,0.0,1.000000e+00,0.000000e+00,0.000000e+00
9.700000e-01,6.400000e-01,0.0,1.000000e+00,0.000000e+00,0.000000e+00
9.800000e-01,6.400000e-01,0.0,1.000000e+00,0.000000e+00,0.000000e+00
9.900000e-01,6.400000e-01,0.0,1.000000e+00,0.000000e+00,0.000000e+00
1.000000e+00,6.400000e-01,0.0,1.000000e+00,0.000000e+00,0.000000e+00
0.000000e+00,6.500000e-01,0.0,1.000000e+00,-9.401176e-15,1.320741e-13
1.000000e-02,6.500000e-01,0.0,1.000000e+00,-3.937825e-14,1.555868e-13
2.000000e-02,6.500000e-01,0.0,1.000000e+00,-8.789580e-14,2.545511e-13
3.000000e-02,6.500000e-01,0.0,1.000000e+00,-1.577400e-13,4.435093e-13
4.000000e-02,6.500000e-01,0.0,1.000000e+00,-2.599707e-13,7.613809e-13
5.000000e-02,6.500000e-01,0.0,1.000000e+00,-4.027739e-13,1.258687e-12
6.000000e-02,6.500000e-01,0.0,1.000000e+00,-5.935878e-13,1.996012e-12
7.000000e-02,6.500000e-01,0.0,1.000000e+00,-8.343970e-13,3.037007e-12
8.000000e-02,6.500000e-01,0.0,1.000000e+00,-1.120450e-12,4.441007e-12
9.000000e-02,6.500000e-01,0.0,1.000000e+00,-1.438830e-12,6.251804e-12
1.000000e-01,6.500000e-01,0.0,1.000000e+00,-1.767563e-12,8.486955e-12
1.100000e-01,6.500000e-01,0.0,1.000000e+00,-2.077297e-12,1.113011e-11
1.200000e-01,6.500000e-01,0.0,1.000000e+00,-2.334356e-12,1.412284e-11
1.300000e-01,6.500000e-01,0.0,1.000000e+00,-2.503531e-12,1.736431e-11
1.400000e-01,6.500000e-01,0.0,1.000000e+00,-2.552998e-12,2.071540e-11
1.500000e-01,6.500000e-01,0.0,1.000000e+00,-2.459906e-12,2.400497e-11
1.600000e-01,6.500000e-01,0.0,1.000000e+00,-2.213441e-12,2.704639e-11
1.700000e-01,6.500000e-01,0.0,1.000000e+00,-1.817217e-12,2.965194e-11
1.800000e-01,6.500000e-01,0.0,1.000000e+00,-1.291660e-12,3.165165e-11
1.900000e-01,6.500000e-01,0.0,1.000000e+00,-6.708930e-13,3.290980e-11
2.000000e-01,6.500000e-01,0.0,1.000000e+00,1.010027e-213,3.333900e-11
2.100000e-01,6.500000e-01,0.0,1.000000e+00,6.708930e-13,3.290980e-11
2.200000e-01,6.500000e-01,0.0,1.000000e+00,1.291660e-12,3.165165e-11
2.300000e-01,6.500000e-01,0.0,1.000000e+00,1.817217e-12,2.965194e-11
2.400000e-01,6.500000e-01,0.0,1.000000e+00,2.213441e-12,2.704639e-11
2.500000e-01,6.500000e-01,0.0,1.000000e+00,2.459906e-12,2.400497e-11
2.600000e-01,6.500000e-01,0.0,1.000000e+00,2.552998e-12,2.071540e-11
2.700000e-01,6.500000e-01,0.0,1.000000e+00,2.503531e-12,1.736431e-11
2.800000e-01,6.500000e-01,0.0,1.000000e+00,2.334356e-12,1.412284e-11
2.900000e-01,6.500000e-01,0.0,1.000000e+00,2.077297e-12,1.113011e-11
3.000000e-01,6.500000e-01,0.0,1.000000e+00,1.767563e-12,8.486955e-12
3.100000e-01,6.500000e-01,0.0,1.000000e+00,1.438884e-12,6.251804e-12
3.200000e-01,6.500000e-01,0.0,1.000000e+00,1.120664e-12,4.440900e-12
3.300000e-01,6.500000e-01,0.0,1.000000e+00,8.348245e-13,3.037007e-12
3.400000e-01,6.500000e-01,0.0,1.000000e+00,5.938015e-13,1.995692e-12
3.500000e-01,6.500000e-01,0.0,1.000000e+00,4.028806e-13,1.257939e-12
3.600000e-01,6.500000e-01,0.0,1.000000e+00,2.608254e-13,7.591365e-13
3.700000e-01,6.500000e-01,0.0,1.000000e+00,1.607851e-13,4.377394e-13
3.800000e-01,6.500000e-01,0.0,1.000000e+00,9.436055e-14,2.411413e-13
3.900000e-01,6.500000e-01,0.0,1.000000e+00,5.257503e-14,1.264158e-13
4.000000e-01,6.500000e-01,0.0,1.000000e+00,2.815566e-14,6.309814e-14
4.100000e-01,6.500000e-01,0.0,1.000000e+00,1.389017e-14,2.986500e-14
4.200000e-01,6.500000e-01,0.0,1.000000e+00,6.303747e-15,1.340944e-14
4.300000e-01,6.500000e-01,0.0,1.000000e+00,2.724417e-15,5.822976e-15
4.400000e-01,6.500000e-01,0.0,1.000000e+00,1.228630e-15,2.297030e-15
4.500000e-01,6.500000e-01,0.0,1.000000e+00,5.875927e-16,8.546840e-16
4.600000e-01,6.500000e-01,0.0,1.000000e+00,5.341578e-17,2.136697e-16
4.700000e-01,6.500000e-01,0.0,1.000000e+00,3.295060e-34,0.000000e+00
4.800000e-01,6.500000e-01,0.0,1.000000e+00,0.000000e+00,0.000000e+00
4.900000e-01,6.500000e-01,0.0,1.000000e+00,0.000000e+00,0.000000e+00
5.000000e-01,6.500000e-01,0.0,1.000000e+00,0.000000e+00,0.000000e+00
5.100000e-01,6.500000e-01,0.0,1.000000e+00,0.000000e+00,0.000000e+00
5.200000e-01,6.500000e-01,0.0,1.000000e+00,0.000000e+00,0.000000e+00
5.300000e-01,6.500000e-01,0.0,1.000000e+00,0.000000e+00,0.000000e+00
5.400000e-01,6.500000e-01,0.0,1.000000e+00,0.000000e+00,0.000000e+00
5.500000e-01,6.500000e-01,0.0,1.000000e+00,0.000000e+00,0.000000e+00
5.600000e-01,6.500000e-01,0.0,1.000000e+00,0.000000e+00,0.000000e+00
5.700000e-01,6.500000e-01,0.0,1.000000e+00,0.000000e+00,0.000000e+00
5.800000e-01,6.500000e-01,0.0,1.000000e+00,0.000000e+00,0.000000e+00
5.900000e-01,6.500000e-01,0.0,1.000000e+00,0.000000e+00,0.000000e+00
6.000000e-01,6.500000e-01,0.0,1.000000e+00,0.000000e+00,0.000000e+00
6.100000e-01,6.500000e-01,0.0,1.000000e+00,0.000000e+00,0.000000e+00
6.200000e-01,6.500000e-01,0.0,1.000000e+00,0.000000e+00,0.000000e+00
6.300000e-01,6.500000e-01,0.0,1.000000e+00,0.000000e+00,0.000000e+00
6.400000e-01,6.500000e-01,0.0,1.000000e+00,0.000000e+00,0.000000e+00
6.500000e-01,6.500000e-01,0.0,1.000000e+00,0.000000e+00,0.000000e+00
6.600000e-01,6.500000e-01,0.0,1.000000e+00,0.000000e+00,0.000000e+00
6.700000e-01,6.500000e-01,0.0,1.000000e+00,0.000000e+00,0.000000e+00
6.800000e-01,6.500000e-01,0.0,1.000000e+00,0.000000e+00,0.000000e+00
6.900000e-01,6.500000e-01,0.0,1.000000e+00,0.000000e+00,0.000000e+00
7.000000e-01,6.500000e-01,0.0,1.000000e+00,0.000000e+00,0.000000e+00
7.100000e-01,6.500000e-01,0.0,1.000000e+00,0.000000e+00,0.000000e+00
7.200000e-01,6.500000e-01,0.0,1.000000e+00,0.000000e+00,0.000000e+00
7.300000e-01,6.500000e-01,0.0,1.000000e+00,0.000000e+00,0.000000e+00
7.400000e-01,6.500000e-01,0.0,1.000000e+00,0.000000e+00,0.000000e+00
7.500000e-01,6.500000e-01,0.0,1.000000e+00,0.000000e+00,0.000000e+00
7.600000e-01,6.500000e-01,0.0,1.000000e+00,0.000000e+00,0.000000e+00
7.700000e-01,6.500000e-01,0.0,1.000000e+00,0.000000e+00,0.000000e+00
7.800000e-01,6.500000e-01,0.0,1.000000e+00,0.000000e+00,0.000000e+00
7.900000e-01,6.500000e-01,0.0,1.000000e+00,0.000000e+00,0.000000e+00
8.000000e-01,6.500000e-01,0.0,1.000000e+00,0.000000e+00,0.000000e+00
8.100000e-01,6.500000e-01,0.0,1.000000e+00,0.000000e+00,0.000000e+00
8.200000e-01,6.500000e-01,0.0,1.000000e+00,0.000000e+00,0.000000e+00
8.300000e-01,6.500000e-01,0.0,1.000000e+00,0.000000e+00,0.000000e+00
8.400000e-01,6.500000e-01,0.0,1.000000e+00,0.000000e+00,0.000000e+00
8.500000e-01,6.500000e-01,0.0,1.000000e+00,0.000000e+00,0.000000e+00
8.600000e-01,6.500000e-01,0.0,1.000000e+00,0.000000e+00,0.000000e+00
8.700000e-01,6.500000e-01,0.0,1.000000e+00,0.000000e+00,0.000000e+00
8.800000e-01,6.500000e-01,0.0,1.000000e+00,0.000000e+00,0.000000e+00
8.900000e-01,6.500000e-01,0.0,1.000000e+00,0.000000e+00,0.000000e+00
9.000000e-01,6.500000e-01,0.0,1.000000e+00,0.000000e+00,0.000000e+00
9.100000e-01,6.500000e-01,0.0,1.000000e+00,0.000000e+00,0.000000e+00
9.200000e-01,6.500000e-01,0.0,1.000000e+00,0.000000e+00,0.000000e+00
9.300000e-01,6.500000e-01,0.0,1.000000e+00,0.000000e+00,0.000000e+00
9.400000e-01,6.500000e-01,0.0,1.000000e+00,0.000000e+00,0.000000e+00
9.500000e-01,6.500000e-01,0.0,1.000000e+00,0.000000e+00,0.000000e+00
9.600000e-01,6.500000e-01,0.0,1.000000e+00,0.000000e+00,0.000000e+00
9.700000e-01,6.500000e-01,0.0,1.000000e+00,0.000000e+00,0.000000e+00
9.800000e-01,6.500000e-01,0.0,1.000000e+00,0.000000e+00,0.000000e+00
9.900000e-01,6.500000e-01,0.0,1.000000e+00,0.000000e+00,0.000000e+00
1.000000e+00,6.500000e-01,0.0,1.000000e+00,0.000000e+00,0.000000e+00
0.000000e+00,6.600000e-01,0.0,1.000000e+00,-3.204947e-15,4.268675e-14
1.000000e-02,6.600000e-01,0.0,1.000000e+00,-1.298297e-14,5.123660e-14
2.000000e-02,6.600000e-01,0.0,1.000000e+00,-2.981306e-14,8.692915e-14
3.000000e-02,6.600000e-01,0.0,1.000000e+00,-5.481976e-14,1.557524e-13
4.000000e-02,6.600000e-01,0.0,1.000000e+00,-9.185142e-14,2.750787e-13
5.000000e-02,6.600000e-01,0.0,1.000000e+00,-1.459322e-13,4.666613e-13
6.000000e-02,6.600000e-01,0.0,1.000000e+00,-2.206458e-13,7.576036e-13
7.000000e-02,6.600000e-01,0.0,1.000000e+00,-3.169557e-13,1.178550e-12
8.000000e-02,6.600000e-01,0.0,1.000000e+00,-4.346009e-13,1.758858e-12
9.000000e-02,6.600000e-01,0.0,1.000000e+00,-5.685616e-13,2.522708e-12
1.000000e-01,6.600000e-01,0.0,1.000000e+00,-7.103924e-13,3.484195e-12
1.100000e-01,6.600000e-01,0.0,1.000000e+00,-8.479042e-13,4.640293e-12
1.200000e-01,6.600000e-01,0.0,1.000000e+00,-9.659680e-13,5.969692e-12
1.300000e-01,6.600000e-01,0.0,1.000000e+00,-1.048390e-12,7.429589e-12
1.400000e-01,6.600000e-01,0.0,1.000000e+00,-1.080403e-12,8.956093e-12
1.500000e-01,6.600000e-01,0.0,1.000000e+00,-1.049964e-12,1.047027e-11
1.600000e-01,6.600000e-01,0.0,1.000000e+00,-9.515124e-13,1.188163e-11
1.700000e-01,6.600000e-01,0.0,1.000000e+00,-7.855363e-13,1.309881e-11
1.800000e-01,6.600000e-01,0.0,1.000000e+00,-5.606303e-13,1.403729e-11
1.900000e-01,6.600000e-01,0.0,1.000000e+00,-2.918694e-13,1.463024e-11
2.000000e-01,6.600000e-01,0.0,1.000000e+00,6.714405e-235,1.483240e-11
2.100000e-01,6.600000e-01,0.0,1.000000e+00,2.918694e-13,1.463024e-11
2.200000e-01,6.600000e-01,0.0,1.000000e+00,5.606303e-13,1.403729e-11
2.300000e-01,6.600000e-01,0.0,1.000000e+00,7.855363e-13,1.309881e-11
2.400000e-01,6.600000e-01,0.0,1.000000e+00,9.515124e-13,1.188163e-11
2.500000e-01,6.600000e-01,0.0,1.000000e+00,1.049964e-12,1.047027e-11
2.600000e-01,6.600000e-01,0.0,1.000000e+00,1.080403e-12,8.956093e-12
2.700000e-01,6.600000e-01,0.0,1.000000e+00,1.048390e-12,7.429589e-12
2.800000e-01,6.600000e-01,0.0,1.000000e+00,9.659680e-13,5.969692e-12
2.900000e-01,6.600000e-01,0.0,1.000000e+00,8.479042e-13,4.640293e-12
3.000000e-01,6.600000e-01,0.0,1.000000e+00,7.103924e-13,3.484195e-12
3.100000e-01,6.600000e-01,0.0,1.000000e+00,5.685616e-13,2.522708e-12
3.200000e-01,6.600000e-01,0.0,1.000000e+00,4.346009e-13,1.758858e-12
3.300000e-01,6.600000e-01,0.0,1.000000e+00,3.170625e-13,1.178603e-12
3.400000e-01,6.600000e-01,0.0,1.000000e+00,2.206458e-13,7.572831e-13
3.500000e-01,6.600000e-01,0.0,1.000000e+00,1.461459e-13,4.662874e-13
3.600000e-01,6.600000e-01,0.0,1.000000e+00,9.195827e-14,2.743842e-13
3.700000e-01,6.600000e-01,0.0,1.000000e+00,5.546083e-14,1.542032e-13
3.800000e-01,6.600000e-01,0.0,1.000000e+00,3.168286e-14,8.260185e-14
3.900000e-01,6.600000e-01,0.0,1.000000e+00,1.714997e-14,4.226036e-14
4.000000e-01,6.600000e-01,0.0,1.000000e+00,8.868149e-15,2.024776e-14
4.100000e-01,6.600000e-01,0.0,1.000000e+00,4.006632e-15,9.028344e-15
4.200000e-01,6.600000e-01,0.0,1.000000e+00,1.869665e-15,4.059936e-15
4.300000e-01,6.600000e-01,0.0,1.000000e+00,9.081171e-16,1.762834e-15
4.400000e-01,6.600000e-01,0.0,1.000000e+00,2.670822e-16,7.478492e-16
4.500000e-01,6.600000e-01,0.0,1.000000e+00,5.341578e-17,1.068316e-16
4.600000e-01,6.600000e-01,0.0,1.000000e+00,2.304983e-50,0.000000e+00
4.700000e-01,6.600000e-01,0.0,1.000000e+00,0.000000e+00,0.000000e+00
4.800000e-01,6.600000e-01,0.0,1.000000e+00,0.000000e+00,0.000000e+00
4.900000e-01,6.600000e-01,0.0,1.000000e+00,0.000000e+00,0.000000e+00
5.000000e-01,6.600000e-01,0.0,1.000000e+00,0.000000e+00,0.000000e+00
5.100000e-01,6.600000e-01,0.0,1.000000e+00,0.000000e+00,0.000000e+00
5.200000e-01,6.600000e-01,0.0,1.000000e+00,0.000000e+00,0.000000e+00
5.300000e-01,6.600000e-01,0.0,1.000000e+00,0.000000e+00,0.000000e+00
5.400000e-01,6.600000e-01,0.0,1.000000e+00,0.000000e+00,0.000000e+00
5.500000e-01,6.600000e-01,0.0,1.000000e+00,0.000000e+00,0.000000e+00
5.600000e-01,6.600000e-01,0.0,1.000000e+00,0.000000e+00,0.000000e+00
5.700000e-01,6.600000e-01,0.0,1.000000e+00,0.000000e+00,0.000000e+00
5.800000e-01,6.600000e-01,0.0,1.000000e+00,0.000000e+00,0.000000e+00
5.900000e-01,6.600000e-01,0.0,1.000000e+00,0.000000e+00,0.000000e+00
6.000000e-01,6.600000e-01,0.0,1.000000e+00,0.000000e+00,0.000000e+00
6.100000e-01,6.600000e-01,0.0,1.000000e+00,0.000000e+00,0.000000e+00
6.200000e-01,6.600000e-01,0.0,1.000000e+00,0.000000e+00,0.000000e+00
6.300000e-01,6.600000e-01,0.0,1.000000e+00,0.000000e+00,0.000000e+00
6.400000e-01,6.600000e-01,0.0,1.000000e+00,0.000000e+00,0.000000e+00
6.500000e-01,6.600000e-01,0.0,1.000000e+00,0.000000e+00,0.000000e+00
6.600000e-01,6.600000e-01,0.0,1.000000e+00,0.000000e+00,0.000000e+00
6.700000e-01,6.600000e-01,0.0,1.000000e+00,0.000000e+00,0.000000e+00
6.800000e-01,6.600000e-01,0.0,1.000000e+00,0.000000e+00,0.000000e+00
6.900000e-01,6.600000e-01,0.0,1.000000e+00,0.000000e+00,0.000000e+00
7.000000e-01,6.600000e-01,0.0,1.000000e+00,0.000000e+00,0.000000e+00
7.100000e-01,6.600000e-01,0.0,1.000000e+00,0.000000e+00,0.000000e+00
7.200000e-01,6.600000e-01,0.0,1.000000e+00,0.000000e+00,0.000000e+00
7.300000e-01,6.600000e-01,0.0,1.000000e+00,0.000000e+00,0.000000e+00
7.400000e-01,6.600000e-01,0.0,1.000000e+00,0.000000e+00,0.000000e+00
7.500000e-01,6.600000e-01,0.0,1.000000e+00,0.000000e+00,0.000000e+00
7.600000e-01,6.600000e-01,0.0,1.000000e+00,0.000000e+00,0.000000e+00
7.700000e-01,6.600000e-01,0.0,1.000000e+00,0.000000e+00,0.000000e+00
7.800000e-01,6.600000e-01,0.0,1.000000e+00,0.000000e+00,0.000000e+00
7.900000e-01,6.600000e-01,0.0,1.000000e+00,0.000000e+00,0.000000e+00
8.000000e-01,6.600000e-01,0.0,1.000000e+00,0.000000e+00,0.000000e+00
8.100000e-01,6.600000e-01,0.0,1.000000e+00,0.000000e+00,0.000000e+00
8.200000e-01,6.600000e-01,0.0,1.000000e+00,0.000000e+00,0.000000e+00
8.300000e-01,6.600000e-01,0.0,1.000000e+00,0.000000e+00,0.000000e+00
8.400000e-01,6.600000e-01,0.0,1.000000e+00,0.000000e+00,0.000000e+00
8.500000e-01,6.600000e-01,0.0,1.000000e+00,0.000000e+00,0.000000e+00
8.600000e-01,6.600000e-01,0.0,1.000000e+00,0.000000e+00,0.000000e+00
8.700000e-01,6.600000e-01,0.0,1.000000e+00,0.000000e+00,0.000000e+00
8.800000e-01,6.600000e-01,0.0,1.000000e+00,0.000000e+00,0.000000e+00
8.900000e-01,6.600000e-01,0.0,1.000000e+00,0.000000e+00,0.000000e+00
9.000000e-01,6.600000e-01,0.0,1.000000e+00,0.000000e+00,0.000000e+00
9.100000e-01,6.600000e-01,0.0,1.000000e+00,0.000000e+00,0.000000e+00
9.200000e-01,6.600000e-01,0.0,1.000000e+00,0.000000e+00,0.000000e+00
9.300000e-01,6.600000e-01,0.0,1.000000e+00,0.000000e+00,0.000000e+00
9.400000e-01,6.600000e-01,0.0,1.000000e+00,0.000000e+00,0.000000e+00
9.500000e-01,6.600000e-01,0.0,1.000000e+00,0.000000e+00,0.000000e+00
9.600000e-01,6.600000e-01,0.0,1.000000e+00,0.000000e+00,0.000000e+00
9.700000e-01,6.600000e-01,0.0,1.000000e+00,0.000000e+00,0.000000e+00
9.800000e-01,6.600000e-01,0.0,1.000000e+00,0.000000e+00,0.000000e+00
9.900000e-01,6.600000e-01,0.0,1.000000e+00,0.000000e+00,0.000000e+00
1.000000e+00,6.600000e-01,0.0,1.000000e+00,0.000000e+00,0.000000e+00
0.000000e+00,6.700000e-01,0.0,1.000000e+00,-9.614840e-16,1.298161e-14
1.000000e-02,6.700000e-01,0.0,1.000000e+00,-4.060172e-15,1.575991e-14
2.000000e-02,6.700000e-01,0.0,1.000000e+00,-9.509733e-15,2.799535e-14
3.000000e-02,6.700000e-01,0.0,1.000000e+00,-1.795133e-14,5.193211e-14
4.000000e-02,6.700000e-01,0.0,1.000000e+00,-3.088139e-14,9.462516e-14
5.000000e-02,6.700000e-01,0.0,1.000000e+00,-5.011742e-14,1.645726e-13
6.000000e-02,6.700000e-01,0.0,1.000000e+00,-7.795870e-14,2.739607e-13
7.000000e-02,6.700000e-01,0.0,1.000000e+00,-1.148332e-13,4.357269e-13
8.000000e-02,6.700000e-01,0.0,1.000000e+00,-1.607409e-13,6.642520e-13
9.000000e-02,6.700000e-01,0.0,1.000000e+00,-2.143514e-13,9.711456e-13
1.000000e-01,6.700000e-01,0.0,1.000000e+00,-2.725622e-13,1.364648e-12
1.100000e-01,6.700000e-01,0.0,1.000000e+00,-3.301356e-13,1.846371e-12
1.200000e-01,6.700000e-01,0.0,1.000000e+00,-3.813510e-13,2.409159e-12
1.300000e-01,6.700000e-01,0.0,1.000000e+00,-4.190998e-13,3.035382e-12
1.400000e-01,6.700000e-01,0.0,1.000000e+00,-4.363747e-13,3.698471e-12
1.500000e-01,6.700000e-01,0.0,1.000000e+00,-4.280530e-13,4.362606e-12
1.600000e-01,6.700000e-01,0.0,1.000000e+00,-3.907557e-13,4.987358e-12
1.700000e-01,6.700000e-01,0.0,1.000000e+00,-3.245291e-13,5.529527e-12
1.800000e-01,6.700000e-01,0.0,1.000000e+00,-2.324274e-13,5.949742e-12
1.900000e-01,6.700000e-01,0.0,1.000000e+00,-1.211846e-13,6.215971e-12
2.000000e-01,6.700000e-01,0.0,1.000000e+00,4.159806e-250,6.307138e-12
2.100000e-01,6.700000e-01,0.0,1.000000e+00,1.211846e-13,6.215971e-12
2.200000e-01,6.700000e-01,0.0,1.000000e+00,2.324274e-13,5.949742e-12
2.300000e-01,6.700000e-01,0.0,1.000000e+00,3.245291e-13,5.529527e-12
2.400000e-01,6.700000e-01,0.0,1.000000e+00,3.907557e-13,4.987358e-12
2.500000e-01,6.700000e-01,0.0,1.000000e+00,4.280530e-13,4.362606e-12
2.600000e-01,6.700000e-01,0.0,1.000000e+00,4.363747e-13,3.698471e-12
2.700000e-01,6.700000e-01,0.0,1.000000e+00,4.190998e-13,3.035382e-12
2.800000e-01,6.700000e-01,0.0,1.000000e+00,3.813510e-13,2.409159e-12
2.900000e-01,6.700000e-01,0.0,1.000000e+00,3.301356e-13,1.846371e-12
3.000000e-01,6.700000e-01,0.0,1.000000e+00,2.725622e-13,1.364648e-12
3.100000e-01,6.700000e-01,0.0,1.000000e+00,2.143514e-13,9.711456e-13
3.200000e-01,6.700000e-01,0.0,1.000000e+00,1.607943e-13,6.642520e-13
3.300000e-01,6.700000e-01,0.0,1.000000e+00,1.148332e-13,4.357269e-13
3.400000e-01,6.700000e-01,0.0,1.000000e+00,7.790528e-14,2.737470e-13
3.500000e-01,6.700000e-01,0.0,1.000000e+00,5.011742e-14,1.644124e-13
3.600000e-01,6.700000e-01,0.0,1.000000e+00,3.088139e-14,9.430450e-14
3.700000e-01,6.700000e-01,0.0,1.000000e+00,1.805816e-14,5.177185e-14
3.800000e-01,6.700000e-01,0.0,1.000000e+00,1.009733e-14,2.692693e-14
3.900000e-01,6.700000e-01,0.0,1.000000e+00,5.235383e-15,1.319542e-14
4.000000e-01,6.700000e-01,0.0,1.000000e+00,2.564163e-15,6.196895e-15
4.100000e-01,6.700000e-01,0.0,1.000000e+00,1.121799e-15,2.564125e-15
4.200000e-01,6.700000e-01,0.0,1.000000e+00,5.341736e-16,1.282049e-15
4.300000e-01,6.700000e-01,0.0,1.000000e+00,1.068349e-16,4.273328e-16
4.400000e-01,6.700000e-01,0.0,1.000000e+00,1.868139e-33,1.068316e-16
4.500000e-01,6.700000e-01,0.0,1.000000e+00,0.000000e+00,0.000000e+00
4.600000e-01,6.700000e-01,0.0,1.000000e+00,0.000000e+00,0.000000e+00
4.700000e-01,6.700000e-01,0.0,1.000000e+00,0.000000e+00,0.000000e+00
4.800000e-01,6.700000e-01,0.0,1.000000e+00,0.000000e+00,0.000000e+00
4.900000e-01,6.700000e-01,0.0,1.000000e+00,0.000000e+00,0.000000e+00
5.000000e-01,6.700000e-01,0.0,1.000000e+00,0.000000e+00,0.000000e+00
5.100000e-01,6.700000e-01,0.0,1.000000e+00,0.000000e+00,0.000000e+00
5.200000e-01,6.700000e-01,0.0,1.000000e+00,0.000000e+00,0.000000e+00
5.300000e-01,6.700000e-01,0.0,1.000000e+00,0.000000e+00,0.000000e+00
5.400000e-01,6.700000e-01,0.0,1.000000e+00,0.000000e+00,0.000000e+00
5.500000e-01,6.700000e-01,0.0,1.000000e+00,0.000000e+00,0.000000e+00
5.600000e-01,6.700000e-01,0.0,1.000000e+00,0.000000e+00,0.000000e+00
5.700000e-01,6.700000e-01,0.0,1.000000e+00,0.000000e+00,0.000000e+00
5.800000e-01,6.700000e-01,0.0,1.000000e+00,0.000000e+00,0.000000e+00
5.900000e-01,6.700000e-01,0.0,1.000000e+00,0.000000e+00,0.000000e+00
6.000000e-01,6.700000e-01,0.0,1.000000e+00,0.000000e+00,0.000000e+00
6.100000e-01,6.700000e-01,0.0,1.000000e+00,0.000000e+00,0.000000e+00
6.200000e-01,6.700000e-01,0.0,1.000000e+00,0.000000e+00,0.000000e+00
6.300000e-01,6.700000e-01,0.0,1.000000e+00,0.000000e+00,0.000000e+00
6.400000e-01,6.700000e-01,0.0,1.000000e+00,0.000000e+00,0.000000e+00
6.500000e-01,6.700000e-01,0.0,1.000000e+00,0.000000e+00,0.000000e+00
6.600000e-01,6.700000e-01,0.0,1.000000e+00,0.000000e+00,0.000000e+00
6.700000e-01,6.700000e-01,0.0,1.000000e+00,0.000000e+00,0.000000e+00
6.800000e-01,6.700000e-01,0.0,1.000000e+00,0.000000e+00,0.000000e+00
6.900000e-01,6.700000e-01,0.0,1.000000e+00,0.000000e+00,0.000000e+00
7.000000e-01,6.700000e-01,0.0,1.000000e+00,0.000000e+00,0.000000e+00
7.100000e-01,6.700000e-01,0.0,1.000000e+00,0.000000e+00,0.000000e+00
7.200000e-01,6.700000e-01,0.0,1.000000e+00,0.000000e+00,0.000000e+00
7.300000e-01,6.700000e-01,0.0,1.000000e+00,0.000000e+00,0.000000e+00
7.400000e-01,6.700000e-01,0.0,1.000000e+00,0.000000e+00,0.000000e+00
7.500000e-01,6.700000e-01,0.0,1.000000e+00,0.000000e+00,0.000000e+00
7.600000e-01,6.700000e-01,0.0,1.000000e+00,0.000000e+00,0.000000e+00
7.700000e-01,6.700000e-01,0.0,1.000000e+00,0.000000e+00,0.000000e+00
7.800000e-01,6.700000e-01,0.0,1.000000e+00,0.000000e+00,0.000000e+00
7.900000e-01,6.700000e-01,0.0,1.000000e+00,0.000000e+00,0.000000e+00
8.000000e-01,6.700000e-01,0.0,1.000000e+00,0.000000e+00,0.000000e+00
8.100000e-01,6.700000e-01,0.0,1.000000e+00,0.000000e+00,0.000000e+00
8.200000e-01,6.700000e-01,0.0,1.000000e+00,0.000000e+00,0.000000e+00
8.300000e-01,6.700000e-01,0.0,1.000000e+00,0.000000e+00,0.000000e+00
8.400000e-01,6.700000e-01,0.0,1.000000e+00,0.000000e+00,0.000000e+00
8.500000e-01,6.700000e-01,0.0,1.000000e+00,0.000000e+00,0.000000e+00
8.600000e-01,6.700000e-01,0.0,1.000000e+00,0.000000e+00,0.000000e+00
8.700000e-01,6.700000e-01,0.0,1.000000e+00,0.000000e+00,0.000000e+00
8.800000e-01,6.700000e-01,0.0,1.000000e+00,0.000000e+00,0.000000e+00
8.900000e-01,6.700000e-01,0.0,1.000000e+00,0.000000e+00,0.000000e+00
9.000000e-01,6.700000e-01,0.0,1.000000e+00,0.000000e+00,0.000000e+00
9.100000e-01,6.700000e-01,0.0,1.000000e+00,0.000000e+00,0.000000e+00
9.200000e-01,6.700000e-01,0.0,1.000000e+00,0.000000e+00,0.000000e+00
9.300000e-01,6.700000e-01,0.0,1.000000e+00,0.000000e+00,0.000000e+00
9.400000e-01,6.700000e-01,0.0,1.000000e+00,0.000000e+00,0.000000e+00
9.500000e-01,6.700000e-01,0.0,1.000000e+00,0.000000e+00,0.000000e+00
9.600000e-01,6.700000e-01,0.0,1.000000e+00,0.000000e+00,0.000000e+00
9.700000e-01,6.700000e-01,0.0,1.000000e+00,0.000000e+00,0.000000e+00
9.800000e-01,6.700000e-01,0.0,1.000000e+00,0.000000e+00,0.000000e+00
9.900000e-01,6.700000e-01,0.0,1.000000e+00,0.000000e+00,0.000000e+00
1.000000e+00,6.700000e-01,0.0,1.000000e+00,0.000000e+00,0.000000e+00
0.000000e+00,6.800000e-01,0.0,1.000000e+00,-3.204947e-16,3.632508e-15
1.000000e-02,6.800000e-01,0.0,1.000000e+00,-1.228650e-15,4.647537e-15
2.000000e-02,6.800000e-01,0.0,1.000000e+00,-2.831326e-15,8.547586e-15
3.000000e-02,6.800000e-01,0.0,1.000000e+00,-5.609463e-15,1.650827e-14
4.000000e-02,6.800000e-01,0.0,1.000000e+00,-9.830089e-15,3.088066e-14
5.000000e-02,6.800000e-01,0.0,1.000000e+00,-1.640203e-14,5.524534e-14
6.000000e-02,6.800000e-01,0.0,1.000000e+00,-2.601992e-14,9.409177e-14
7.000000e-02,6.800000e-01,0.0,1.000000e+00,-3.943206e-14,1.534598e-13
8.000000e-02,6.800000e-01,0.0,1.000000e+00,-5.637226e-14,2.390155e-13
9.000000e-02,6.800000e-01,0.0,1.000000e+00,-7.710833e-14,3.562125e-13
1.000000e-01,6.800000e-01,0.0,1.000000e+00,-9.960974e-14,5.098663e-13
1.100000e-01,6.800000e-01,0.0,1.000000e+00,-1.227006e-13,7.012072e-13
1.200000e-01,6.800000e-01,0.0,1.000000e+00,-1.439203e-13,9.277826e-13
1.300000e-01,6.800000e-01,0.0,1.000000e+00,-1.600638e-13,1.183761e-12
1.400000e-01,6.800000e-01,0.0,1.000000e+00,-1.682467e-13,1.457925e-12
1.500000e-01,6.800000e-01,0.0,1.000000e+00,-1.663809e-13,1.735416e-12
1.600000e-01,6.800000e-01,0.0,1.000000e+00,-1.528055e-13,1.998750e-12
1.700000e-01,6.800000e-01,0.0,1.000000e+00,-1.279578e-13,2.229052e-12
1.800000e-01,6.800000e-01,0.0,1.000000e+00,-9.225509e-14,2.408624e-12
1.900000e-01,6.800000e-01,0.0,1.000000e+00,-4.837466e-14,2.522288e-12
2.000000e-01,6.800000e-01,0.0,1.000000e+00,4.559638e-266,2.561740e-12
2.100000e-01,6.800000e-01,0.0,1.000000e+00,4.837466e-14,2.522288e-12
2.200000e-01,6.800000e-01,0.0,1.000000e+00,9.225509e-14,2.408624e-12
2.300000e-01,6.800000e-01,0.0,1.000000e+00,1.279578e-13,2.229052e-12
2.400000e-01,6.800000e-01,0.0,1.000000e+00,1.528055e-13,1.998750e-12
2.500000e-01,6.800000e-01,0.0,1.000000e+00,1.663809e-13,1.735416e-12
2.600000e-01,6.800000e-01,0.0,1.000000e+00,1.682467e-13,1.457925e-12
2.700000e-01,6.800000e-01,0.0,1.000000e+00,1.600638e-13,1.183761e-12
2.800000e-01,6.800000e-01,0.0,1.000000e+00,1.439203e-13,9.277826e-13
2.900000e-01,6.800000e-01,0.0,1.000000e+00,1.227006e-13,7.012072e-13
3.000000e-01,6.800000e-01,0.0,1.000000e+00,9.960974e-14,5.098663e-13
3.100000e-01,6.800000e-01,0.0,1.000000e+00,7.710833e-14,3.562125e-13
3.200000e-01,6.800000e-01,0.0,1.000000e+00,5.642568e-14,2.390155e-13
3.300000e-01,6.800000e-01,0.0,1.000000e+00,3.943206e-14,1.533529e-13
3.400000e-01,6.800000e-01,0.0,1.000000e+00,2.596650e-14,9.409177e-14
3.500000e-01,6.800000e-01,0.0,1.000000e+00,1.640203e-14,5.524534e-14
3.600000e-01,6.800000e-01,0.0,1.000000e+00,9.830089e-15,3.082723e-14
3.700000e-01,6.800000e-01,0.0,1.000000e+00,5.662879e-15,1.650827e-14
3.800000e-01,6.800000e-01,0.0,1.000000e+00,3.045001e-15,8.280502e-15
3.900000e-01,6.800000e-01,0.0,1.000000e+00,1.495742e-15,3.953096e-15
4.000000e-01,6.800000e-01,0.0,1.000000e+00,6.410172e-16,1.709418e-15
4.100000e-01,6.800000e-01,0.0,1.000000e+00,2.136664e-16,7.478492e-16
4.200000e-01,6.800000e-01,0.0,1.000000e+00,5.341578e-17,2.136697e-16
4.300000e-01,6.800000e-01,0.0,1.000000e+00,3.295060e-34,0.000000e+00
4.400000e-01,6.800000e-01,0.0,1.000000e+00,0.000000e+00,0.000000e+00
4.500000e-01,6.800000e-01,0.0,1.000000e+00,0.000000e+00,0.000000e+00
4.600000e-01,6.800000e-01,0.0,1.000000e+00,0.000000e+00,0.000000e+00
4.700000e-01,6.800000e-01,0.0,1.000000e+00,0.000000e+00,0.000000e+00
4.800000e-01,6.800000e-01,0.0,1.000000e+00,0.000000e+00,0.000000e+00
4.900000e-01,6.800000e-01,0.0,1.000000e+00,0.000000e+00,0.000000e+00
5.000000e-01,6.800000e-01,0.0,1.000000e+00,0.000000e+00,0.000000e+00
5.100000e-01,6.800000e-01,0.0,1.000000e+00,0.000000e+00,0.000000e+00
5.200000e-01,6.800000e-01,0.0,1.000000e+00,0.000000e+00,0.000000e+00
5.300000e-01,6.800000e-01,0.0,1.000000e+00,0.000000e+00,0.000000e+00
5.400000e-01,6.800000e-01,0.0,1.000000e+00,0.000000e+00,0.000000e+00
5.500000e-01,6.800000e-01,0.0,1.000000e+00,0.000000e+00,0.000000e+00
5.600000e-01,6.800000e-01,0.0,1.000000e+00,0.000000e+00,0.000000e+00
5.700000e-01,6.800000e-01,0.0,1.000000e+00,0.000000e+00,0.000000e+00
5.800000e-01,6.800000e-01,0.0,1.000000e+00,0.000000e+00,0.000000e+00
5.900000e-01,6.800000e-01,0.0,1.000000e+00,0.000000e+00,0.000000e+00
6.000000e-01,6.800000e-01,0.0,1.000000e+00,0.000000e+00,0.000000e+00
6.100000e-01,6.800000e-01,0.0,1.000000e+00,0.000000e+00,0.000000e+00
6.200000e-01,6.800000e-01,0.0,1.000000e+00,0.000000e+00,0.000000e+00
6.300000e-01,6.800000e-01,0.0,1.000000e+00,0.000000e+00,0.000000e+00
6.400000e-01,6.800000e-01,0.0,1.000000e+00,0.000000e+00,0.000000e+00
6.500000e-01,6.800000e-01,0.0,1.000000e+00,0.000000e+00,0.000000e+00
6.600000e-01,6.800000e-01,0.0,1.000000e+00,0.000000e+00,0.000000e+00
6.700000e-01,6.800000e-01,0.0,1.000000e+00,0.000000e+00,0.000000e+00
6.800000e-01,6.800000e-01,0.0,1.000000e+00,0.000000e+00,0.000000e+00
6.900000e-01,6.800000e-01,0.0,1.000000e+00,0.000000e+00,0.000000e+00
7.000000e-01,6.800000e-01,0.0,1.000000e+00,0.000000e+00,0.000000e+00
7.100000e-01,6.800000e-01,0.0,1.000000e+00,0.000000e+00,0.000000e+00
7.200000e-01,6.800000e-01,0.0,1.000000e+00,0.000000e+00,0.000000e+00
7.300000e-01,6.800000e-01,0.0,1.000000e+00,0.000000e+00,0.000000e+00
7.400000e-01,6.800000e-01,0.0,1.000000e+00,0.000000e+00,0.000000e+00
7.500000e-01,6.800000e-01,0.0,1.000000e+00,0.000000e+00,0.000000e+00
7.600000e-01,6.800000e-01,0.0,1.000000e+00,0.000000e+00,0.000000e+00
7.700000e-01,6.800000e-01,0.0,1.000000e+00,0.000000e+00,0.000000e+00
7.800000e-01,6.800000e-01,0.0,1.000000e+00,0.000000e+00,0.000000e+00
7.900000e-01,6.800000e-01,0.0,1.000000e+00,0.000000e+00,0.000000e+00
8.000000e-01,6.800000e-01,0.0,1.000000e+00,0.000000e+00,0.000000e+00
8.100000e-01,6.800000e-01,0.0,1.000000e+00,0.000000e+00,0.000000e+00
8.200000e-01,6.800000e-01,0.0,1.000000e+00,0.000000e+00,0.000000e+00
8.300000e-01,6.800000e-01,0.0,1.000000e+00,0.000000e+00,0.000000e+00
8.400000e-01,6.800000e-01,0.0,1.000000e+00,0.000000e+00,0.000000e+00
8.500000e-01,6.800000e-01,0.0,1.000000e+00,0.000000e+00,0.000000e+00
8.600000e-01,6.800000e-01,0.0,1.000000e+00,0.000000e+00,0.000000e+00
8.700000e-01,6.800000e-01,0.0,1.000000e+00,0.000000e+00,0.000000e+00
8.800000e-01,6.800000e-01,0.0,1.000000e+00,0.000000e+00,0.000000e+00
8.900000e-01,6.800000e-01,0.0,1.000000e+00,0.000000e+00,0.000000e+00
9.000000e-01,6.800000e-01,0.0,1.000000e+00,0.000000e+00,0.000000e+00
9.100000e-01,6.800000e-01,0.0,1.000000e+00,0.000000e+00,0.000000e+00
9.200000e-01,6.800000e-01,0.0,1.000000e+00,0.000000e+00,0.000000e+00
9.300000e-01,6.800000e-01,0.0,1.000000e+00,0.000000e+00,0.000000e+00
9.400000e-01,6.800000e-01,0.0,1.000000e+00,0.000000e+00,0.000000e+00
9.500000e-01,6.800000e-01,0.0,1.000000e+00,0.000000e+00,0.000000e+00
9.600000e-01,6.800000e-01,0.0,1.000000e+00,0.000000e+00,0.000000e+00
9.700000e-01,6.800000e-01,0.0,1.000000e+00,0.000000e+00,0.000000e+00
9.800000e-01,6.800000e-01,0.0,1.000000e+00,0.000000e+00,0.000000e+00
9.900000e-01,6.800000e-01,0.0,1.000000e+00,0.000000e+00,0.000000e+00
1.000000e+00,6.800000e-01,0.0,1.000000e+00,0.000000e+00,0.000000e+00
0.000000e+00,6.900000e-01,0.0,1.000000e+00,0.000000e+00,9.080998e-16
1.000000e-02,6.900000e-01,0.0,1.000000e+00,-2.670881e-16,1.282049e-15
2.000000e-02,6.900000e-01,0.0,1.000000e+00,-8.012763e-16,2.403874e-15
3.000000e-02,6.900000e-01,0.0,1.000000e+00,-1.655990e-15,4.807918e-15
4.000000e-02,6.900000e-01,0.0,1.000000e+00,-2.831252e-15,9.455912e-15
5.000000e-02,6.900000e-01,0.0,1.000000e+00,-4.861316e-15,1.763013e-14
6.000000e-02,6.900000e-01,0.0,1.000000e+00,-7.959967e-15,3.082728e-14
7.000000e-02,6.900000e-01,0.0,1.000000e+00,-1.271514e-14,5.118472e-14
8.000000e-02,6.900000e-01,0.0,1.000000e+00,-1.885988e-14,8.185551e-14
9.000000e-02,6.900000e-01,0.0,1.000000e+00,-2.612734e-14,1.244441e-13
1.000000e-01,6.900000e-01,0.0,1.000000e+00,-3.473122e-14,1.815708e-13
1.100000e-01,6.900000e-01,0.0,1.000000e+00,-4.349706e-14,2.536646e-13
1.200000e-01,6.900000e-01,0.0,1.000000e+00,-5.183530e-14,3.405648e-13
1.300000e-01,6.900000e-01,0.0,1.000000e+00,-5.851738e-14,4.403488e-13
1.400000e-01,6.900000e-01,0.0,1.000000e+00,-6.204511e-14,5.483117e-13
1.500000e-01,6.900000e-01,0.0,1.000000e+00,-6.215271e-14,6.591122e-13
1.600000e-01,6.900000e-01,0.0,1.000000e+00,-5.750408e-14,7.644097e-13
1.700000e-01,6.900000e-01,0.0,1.000000e+00,-4.809753e-14,8.576843e-13
1.800000e-01,6.900000e-01,0.0,1.000000e+00,-3.452265e-14,9.308057e-13
1.900000e-01,6.900000e-01,0.0,1.000000e+00,-1.816887e-14,9.771525e-13
2.000000e-01,6.900000e-01,0.0,1.000000e+00,1.846936e-297,9.931347e-13
2.100000e-01,6.900000e-01,0.0,1.000000e+00,1.816887e-14,9.771525e-13
2.200000e-01,6.900000e-01,0.0,1.000000e+00,3.452265e-14,9.308057e-13
2.300000e-01,6.900000e-01,0.0,1.000000e+00,4.809753e-14,8.576843e-13
2.400000e-01,6.900000e-01,0.0,1.000000e+00,5.750408e-14,7.644097e-13
2.500000e-01,6.900000e-01,0.0,1.000000e+00,6.215271e-14,6.591122e-13
2.600000e-01,6.900000e-01,0.0,1.000000e+00,6.204511e-14,5.483117e-13
2.700000e-01,6.900000e-01,0.0,1.000000e+00,5.851738e-14,4.403488e-13
2.800000e-01,6.900000e-01,0.0,1.000000e+00,5.183530e-14,3.405648e-13
2.900000e-01,6.900000e-01,0.0,1.000000e+00,4.349706e-14,2.536646e-13
3.000000e-01,6.900000e-01,0.0,1.000000e+00,3.473122e-14,1.815708e-13
3.100000e-01,6.900000e-01,0.0,1.000000e+00,2.612734e-14,1.244441e-13
3.200000e-01,6.900000e-01,0.0,1.000000e+00,1.885988e-14,8.185551e-14
3.300000e-01,6.900000e-01,0.0,1.000000e+00,1.271514e-14,5.118472e-14
3.400000e-01,6.900000e-01,0.0,1.000000e+00,7.959967e-15,3.082728e-14
3.500000e-01,6.900000e-01,0.0,1.000000e+00,4.861316e-15,1.763013e-14
3.600000e-01,6.900000e-01,0.0,1.000000e+00,2.831252e-15,9.455912e-15
3.700000e-01,6.900000e-01,0.0,1.000000e+00,1.655990e-15,4.807918e-15
3.800000e-01,6.900000e-01,0.0,1.000000e+00,8.546954e-16,2.403874e-15
3.900000e-01,6.900000e-01,0.0,1.000000e+00,3.205039e-16,1.014949e-15
4.000000e-01,6.900000e-01,0.0,1.000000e+00,5.341578e-17,4.273328e-16
4.100000e-01,6.900000e-01,0.0,1.000000e+00,1.868139e-33,1.068316e-16
4.200000e-01,6.900000e-01,0.0,1.000000e+00,1.152491e-50,0.000000e+00
4.300000e-01,6.900000e-01,0.0,1.000000e+00,0.000000e+00,0.000000e+00
4.400000e-01,6.900000e-01,0.0,1.000000e+00,0.000000e+00,0.000000e+00
4.500000e-01,6.900000e-01,0.0,1.000000e+00,0.000000e+00,0.000000e+00
4.600000e-01,6.900000e-01,0.0,1.000000e+00,0.000000e+00,0.000000e+00
4.700000e-01,6.900000e-01,0.0,1.000000e+00,0.000000e+00,0.000000e+00
4.800000e-01,6.900000e-01,0.0,1.000000e+00,0.000000e+00,0.000000e+00
4.900000e-01,6.900000e-01,0.0,1.000000e+00,0.000000e+00,0.000000e+00
5.000000e-01,6.900000e-01,0.0,1.000000e+00,0.000000e+00,0.000000e+00
5.100000e-01,6.900000e-01,0.0,1.000000e+00,0.000000e+00,0.000000e+00
5.200000e-01,6.900000e-01,0.0,1.000000e+00,0.000000e+00,0.000000e+00
5.300000e-01,6.900000e-01,0.0,1.000000e+00,0.000000e+00,0.000000e+00
5.400000e-01,6.900000e-01,0.0,1.000000e+00,0.000000e+00,0.000000e+00
5.500000e-01,6.900000e-01,0.0,1.000000e+00,0.000000e+00,0.000000e+00
5.600000e-01,6.900000e-01,0.0,1.000000e+00,0.000000e+00,0.000000e+00
5.700000e-01,6.900000e-01,0.0,1.000000e+00,0.000000e+00,0.000000e+00
5.800000e-01,6.900000e-01,0.0,1.000000e+00,0.000000e+00,0.000000e+00
5.900000e-01,6.900000e-01,0.0,1.000000e+00,0.000000e+00,0.000000e+00
6.000000e-01,6.900000e-01,0.0,1.000000e+00,0.000000e+00,0.000000e+00
6.100000e-01,6.900000e-01,0.0,1.000000e+00,0.000000e+00,0.000000e+00
6.200000e-01,6.900000e-01,0.0,1.000000e+00,0.000000e+00,0.000000e+00
6.300000e-01,6.900000e-01,0.0,1.000000e+00,0.000000e+00,0.000000e+00
6.400000e-01,6.900000e-01,0.0,1.000000e+00,0.000000e+00,0.000000e+00
6.500000e-01,6.900000e-01,0.0,1.000000e+00,0.000000e+00,0.000000e+00
6.600000e-01,6.900000e-01,0.0,1.000000e+00,0.000000e+00,0.000000e+00
6.700000e-01,6.900000e-01,0.0,1.000000e+00,0.000000e+00,0.000000e+00
6.800000e-01,6.900000e-01,0.0,1.000000e+00,0.000000e+00,0.000000e+00
6.900000e-01,6.900000e-01,0.0,1.000000e+00,0.000000e+00,0.000000e+00
7.000000e-01,6.900000e-01,0.0,1.000000e+00,0.000000e+00,0.000000e+00
7.100000e-01,6.900000e-01,0.0,1.000000e+00,0.000000e+00,0.000000e+00
7.200000e-01,6.900000e-01,0.0,1.000000e+00,0.000000e+00,0.000000e+00
7.300000e-01,6.900000e-01,0.0,1.000000e+00,0.000000e+00,0.000000e+00
7.400000e-01,6.900000e-01,0.0,1.000000e+00,0.000000e+00,0.000000e+00
7.500000e-01,6.900000e-01,0.0,1.000000e+00,0.000000e+00,0.000000e+00
7.600000e-01,6.900000e-01,0.0,1.000000e+00,0.000000e+00,0.000000e+00
7.700000e-01,6.900000e-01,0.0,1.000000e+00,0.000000e+00,0.000000e+00
7.800000e-01,6.900000e-01,0.0,1.000000e+00,0.000000e+00,0.000000e+00
7.900000e-01,6.900000e-01,0.0,1.000000e+00,0.000000e+00,0.000000e+00
8.000000e-01,6.900000e-01,0.0,1.000000e+00,0.000000e+00,0.000000e+00
8.100000e-01,6.900000e-01,0.0,1.000000e+00,0.000000e+00,0.000000e+00
8.200000e-01,6.900000e-01,0.0,1.000000e+00,0.000000e+00,0.000000e+00
8.300000e-01,6.900000e-01,0.0,1.000000e+00,0.000000e+00,0.000000e+00
8.400000e-01,6.900000e-01,0.0,1.000000e+00,0.000000e+00,0.000000e+00
8.500000e-01,6.900000e-01,0.0,1.000000e+00,0.000000e+00,0.000000e+00
8.600000e-01,6.900000e-01,0.0,1.000000e+00,0.000000e+00,0.000000e+00
8.700000e-01,6.900000e-01,0.0,1.000000e+00,0.000000e+00,0.000000e+00
8.800000e-01,6.900000e-01,0.0,1.000000e+00,0.000000e+00,0.000000e+00
8.900000e-01,6.900000e-01,0.0,1.000000e+00,0.000000e+00,0.000000e+00
9.000000e-01,6.900000e-01,0.0,1.000000e+00,0.000000e+00,0.000000e+00
9.100000e-01,6.900000e-01,0.0,1.000000e+00,0.000000e+00,0.000000e+00
9.200000e-01,6.900000e-01,0.0,1.000000e+00,0.000000e+00,0.000000e+00
9.300000e-01,6.900000e-01,0.0,1.000000e+00,0.000000e+00,0.000000e+00
9.400000e-01,6.900000e-01,0.0,1.000000e+00,0.000000e+00,0.000000e+00
9.500000e-01,6.900000e-01,0.0,1.000000e+00,0.000000e+00,0.000000e+00
9.600000e-01,6.900000e-01,0.0,1.000000e+00,0.000000e+00,0.000000e+00
9.700000e-01,6.900000e-01,0.0,1.000000e+00,0.000000e+00,0.000000e+00
9.800000e-01,6.900000e-01,0.0,1.000000e+00,0.000000e+00,0.000000e+00
9.900000e-01,6.900000e-01,0.0,1.000000e+00,0.000000e+00,0.000000e+00
1.000000e+00,6.900000e-01,0.0,1.000000e+00,0.000000e+00,0.000000e+00
0.000000e+00,7.000000e-01,0.0,1.000000e+00,0.000000e+00,1.068316e-16
1.000000e-02,7.000000e-01,0.0,1.000000e+00,-8.131163e-33,2.136697e-16
2.000000e-02,7.000000e-01,0.0,1.000000e+00,-1.068349e-16,5.341762e-16
3.000000e-02,7.000000e-01,0.0,1.000000e+00,-4.807578e-16,1.442302e-15
4.000000e-02,7.000000e-01,0.0,1.000000e+00,-6.410257e-16,2.884658e-15
5.000000e-02,7.000000e-01,0.0,1.000000e+00,-1.335470e-15,5.288631e-15
6.000000e-02,7.000000e-01,0.0,1.000000e+00,-2.564167e-15,9.509168e-15
7.000000e-02,7.000000e-01,0.0,1.000000e+00,-3.899785e-15,1.613402e-14
8.000000e-02,7.000000e-01,0.0,1.000000e+00,-5.609478e-15,2.639241e-14
9.000000e-02,7.000000e-01,0.0,1.000000e+00,-8.494685e-15,4.124641e-14
1.000000e-01,7.000000e-01,0.0,1.000000e+00,-1.143355e-14,6.128447e-14
1.100000e-01,7.000000e-01,0.0,1.000000e+00,-1.458656e-14,8.709440e-14
1.200000e-01,7.000000e-01,0.0,1.000000e+00,-1.768578e-14,1.191040e-13
1.300000e-01,7.000000e-01,0.0,1.000000e+00,-2.035831e-14,1.561390e-13
1.400000e-01,7.000000e-01,0.0,1.000000e+00,-2.190972e-14,1.965954e-13
1.500000e-01,7.000000e-01,0.0,1.000000e+00,-2.196266e-14,2.386008e-13
1.600000e-01,7.000000e-01,0.0,1.000000e+00,-2.057201e-14,2.790068e-13
1.700000e-01,7.000000e-01,0.0,1.000000e+00,-1.726163e-14,3.148682e-13
1.800000e-01,7.000000e-01,0.0,1.000000e+00,-1.261231e-14,3.431405e-13
1.900000e-01,7.000000e-01,0.0,1.000000e+00,-6.518958e-15,3.613117e-13
2.000000e-01,7.000000e-01,0.0,1.000000e+00,1.091794e-314,3.676195e-13
2.100000e-01,7.000000e-01,0.0,1.000000e+00,6.518958e-15,3.613117e-13
2.200000e-01,7.000000e-01,0.0,1.000000e+00,1.261231e-14,3.431405e-13
2.300000e-01,7.000000e-01,0.0,1.000000e+00,1.726163e-14,3.148682e-13
2.400000e-01,7.000000e-01,0.0,1.000000e+00,2.057201e-14,2.790068e-13
2.500000e-01,7.000000e-01,0.0,1.000000e+00,2.196266e-14,2.386008e-13
2.600000e-01,7.000000e-01,0.0,1.000000e+00,2.190972e-14,1.965954e-13
2.700000e-01,7.000000e-01,0.0,1.000000e+00,2.035831e-14,1.561390e-13
2.800000e-01,7.000000e-01,0.0,1.000000e+00,1.768578e-14,1.191040e-13
2.900000e-01,7.000000e-01,0.0,1.000000e+00,1.458656e-14,8.709440e-14
3.000000e-01,7.000000e-01,0.0,1.000000e+00,1.143355e-14,6.128447e-14
3.100000e-01,7.000000e-01,0.0,1.000000e+00,8.494685e-15,4.124641e-14
3.200000e-01,7.000000e-01,0.0,1.000000e+00,5.609478e-15,2.639241e-14
3.300000e-01,7.000000e-01,0.0,1.000000e+00,3.899785e-15,1.613402e-14
3.400000e-01,7.000000e-01,0.0,1.000000e+00,2.564167e-15,9.509168e-15
3.500000e-01,7.000000e-01,0.0,1.000000e+00,1.335470e-15,5.288631e-15
3.600000e-01,7.000000e-01,0.0,1.000000e+00,6.410257e-16,2.884658e-15
3.700000e-01,7.000000e-01,0.0,1.000000e+00,4.807578e-16,1.442302e-15
3.800000e-01,7.000000e-01,0.0,1.000000e+00,1.068349e-16,5.341762e-16
3.900000e-01,7.000000e-01,0.0,1.000000e+00,5.384113e-33,1.068316e-16
4.000000e-01,7.000000e-01,0.0,1.000000e+00,3.321630e-50,0.000000e+00
4.100000e-01,7.000000e-01,0.0,1.000000e+00,0.000000e+00,0.000000e+00
4.200000e-01,7.000000e-01,0.0,1.000000e+00,0.000000e+00,0.000000e+00
4.300000e-01,7.000000e-01,0.0,1.000000e+00,0.000000e+00,0.000000e+00
4.400000e-01,7.000000e-01,0.0,1.000000e+00,0.000000e+00,0.000000e+00
4.500000e-01,7.000000e-01,0.0,1.000000e+00,0.000000e+00,0.000000e+00
4.600000e-01,7.000000e-01,0.0,1.000000e+00,0.000000e+00,0.000000e+00
4.700000e-01,7.000000e-01,0.0,1.000000e+00,0.000000e+00,0.000000e+00
4.800000e-01,7.000000e-01,0.0,1.000000e+00,0.000000e+00,0.000000e+00
4.900000e-01,7.000000e-01,0.0,1.000000e+00,0.000000e+00,0.000000e+00
5.000000e-01,7.000000e-01,0.0,1.000000e+00,0.000000e+00,0.000000e+00
5.100000e-01,7.000000e-01,0.0,1.000000e+00,0.000000e+00,0.000000e+00
5.200000e-01,7.000000e-01,0.0,1.000000e+00,0.000000e+00,0.000000e+00
5.300000e-01,7.000000e-01,0.0,1.000000e+00,0.000000e+00,0.000000e+00
5.400000e-01,7.000000e-01,0.0,1.000000e+00,0.000000e+00,0.000000e+00
5.500000e-01,7.000000e-01,0.0,1.000000e+00,0.000000e+00,0.000000e+00
5.600000e-01,7.000000e-01,0.0,1.000000e+00,0.000000e+00,0.000000e+00
5.700000e-01,7.000000e-01,0.0,1.000000e+00,0.000000e+00,0.000000e+00
5.800000e-01,7.000000e-01,0.0,1.000000e+00,0.000000e+00,0.000000e+00
5.900000e-01,7.000000e-01,0.0,1.000000e+00,0.000000e+00,0.000000e+00
6.000000e-01,7.000000e-01,0.0,1.000000e+00,0.000000e+00,0.000000e+00
6.100000e-01,7.000000e-01,0.0,1.000000e+00,0.000000e+00,0.000000e+00
6.200000e-01,7.000000e-01,0.0,1.000000e+00,0.000000e+00,0.000000e+00
6.300000e-01,7.000000e-01,0.0,1.000000e+00,0.000000e+00,0.000000e+00
6.400000e-01,7.000000e-01,0.0,1.000000e+00,0.000000e+00,0.000000e+00
6.500000e-01,7.000000e-01,0.0,1.000000e+00,0.000000e+00,0.000000e+00
6.600000e-01,7.000000e-01,0.0,1.000000e+00,0.000000e+00,0.000000e+00
6.700000e-01,7.000000e-01,0.0,1.000000e+00,0.000000e+00,0.000000e+00
6.800000e-01,7.000000e-01,0.0,1.000000e+00,0.000000e+00,0.000000e+00
6.900000e-01,7.000000e-01,0.0,1.000000e+00,0.000000e+00,0.000000e+00
7.000000e-01,7.000000e-01,0.0,1.000000e+00,0.000000e+00,0.000000e+00
7.100000e-01,7.000000e-01,0.0,1.000000e+00,0.000000e+00,0.000000e+00
7.200000e-01,7.000000e-01,0.0,1.000000e+00,0.000000e+00,0.000000e+00
7.300000e-01,7.000000e-01,0.0,1.000000e+00,0.000000e+00,0.000000e+00
7.400000e-01,7.000000e-01,0.0,1.000000e+00,0.000000e+00,0.000000e+00
7.500000e-01,7.000000e-01,0.0,1.000000e+00,0.000000e+00,0.000000e+00
7.600000e-01,7.000000e-01,0.0,1.000000e+00,0.000000e+00,0.000000e+00
7.700000e-01,7.000000e-01,0.0,1.000000e+00,0.000000e+00,0.000000e+00
7.800000e-01,7.000000e-01,0.0,1.000000e+00,0.000000e+00,0.000000e+00
7.900000e-01,7.000000e-01,0.0,1.000000e+00,0.000000e+00,0.000000e+00
8.000000e-01,7.000000e-01,0.0,1.000000e+00,0.000000e+00,0.000000e+00
8.100000e-01,7.000000e-01,0.0,1.000000e+00,0.000000e+00,0.000000e+00
8.200000e-01,7.000000e-01,0.0,1.000000e+00,0.000000e+00,0.000000e+00
8.300000e-01,7.000000e-01,0.0,1.000000e+00,0.000000e+00,0.000000e+00
8.400000e-01,7.000000e-01,0.0,1.000000e+00,0.000000e+00,0.000000e+00
8.500000e-01,7.000000e-01,0.0,1.000000e+00,0.000000e+00,0.000000e+00
8.600000e-01,7.000000e-01,0.0,1.000000e+00,0.000000e+00,0.000000e+00
8.700000e-01,7.000000e-01,0.0,1.000000e+00,0.000000e+00,0.000000e+00
8.800000e-01,7.000000e-01,0.0,1.000000e+00,0.000000e+00,0.000000e+00
8.900000e-01,7.000000e-01,0.0,1.000000e+00,0.000000e+00,0.000000e+00
9.000000e-01,7.000000e-01,0.0,1.000000e+00,0.000000e+00,0.000000e+00
9.100000e-01,7.000000e-01,0.0,1.000000e+00,0.000000e+00,0.000000e+00
9.200000e-01,7.000000e-01,0.0,1.000000e+00,0.000000e+00,0.000000e+00
9.300000e-01,7.000000e-01,0.0,1.000000e+00,0.000000e+00,0.000000e+00
9.400000e-01,7.000000e-01,0.0,1.000000e+00,0.000000e+00,0.000000e+00
9.500000e-01,7.000000e-01,0.0,1.000000e+00,0.000000e+00,0.000000e+00
9.600000e-01,7.000000e-01,0.0,1.000000e+00,0.000000e+00,0.000000e+00
9.700000e-01,7.000000e-01,0.0,1.000000e+00,0.000000e+00,0.000000e+00
9.800000e-01,7.000000e-01,0.0,1.000000e+00,0.000000e+00,0.000000e+00
9.900000e-01,7.000000e-01,0.0,1.000000e+00,0.000000e+00,0.000000e+00
1.000000e+00,7.000000e-01,0.0,1.000000e+00,0.000000e+00,0.000000e+00
0.000000e+00,7.100000e-01,0.0,1.000000e+00,0.000000e+00,0.000000e+00
1.000000e-02,7.100000e-01,0.0,1.000000e+00,-1.152491e-50,0.000000e+00
2.000000e-02,7.100000e-01,0.0,1.000000e+00,-6.590281e-34,0.000000e+00
3.000000e-02,7.100000e-01,0.0,1.000000e+00,-1.521760e-32,2.136697e-16
4.000000e-02,7.100000e-01,0.0,1.000000e+00,-5.341578e-17,6.410176e-16
5.000000e-02,7.100000e-01,0.0,1.000000e+00,-2.136664e-16,1.335464e-15
6.000000e-02,7.100000e-01,0.0,1.000000e+00,-4.807578e-16,2.564119e-15
7.000000e-02,7.100000e-01,0.0,1.000000e+00,-9.615269e-16,4.807809e-15
8.000000e-02,7.100000e-01,0.0,1.000000e+00,-1.602574e-15,7.959783e-15
9.000000e-02,7.100000e-01,0.0,1.000000e+00,-2.724417e-15,1.271469e-14
1.000000e-01,7.100000e-01,0.0,1.000000e+00,-3.792951e-15,1.960701e-14
1.100000e-01,7.100000e-01,0.0,1.000000e+00,-4.754784e-15,2.836965e-14
1.200000e-01,7.100000e-01,0.0,1.000000e+00,-5.663336e-15,3.932410e-14
1.300000e-01,7.100000e-01,0.0,1.000000e+00,-6.571396e-15,5.257578e-14
1.400000e-01,7.100000e-01,0.0,1.000000e+00,-7.159360e-15,6.721792e-14
1.500000e-01,7.100000e-01,0.0,1.000000e+00,-7.426984e-15,8.207434e-14
1.600000e-01,7.100000e-01,0.0,1.000000e+00,-7.160148e-15,9.714428e-14
1.700000e-01,7.100000e-01,0.0,1.000000e+00,-6.038229e-15,1.103429e-13
1.800000e-01,7.100000e-01,0.0,1.000000e+00,-4.327758e-15,1.206047e-13
1.900000e-01,7.100000e-01,0.0,1.000000e+00,-2.351151e-15,1.273913e-13
2.000000e-01,7.100000e-01,0.0,1.000000e+00,0.000000e+00,1.295818e-13
2.100000e-01,7.100000e-01,0.0,1.000000e+00,2.351151e-15,1.273913e-13
2.200000e-01,7.100000e-01,0.0,1.000000e+00,4.327758e-15,1.206047e-13
2.300000e-01,7.100000e-01,0.0,1.000000e+00,6.038229e-15,1.103429e-13
2.400000e-01,7.100000e-01,0.0,1.000000e+00,7.160148e-15,9.714428e-14
2.500000e-01,7.100000e-01,0.0,1.000000e+00,7.426984e-15,8.207434e-14
2.600000e-01,7.100000e-01,0.0,1.000000e+00,7.159360e-15,6.721792e-14
2.700000e-01,7.100000e-01,0.0,1.000000e+00,6.571396e-15,5.257578e-14
2.800000e-01,7.100000e-01,0.0,1.000000e+00,5.663336e-15,3.932410e-14
2.900000e-01,7.100000e-01,0.0,1.000000e+00,4.754784e-15,2.836965e-14
3.000000e-01,7.100000e-01,0.0,1.000000e+00,3.792951e-15,1.960701e-14
3.100000e-01,7.100000e-01,0.0,1.000000e+00,2.724417e-15,1.271469e-14
3.200000e-01,7.100000e-01,0.0,1.000000e+00,1.602574e-15,7.959783e-15
3.300000e-01,7.100000e-01,0.0,1.000000e+00,9.615269e-16,4.807809e-15
3.400000e-01,7.100000e-01,0.0,1.000000e+00,4.807578e-16,2.564119e-15
3.500000e-01,7.100000e-01,0.0,1.000000e+00,2.136664e-16,1.335464e-15
3.600000e-01,7.100000e-01,0.0,1.000000e+00,5.341578e-17,6.410176e-16
3.700000e-01,7.100000e-01,0.0,1.000000e+00,1.521760e-32,2.136697e-16
3.800000e-01,7.100000e-01,0.0,1.000000e+00,6.590281e-34,0.000000e+00
3.900000e-01,7.100000e-01,0.0,1.000000e+00,0.000000e+00,0.000000e+00
4.000000e-01,7.100000e-01,0.0,1.000000e+00,0.000000e+00,0.000000e+00
4.100000e-01,7.100000e-01,0.0,1.000000e+00,0.000000e+00,0.000000e+00
4.200000e-01,7.100000e-01,0.0,1.000000e+00,0.000000e+00,0.000000e+00
4.300000e-01,7.100000e-01,0.0,1.000000e+00,0.000000e+00,0.000000e+00
4.400000e-01,7.100000e-01,0.0,1.000000e+00,0.000000e+00,0.000000e+00
4.500000e-01,7.100000e-01,0.0,1.000000e+00,0.000000e+00,0.000000e+00
4.600000e-01,7.100000e-01,0.0,1.000000e+00,0.000000e+00,0.000000e+00
4.700000e-01,7.100000e-01,0.0,1.000000e+00,0.000000e+00,0.000000e+00
4.800000e-01,7.100000e-01,0.0,1.000000e+00,0.000000e+00,0.000000e+00
4.900000e-01,7.100000e-01,0.0,1.000000e+00,0.000000e+00,0.000000e+00
5.000000e-01,7.100000e-01,0.0,1.000000e+00,0.000000e+00,0.000000e+00
5.100000e-01,7.100000e-01,0.0,1.000000e+00,0.000000e+00,0.000000e+00
5.200000e-01,7.100000e-01,0.0,1.000000e+00,0.000000e+00,0.000000e+00
5.300000e-01,7.100000e-01,0.0,1.000000e+00,0.000000e+00,0.000000e+00
5.400000e-01,7.100000e-01,0.0,1.000000e+00,0.000000e+00,0.000000e+00
5.500000e-01,7.100000e-01,0.0,1.000000e+00,0.000000e+00,0.000000e+00
5.600000e-01,7.100000e-01,0.0,1.000000e+00,0.000000e+00,0.000000e+00
5.700000e-01,7.100000e-01,0.0,1.000000e+00,0.000000e+00,0.000000e+00
5.800000e-01,7.100000e-01,0.0,1.000000e+00,0.000000e+00,0.000000e+00
5.900000e-01,7.100000e-01,0.0,1.000000e+00,0.000000e+00,0.000000e+00
6.000000e-01,7.100000e-01,0.0,1.000000e+00,0.000000e+00,0.000000e+00
6.100000e-01,7.100000e-01,0.0,1.000000e+00,0.000000e+00,0.000000e+00
6.200000e-01,7.100000e-01,0.0,1.000000e+00,0.000000e+00,0.000000e+00
6.300000e-01,7.100000e-01,0.0,1.000000e+00,0.000000e+00,0.000000e+00
6.400000e-01,7.100000e-01,0.0,1.000000e+00,0.000000e+00,0.000000e+00
6.500000e-01,7.100000e-01,0.0,1.000000e+00,0.000000e+00,0.000000e+00
6.600000e-01,7.100000e-01,0.0,1.000000e+00,0.000000e+00,0.000000e+00
6.700000e-01,7.100000e-01,0.0,1.000000e+00,0.000000e+00,0.000000e+00
6.800000e-01,7.100000e-01,0.0,1.000000e+00,0.000000e+00,0.000000e+00
6.900000e-01,7.100000e-01,0.0,1.000000e+00,0.000000e+00,0.000000e+00
7.000000e-01,7.100000e-01,0.0,1.000000e+00,0.000000e+00,0.000000e+00
7.100000e-01,7.100000e-01,0.0,1.000000e+00,0.000000e+00,0.000000e+00
7.200000e-01,7.100000e-01,0.0,1.000000e+00,0.000000e+00,0.000000e+00
7.300000e-01,7.100000e-01,0.0,1.000000e+00,0.000000e+00,0.000000e+00
7.400000e-01,7.100000e-01,0.0,1.000000e+00,0.000000e+00,0.000000e+00
7.500000e-01,7.100000e-01,0.0,1.000000e+00,0.000000e+00,0.000000e+00
7.600000e-01,7.100000e-01,0.0,1.000000e+00,0.000000e+00,0.000000e+00
7.700000e-01,7.100000e-01,0.0,1.000000e+00,0.000000e+00,0.000000e+00
7.800000e-01,7.100000e-01,0.0,1.000000e+00,0.000000e+00,0.000000e+00
7.900000e-01,7.100000e-01,0.0,1.000000e+00,0.000000e+00,0.000000e+00
8.000000e-01,7.100000e-01,0.0,1.000000e+00,0.000000e+00,0.000000e+00
8.100000e-01,7.100000e-01,0.0,1.000000e+00,0.000000e+00,0.000000e+00
8.200000e-01,7.100000e-01,0.0,1.000000e+00,0.000000e+00,0.000000e+00
8.300000e-01,7.100000e-01,0.0,1.000000e+00,0.000000e+00,0.000000e+00
8.400000e-01,7.100000e-01,0.0,1.000000e+00,0.000000e+00,0.000000e+00
8.500000e-01,7.100000e-01,0.0,1.000000e+00,0.000000e+00,0.000000e+00
8.600000e-01,7.100000e-01,0.0,1.000000e+00,0.000000e+00,0.000000e+00
8.700000e-01,7.100000e-01,0.0,1.000000e+00,0.000000e+00,0.000000e+00
8.800000e-01,7.100000e-01,0.0,1.000000e+00,0.000000e+00,0.000000e+00
8.900000e-01,7.100000e-01,0.0,1.000000e+00,0.000000e+00,0.000000e+00
9.000000e-01,7.100000e-01,0.0,1.000000e+00,0.000000e+00,0.000000e+00
9.100000e-01,7.100000e-01,0.0,1.000000e+00,0.000000e+00,0.000000e+00
9.200000e-01,7.100000e-01,0.0,1.000000e+00,0.000000e+00,0.000000e+00
9.300000e-01,7.100000e-01,0.0,1.000000e+00,0.000000e+00,0.000000e+00
9.400000e-01,7.100000e-01,0.0,1.000000e+00,0.000000e+00,0.000000e+00
9.500000e-01,7.100000e-01,0.0,1.000000e+00,0.000000e+00,0.000000e+00
9.600000e-01,7.100000e-01,0.0,1.000000e+00,0.000000e+00,0.000000e+00
9.700000e-01,7.100000e-01,0.0,1.000000e+00,0.000000e+00,0.000000e+00
9.800000e-01,7.100000e-01,0.0,1.000000e+00,0.000000e+00,0.000000e+00
9.900000e-01,7.100000e-01,0.0,1.000000e+00,0.000000e+00,0.000000e+00
1.000000e+00,7.100000e-01,0.0,1.000000e+00,0.000000e+00,0.000000e+00
0.000000e+00,7.200000e-01,0.0,1.000000e+00,0.000000e+00,0.000000e+00
1.000000e-02,7.200000e-01,0.0,1.000000e+00,0.000000e+00,0.000000e+00
2.000000e-02,7.200000e-01,0.0,1.000000e+00,0.000000e+00,0.000000e+00
3.000000e-02,7.200000e-01,0.0,1.000000e+00,-1.254132e-50,0.000000e+00
4.000000e-02,7.200000e-01,0.0,1.000000e+00,-4.359193e-49,5.341578e-17
5.000000e-02,7.200000e-01,0.0,1.000000e+00,-2.911640e-33,1.602506e-16
6.000000e-02,7.200000e-01,0.0,1.000000e+00,-5.341578e-17,4.807545e-16
7.000000e-02,7.200000e-01,0.0,1.000000e+00,-2.136664e-16,1.121783e-15
8.000000e-02,7.200000e-01,0.0,1.000000e+00,-3.739262e-16,2.083340e-15
9.000000e-02,7.200000e-01,0.0,1.000000e+00,-5.876099e-16,3.685956e-15
1.000000e-01,7.200000e-01,0.0,1.000000e+00,-1.068388e-15,5.876307e-15
1.100000e-01,7.200000e-01,0.0,1.000000e+00,-1.495728e-15,8.761186e-15
1.200000e-01,7.200000e-01,0.0,1.000000e+00,-1.656040e-15,1.234096e-14
1.300000e-01,7.200000e-01,0.0,1.000000e+00,-2.030091e-15,1.672211e-14
1.400000e-01,7.200000e-01,0.0,1.000000e+00,-2.510848e-15,2.174468e-14
1.500000e-01,7.200000e-01,0.0,1.000000e+00,-2.404146e-15,2.682089e-14
1.600000e-01,7.200000e-01,0.0,1.000000e+00,-2.190463e-15,3.205756e-14
1.700000e-01,7.200000e-01,0.0,1.000000e+00,-1.709517e-15,3.665308e-14
1.800000e-01,7.200000e-01,0.0,1.000000e+00,-1.335515e-15,4.028642e-14
1.900000e-01,7.200000e-01,0.0,1.000000e+00,-6.410176e-16,4.274472e-14
2.000000e-01,7.200000e-01,0.0,1.000000e+00,0.000000e+00,4.349263e-14
2.100000e-01,7.200000e-01,0.0,1.000000e+00,6.410176e-16,4.274472e-14
2.200000e-01,7.200000e-01,0.0,1.000000e+00,1.335515e-15,4.028642e-14
2.300000e-01,7.200000e-01,0.0,1.000000e+00,1.709517e-15,3.665308e-14
2.400000e-01,7.200000e-01,0.0,1.000000e+00,2.190463e-15,3.205756e-14
2.500000e-01,7.200000e-01,0.0,1.000000e+00,2.404146e-15,2.682089e-14
2.600000e-01,7.200000e-01,0.0,1.000000e+00,2.510848e-15,2.174468e-14
2.700000e-01,7.200000e-01,0.0,1.000000e+00,2.030091e-15,1.672211e-14
2.800000e-01,7.200000e-01,0.0,1.000000e+00,1.656040e-15,1.234096e-14
2.900000e-01,7.200000e-01,0.0,1.000000e+00,1.495728e-15,8.761186e-15
3.000000e-01,7.200000e-01,0.0,1.000000e+00,1.068388e-15,5.876307e-15
3.100000e-01,7.200000e-01,0.0,1.000000e+00,5.876099e-16,3.685956e-15
3.200000e-01,7.200000e-01,0.0,1.000000e+00,3.739262e-16,2.083340e-15
3.300000e-01,7.200000e-01,0.0,1.000000e+00,2.136664e-16,1.121783e-15
3.400000e-01,7.200000e-01,0.0,1.000000e+00,5.341578e-17,4.807545e-16
3.500000e-01,7.200000e-01,0.0,1.000000e+00,2.911640e-33,1.602506e-16
3.600000e-01,7.200000e-01,0.0,1.000000e+00,4.359193e-49,5.341578e-17
3.700000e-01,7.200000e-01,0.0,1.000000e+00,1.254132e-50,0.000000e+00
3.800000e-01,7.200000e-01,0.0,1.000000e+00,0.000000e+00,0.000000e+00
3.900000e-01,7.200000e-01,0.0,1.000000e+00,0.000000e+00,0.000000e+00
4.000000e-01,7.200000e-01,0.0,1.000000e+00,0.000000e+00,0.000000e+00
4.100000e-01,7.200000e-01,0.0,1.000000e+00,0.000000e+00,0.000000e+00
4.200000e-01,7.200000e-01,0.0,1.000000e+00,0.000000e+00,0.000000e+00
4.300000e-01,7.200000e-01,0.0,1.000000e+00,0.000000e+00,0.000000e+00
4.400000e-01,7.200000e-01,0.0,1.000000e+00,0.000000e+00,0.000000e+00
4.500000e-01,7.200000e-01,0.0,1.000000e+00,0.000000e+00,0.000000e+00
4.600000e-01,7.200000e-01,0.0,1.000000e+00,0.000000e+00,0.000000e+00
4.700000e-01,7.200000e-01,0.0,1.000000e+00,0.000000e+00,0.000000e+00
4.800000e-01,7.200000e-01,0.0,1.000000e+00,0.000000e+00,0.000000e+00
4.900000e-01,7.200000e-01,0.0,1.000000e+00,0.000000e+00,0.000000e+00
5.000000e-01,7.200000e-01,0.0,1.000000e+00,0.000000e+00,0.000000e+00
5.100000e-01,7.200000e-01,0.0,1.000000e+00,0.000000e+00,0.000000e+00
5.200000e-01,7.200000e-01,0.0,1.000000e+00,0.000000e+00,0.000000e+00
5.300000e-01,7.200000e-01,0.0,1.000000e+00,0.000000e+00,0.000000e+00
5.400000e-01,7.200000e-01,0.0,1.000000e+00,0.000000e+00,0.000000e+00
5.500000e-01,7.200000e-01,0.0,1.000000e+00,0.000000e+00,0.000000e+00
5.600000e-01,7.200000e-01,0.0,1.000000e+00,0.000000e+00,0.000000e+00
5.700000e-01,7.200000e-01,0.0,1.000000e+00,0.000000e+00,0.000000e+00
5.800000e-01,7.200000e-01,0.0,1.000000e+00,0.000000e+00,0.000000e+00
5.900000e-01,7.200000e-01,0.0,1.000000e+00,0.000000e+00,0.000000e+00
6.000000e-01,7.200000e-01,0.0,1.000000e+00,0.000000e+00,0.000000e+00
6.100000e-01,7.200000e-01,0.0,1.000000e+00,0.000000e+00,0.000000e+00
6.200000e-01,7.200000e-01,0.0,1.000000e+00,0.000000e+00,0.000000e+00
6.300000e-01,7.200000e-01,0.0,1.000000e+00,0.000000e+00,0.000000e+00
6.400000e-01,7.200000e-01,0.0,1.000000e+00,0.000000e+00,0.000000e+00
6.500000e-01,7.200000e-01,0.0,1.000000e+00,0.000000e+00,0.000000e+00
6.600000e-01,7.200000e-01,0.0,1.000000e+00,0.000000e+00,0.000000e+00
6.700000e-01,7.200000e-01,0.0,1.000000e+00,0.000000e+00,0.000000e+00
6.800000e-01,7.200000e-01,0.0,1.000000e+00,0.000000e+00,0.000000e+00
6.900000e-01,7.200000e-01,0.0,1.000000e+00,0.000000e+00,0.000000e+00
7.000000e-01,7.200000e-01,0.0,1.000000e+00,0.000000e+00,0.000000e+00
7.100000e-01,7.200000e-01,0.0,1.000000e+00,0.000000e+00,0.000000e+00
7.200000e-01,7.200000e-01,0.0,1.000000e+00,0.000000e+00,0.000000e+00
7.300000e-01,7.200000e-01,0.0,1.000000e+00,0.000000e+00,0.000000e+00
7.400000e-01,7.200000e-01,0.0,1.000000e+00,0.000000e+00,0.000000e+00
7.500000e-01,7.200000e-01,0.0,1.000000e+00,0.000000e+00,0.000000e+00
7.600000e-01,7.200000e-01,0.0,1.000000e+00,0.000000e+00,0.000000e+00
7.700000e-01,7.200000e-01,0.0,1.000000e+00,0.000000e+00,0.000000e+00
7.800000e-01,7.200000e-01,0.0,1.000000e+00,0.000000e+00,0.000000e+00
7.900000e-01,7.200000e-01,0.0,1.000000e+00,0.000000e+00,0.000000e+00
8.000000e-01,7.200000e-01,0.0,1.000000e+00,0.000000e+00,0.000000e+00
8.100000e-01,7.200000e-01,0.0,1.000000e+00,0.000000e+00,0.000000e+00
8.200000e-01,7.200000e-01,0.0,1.000000e+00,0.000000e+00,0.000000e+00
8.300000e-01,7.200000e-01,0.0,1.000000e+00,0.000000e+00,0.000000e+00
8.400000e-01,7.200000e-01,0.0,1.000000e+00,0.000000e+00,0.000000e+00
8.500000e-01,7.200000e-01,0.0,1.000000e+00,0.000000e+00,0.000000e+00
8.600000e-01,7.200000e-01,0.0,1.000000e+00,0.000000e+00,0.000000e+00
8.700000e-01,7.200000e-01,0.0,1.000000e+00,0.000000e+00,0.000000e+00
8.800000e-01,7.200000e-01,0.0,1.000000e+00,0.000000e+00,0.000000e+00
8.900000e-01,7.200000e-01,0.0,1.000000e+00,0.000000e+00,0.000000e+00
9.000000e-01,7.200000e-01,0.0,1.000000e+00,0.000000e+00,0.000000e+00
9.100000e-01,7.200000e-01,0.0,1.000000e+00,0.000000e+00,0.000000e+00
9.200000e-01,7.200000e-01,0.0,1.000000e+00,0.000000e+00,0.000000e+00
9.300000e-01,7.200000e-01,0.0,1.000000e+00,0.000000e+00,0.000000e+00
9.400000e-01,7.200000e-01,0.0,1.000000e+00,0.000000e+00,0.000000e+00
9.500000e-01,7.200000e-01,0.0,1.000000e+00,0.000000e+00,0.000000e+00
9.600000e-01,7.200000e-01,0.0,1.000000e+00,0.000000e+00,0.000000e+00
9.700000e-01,7.200000e-01,0.0,1.000000e+00,0.000000e+00,0.000000e+00
9.800000e-01,7.200000e-01,0.0,1.000000e+00,0.000000e+00,0.000000e+00
9.900000e-01,7.200000e-01,0.0,1.000000e+00,0.000000e+00,0.000000e+00
1.000000e+00,7.200000e-01,0.0,1.000000e+00,0.000000e+00,0.000000e+00
0.000000e+00,7.300000e-01,0.0,1.000000e+00,0.000000e+00,0.000000e+00
1.000000e-02,7.300000e-01,0.0,1.000000e+00,0.000000e+00,0.000000e+00
2.000000e-02,7.300000e-01,0.0,1.000000e+00,0.000000e+00,0.000000e+00
3.000000e-02,7.300000e-01,0.0,1.000000e+00,0.000000e+00,0.000000e+00
4.000000e-02,7.300000e-01,0.0,1.000000e+00,0.000000e+00,0.000000e+00
5.000000e-02,7.300000e-01,0.0,1.000000e+00,-1.581213e-66,0.000000e+00
6.000000e-02,7.300000e-01,0.0,1.000000e+00,-2.846922e-50,0.000000e+00
7.000000e-02,7.300000e-01,0.0,1.000000e+00,-2.527184e-33,1.068316e-16
8.000000e-02,7.300000e-01,0.0,1.000000e+00,-2.334966e-32,4.273328e-16
9.000000e-02,7.300000e-01,0.0,1.000000e+00,-5.341578e-17,7.478525e-16
1.000000e-01,7.300000e-01,0.0,1.000000e+00,-2.136664e-16,1.442299e-15
1.100000e-01,7.300000e-01,0.0,1.000000e+00,-3.739262e-16,2.403865e-15
1.200000e-01,7.300000e-01,0.0,1.000000e+00,-3.739229e-16,3.632540e-15
1.300000e-01,7.300000e-01,0.0,1.000000e+00,-4.273501e-16,5.074964e-15
1.400000e-01,7.300000e-01,0.0,1.000000e+00,-8.547249e-16,6.570868e-15
1.500000e-01,7.300000e-01,0.0,1.000000e+00,-8.547102e-16,8.387269e-15
1.600000e-01,7.300000e-01,0.0,1.000000e+00,-6.410143e-16,1.009706e-14
1.700000e-01,7.300000e-01,0.0,1.000000e+00,-6.945087e-16,1.153959e-14
1.800000e-01,7.300000e-01,0.0,1.000000e+00,-5.876576e-16,1.276834e-14
1.900000e-01,7.300000e-01,0.0,1.000000e+00,-1.602506e-16,1.378358e-14
2.000000e-01,7.300000e-01,0.0,1.000000e+00,0.000000e+00,1.394384e-14
2.100000e-01,7.300000e-01,0.0,1.000000e+00,1.602506e-16,1.378358e-14
2.200000e-01,7.300000e-01,0.0,1.000000e+00,5.876576e-16,1.276834e-14
2.300000e-01,7.300000e-01,0.0,1.000000e+00,6.945087e-16,1.153959e-14
2.400000e-01,7.300000e-01,0.0,1.000000e+00,6.410143e-16,1.009706e-14
2.500000e-01,7.300000e-01,0.0,1.000000e+00,8.547102e-16,8.387269e-15
2.600000e-01,7.300000e-01,0.0,1.000000e+00,8.547249e-16,6.570868e-15
2.700000e-01,7.300000e-01,0.0,1.000000e+00,4.273501e-16,5.074964e-15
2.800000e-01,7.300000e-01,0.0,1.000000e+00,3.739229e-16,3.632540e-15
2.900000e-01,7.300000e-01,0.0,1.000000e+00,3.739262e-16,2.403865e-15
3.000000e-01,7.300000e-01,0.0,1.000000e+00,2.136664e-16,1.442299e-15
3.100000e-01,7.300000e-01,0.0,1.000000e+00,5.341578e-17,7.478525e-16
3.200000e-01,7.300000e-01,0.0,1.000000e+00,2.334966e-32,4.273328e-16
3.300000e-01,7.300000e-01,0.0,1.000000e+00,2.527184e-33,1.068316e-16
3.400000e-01,7.300000e-01,0.0,1.000000e+00,2.846922e-50,0.000000e+00
3.500000e-01,7.300000e-01,0.0,1.000000e+00,1.581213e-66,0.000000e+00
3.600000e-01,7.300000e-01,0.0,1.000000e+00,0.000000e+00,0.000000e+00
3.700000e-01,7.300000e-01,0.0,1.000000e+00,0.000000e+00,0.000000e+00
3.800000e-01,7.300000e-01,0.0,1.000000e+00,0.000000e+00,0.000000e+00
3.900000e-01,7.300000e-01,0.0,1.000000e+00,0.000000e+00,0.000000e+00
4.000000e-01,7.300000e-01,0.0,1.000000e+00,0.000000e+00,0.000000e+00
4.100000e-01,7.300000e-01,0.0,1.000000e+00,0.000000e+00,0.000000e+00
4.200000e-01,7.300000e-01,0.0,1.000000e+00,0.000000e+00,0.000000e+00
4.300000e-01,7.300000e-01,0.0,1.000000e+00,0.000000e+00,0.000000e+00
4.400000e-01,7.300000e-01,0.0,1.000000e+00,0.000000e+00,0.000000e+00
4.500000e-01,7.300000e-01,0.0,1.000000e+00,0.000000e+00,0.000000e+00
4.600000e-01,7.300000e-01,0.0,1.000000e+00,0.000000e+00,0.000000e+00
4.700000e-01,7.300000e-01,0.0,1.000000e+00,0.000000e+00,0.000000e+00
4.800000e-01,7.300000e-01,0.0,1.000000e+00,0.000000e+00,0.000000e+00
4.900000e-01,7.300000e-01,0.0,1.000000e+00,0.000000e+00,0.000000e+00
5.000000e-01,7.300000e-01,0.0,1.000000e+00,0.000000e+00,0.000000e+00
5.100000e-01,7.300000e-01,0.0,1.000000e+00,0.000000e+00,0.000000e+00
5.200000e-01,7.300000e-01,0.0,1.000000e+00,0.000000e+00,0.000000e+00
5.300000e-01,7.300000e-01,0.0,1.000000e+00,0.000000e+00,0.000000e+00
5.400000e-01,7.300000e-01,0.0,1.000000e+00,0.000000e+00,0.000000e+00
5.500000e-01,7.300000e-01,0.0,1.000000e+00,0.000000e+00,0.000000e+00
5.600000e-01,7.300000e-01,0.0,1.000000e+00,0.000000e+00,0.000000e+00
5.700000e-01,7.300000e-01,0.0,1.000000e+00,0.000000e+00,0.000000e+00
5.800000e-01,7.300000e-01,0.0,1.000000e+00,0.000000e+00,0.000000e+00
5.900000e-01,7.300000e-01,0.0,1.000000e+00,0.000000e+00,0.000000e+00
6.000000e-01,7.300000e-01,0.0,1.000000e+00,0.000000e+00,0.000000e+00
6.100000e-01,7.300000e-01,0.0,1.000000e+00,0.000000e+00,0.000000e+00
6.200000e-01,7.300000e-01,0.0,1.000000e+00,0.000000e+00,0.000000e+00
6.300000e-01,7.300000e-01,0.0,1.000000e+00,0.000000e+00,0.000000e+00
6.400000e-01,7.300000e-01,0.0,1.000000e+00,0.000000e+00,0.000000e+00
6.500000e-01,7.300000e-01,0.0,1.000000e+00,0.000000e+00,0.000000e+00
6.600000e-01,7.300000e-01,0.0,1.000000e+00,0.000000e+00,0.000000e+00
6.700000e-01,7.300000e-01,0.0,1.000000e+00,0.000000e+00,0.000000e+00
6.800000e-01,7.300000e-01,0.0,1.000000e+00,0.000000e+00,0.000000e+00
6.900000e-01,7.300000e-01,0.0,1.000000e+00,0.000000e+00,0.000000e+00
7.000000e-01,7.300000e-01,0.0,1.000000e+00,0.000000e+00,0.000000e+00
7.100000e-01,7.300000e-01,0.0,1.000000e+00,0.000000e+00,0.000000e+00
7.200000e-01,7.300000e-01,0.0,1.000000e+00,0.000000e+00,0.000000e+00
7.300000e-01,7.300000e-01,0.0,1.000000e+00,0.000000e+00,0.000000e+00
7.400000e-01,7.300000e-01,0.0,1.000000e+00,0.000000e+00,0.000000e+00
7.500000e-01,7.300000e-01,0.0,1.000000e+00,0.000000e+00,0.000000e+00
7.600000e-01,7.300000e-01,0.0,1.000000e+00,0.000000e+00,0.000000e+00
7.700000e-01,7.300000e-01,0.0,1.000000e+00,0.000000e+00,0.000000e+00
7.800000e-01,7.300000e-01,0.0,1.000000e+00,0.000000e+00,0.000000e+00
7.900000e-01,7.300000e-01,0.0,1.000000e+00,0.000000e+00,0.000000e+00
8.000000e-01,7.300000e-01,0.0,1.000000e+00,0.000000e+00,0.000000e+00
8.100000e-01,7.300000e-01,0.0,1.000000e+00,0.000000e+00,0.000000e+00
8.200000e-01,7.300000e-01,0.0,1.000000e+00,0.000000e+00,0.000000e+00
8.300000e-01,7.300000e-01,0.0,1.000000e+00,0.000000e+00,0.000000e+00
8.400000e-01,7.300000e-01,0.0,1.000000e+00,0.000000e+00,0.000000e+00
8.500000e-01,7.300000e-01,0.0,1.000000e+00,0.000000e+00,0.000000e+00
8.600000e-01,7.300000e-01,0.0,1.000000e+00,0.000000e+00,0.000000e+00
8.700000e-01,7.300000e-01,0.0,1.000000e+00,0.000000e+00,0.000000e+00
8.800000e-01,7.300000e-01,0.0,1.000000e+00,0.000000e+00,0.000000e+00
8.900000e-01,7.300000e-01,0.0,1.000000e+00,0.000000e+00,0.000000e+00
9.000000e-01,7.300000e-01,0.0,1.000000e+00,0.000000e+00,0.000000e+00
9.100000e-01,7.300000e-01,0.0,1.000000e+00,0.000000e+00,0.000000e+00
9.200000e-01,7.300000e-01,0.0,1.000000e+00,0.000000e+00,0.000000e+00
9.300000e-01,7.300000e-01,0.0,1.000000e+00,0.000000e+00,0.000000e+00
9.400000e-01,7.300000e-01,0.0,1.000000e+00,0.000000e+00,0.000000e+00
9.500000e-01,7.300000e-01,0.0,1.000000e+00,0.000000e+00,0.000000e+00
9.600000e-01,7.300000e-01,0.0,1.000000e+00,0.000000e+00,0.000000e+00
9.700000e-01,7.300000e-01,0.0,1.000000e+00,0.000000e+00,0.000000e+00
9.800000e-01,7.300000e-01,0.0,1.000000e+00,0.000000e+00,0.000000e+00
9.900000e-01,7.300000e-01,0.0,1.000000e+00,0.000000e+00,0.000000e+00
1.000000e+00,7.300000e-01,0.0,1.000000e+00,0.000000e+00,0.000000e+00
0.000000e+00,7.400000e-01,0.0,1.000000e+00,0.000000e+00,0.000000e+00
1.000000e-02,7.400000e-01,0.0,1.000000e+00,0.000000e+00,0.000000e+00
2.000000e-02,7.400000e-01,0.0,1.000000e+00,0.000000e+00,0.000000e+00
3.000000e-02,7.400000e-01,0.0,1.000000e+00,0.000000e+00,0.000000e+00
4.000000e-02,7.400000e-01,0.0,1.000000e+00,0.000000e+00,0.000000e+00
5.000000e-02,7.400000e-01,0.0,1.000000e+00,0.000000e+00,0.000000e+00
6.000000e-02,7.400000e-01,0.0,1.000000e+00,0.000000e+00,0.000000e+00
7.000000e-02,7.400000e-01,0.0,1.000000e+00,0.000000e+00,0.000000e+00
8.000000e-02,7.400000e-01,0.0,1.000000e+00,-1.660726e-50,0.000000e+00
9.000000e-02,7.400000e-01,0.0,1.000000e+00,-5.928270e-49,5.341578e-17
1.000000e-01,7.400000e-01,0.0,1.000000e+00,-3.076393e-33,1.602506e-16
1.100000e-01,7.400000e-01,0.0,1.000000e+00,-2.642540e-32,4.807545e-16
1.200000e-01,7.400000e-01,0.0,1.000000e+00,-5.341578e-17,7.478525e-16
1.300000e-01,7.400000e-01,0.0,1.000000e+00,-5.341578e-17,1.175203e-15
1.400000e-01,7.400000e-01,0.0,1.000000e+00,-1.602506e-16,1.549152e-15
1.500000e-01,7.400000e-01,0.0,1.000000e+00,-1.602506e-16,2.403865e-15
1.600000e-01,7.400000e-01,0.0,1.000000e+00,-2.136756e-16,2.724405e-15
1.700000e-01,7.400000e-01,0.0,1.000000e+00,-2.670914e-16,3.365446e-15
1.800000e-01,7.400000e-01,0.0,1.000000e+00,-4.381783e-31,3.953103e-15
1.900000e-01,7.400000e-01,0.0,1.000000e+00,-3.702936e-32,4.113359e-15
2.000000e-01,7.400000e-01,0.0,1.000000e+00,0.000000e+00,4.113365e-15
2.100000e-01,7.400000e-01,0.0,1.000000e+00,3.702936e-32,4.113359e-15
2.200000e-01,7.400000e-01,0.0,1.000000e+00,4.381783e-31,3.953103e-15
2.300000e-01,7.400000e-01,0.0,1.000000e+00,2.670914e-16,3.365446e-15
2.400000e-01,7.400000e-01,0.0,1.000000e+00,2.136756e-16,2.724405e-15
2.500000e-01,7.400000e-01,0.0,1.000000e+00,1.602506e-16,2.403865e-15
2.600000e-01,7.400000e-01,0.0,1.000000e+00,1.602506e-16,1.549152e-15
2.700000e-01,7.400000e-01,0.0,1.000000e+00,5.341578e-17,1.175203e-15
2.800000e-01,7.400000e-01,0.0,1.000000e+00,5.341578e-17,7.478525e-16
2.900000e-01,7.400000e-01,0.0,1.000000e+00,2.642540e-32,4.807545e-16
3.000000e-01,7.400000e-01,0.0,1.000000e+00,3.076393e-33,1.602506e-16
3.100000e-01,7.400000e-01,0.0,1.000000e+00,5.928270e-49,5.341578e-17
3.200000e-01,7.400000e-01,0.0,1.000000e+00,1.660726e-50,0.000000e+00
3.300000e-01,7.400000e-01,0.0,1.000000e+00,0.000000e+00,0.000000e+00
3.400000e-01,7.400000e-01,0.0,1.000000e+00,0.000000e+00,0.000000e+00
3.500000e-01,7.400000e-01,0.0,1.000000e+00,0.000000e+00,0.000000e+00
3.600000e-01,7.400000e-01,0.0,1.000000e+00,0.000000e+00,0.000000e+00
3.700000e-01,7.400000e-01,0.0,1.000000e+00,0.000000e+00,0.000000e+00
3.800000e-01,7.400000e-01,0.0,1.000000e+00,0.000000e+00,0.000000e+00
3.900000e-01,7.400000e-01,0.0,1.000000e+00,0.000000e+00,0.000000e+00
4.000000e-01,7.400000e-01,0.0,1.000000e+00,0.000000e+00,0.000000e+00
4.100000e-01,7.400000e-01,0.0,1.000000e+00,0.000000e+00,0.000000e+00
4.200000e-01,7.400000e-01,0.0,1.000000e+00,0.000000e+00,0.000000e+00
4.300000e-01,7.400000e-01,0.0,1.000000e+00,0.000000e+00,0.000000e+00
4.400000e-01,7.400000e-01,0.0,1.000000e+00,0.000000e+00,0.000000e+00
4.500000e-01,7.400000e-01,0.0,1.000000e+00,0.000000e+00,0.000000e+00
4.600000e-01,7.400000e-01,0.0,1.000000e+00,0.000000e+00,0.000000e+00
4.700000e-01,7.400000e-01,0.0,1.000000e+00,0.000000e+00,0.000000e+00
4.800000e-01,7.400000e-01,0.0,1.000000e+00,0.000000e+00,0.000000e+00
4.900000e-01,7.400000e-01,0.0,1.000000e+00,0.000000e+00,0.000000e+00
5.000000e-01,7.400000e-01,0.0,1.000000e+00,0.000000e+00,0.000000e+00
5.100000e-01,7.400000e-01,0.0,1.000000e+00,0.000000e+00,0.000000e+00
5.200000e-01,7.400000e-01,0.0,1.000000e+00,0.000000e+00,0.000000e+00
5.300000e-01,7.400000e-01,0.0,1.000000e+00,0.000000e+00,0.000000e+00
5.400000e-01,7.400000e-01,0.0,1.000000e+00,0.000000e+00,0.000000e+00
5.500000e-01,7.400000e-01,0.0,1.000000e+00,0.000000e+00,0.000000e+00
5.600000e-01,7.400000e-01,0.0,1.000000e+00,0.000000e+00,0.000000e+00
5.700000e-01,7.400000e-01,0.0,1.000000e+00,0.000000e+00,0.000000e+00
5.800000e-01,7.400000e-01,0.0,1.000000e+00,0.000000e+00,0.000000e+00
5.900000e-01,7.400000e-01,0.0,1.000000e+00,0.000000e+00,0.000000e+00
6.000000e-01,7.400000e-01,0.0,1.000000e+00,0.000000e+00,0.000000e+00
6.100000e-01,7.400000e-01,0.0,1.000000e+00,0.000000e+00,0.000000e+00
6.200000e-01,7.400000e-01,0.0,1.000000e+00,0.000000e+00,0.000000e+00
6.300000e-01,7.400000e-01,0.0,1.000000e+00,0.000000e+00,0.000000e+00
6.400000e-01,7.400000e-01,0.0,1.000000e+00,0.000000e+00,0.000000e+00
6.500000e-01,7.400000e-01,0.0,1.000000e+00,0.000000e+00,0.000000e+00
6.600000e-01,7.400000e-01,0.0,1.000000e+00,0.000000e+00,0.000000e+00
6.700000e-01,7.400000e-01,0.0,1.000000e+00,0.000000e+00,0.000000e+00
6.800000e-01,7.400000e-01,0.0,1.000000e+00,0.000000e+00,0.000000e+00
6.900000e-01,7.400000e-01,0.0,1.000000e+00,0.000000e+00,0.000000e+00
7.000000e-01,7.400000e-01,0.0,1.000000e+00,0.000000e+00,0.000000e+00
7.100000e-01,7.400000e-01,0.0,1.000000e+00,0.000000e+00,0.000000e+00
7.200000e-01,7.400000e-01,0.0,1.000000e+00,0.000000e+00,0.000000e+00
7.300000e-01,7.400000e-01,0.0,1.000000e+00,0.000000e+00,0.000000e+00
7.400000e-01,7.400000e-01,0.0,1.000000e+00,0.000000e+00,0.000000e+00
7.500000e-01,7.400000e-01,0.0,1.000000e+00,0.000000e+00,0.000000e+00
7.600000e-01,7.400000e-01,0.0,1.000000e+00,0.000000e+00,0.000000e+00
7.700000e-01,7.400000e-01,0.0,1.000000e+00,0.000000e+00,0.000000e+00
7.800000e-01,7.400000e-01,0.0,1.000000e+00,0.000000e+00,0.000000e+00
7.900000e-01,7.400000e-01,0.0,1.000000e+00,0.000000e+00,0.000000e+00
8.000000e-01,7.400000e-01,0.0,1.000000e+00,0.000000e+00,0.000000e+00
8.100000e-01,7.400000e-01,0.0,1.000000e+00,0.000000e+00,0.000000e+00
8.200000e-01,7.400000e-01,0.0,1.000000e+00,0.000000e+00,0.000000e+00
8.300000e-01,7.400000e-01,0.0,1.000000e+00,0.000000e+00,0.000000e+00
8.400000e-01,7.400000e-01,0.0,1.000000e+00,0.000000e+00,0.000000e+00
8.500000e-01,7.400000e-01,0.0,1.000000e+00,0.000000e+00,0.000000e+00
8.600000e-01,7.400000e-01,0.0,1.000000e+00,0.000000e+00,0.000000e+00
8.700000e-01,7.400000e-01,0.0,1.000000e+00,0.000000e+00,0.000000e+00
8.800000e-01,7.400000e-01,0.0,1.000000e+00,0.000000e+00,0.000000e+00
8.900000e-01,7.400000e-01,0.0,1.000000e+00,0.000000e+00,0.000000e+00
9.000000e-01,7.400000e-01,0.0,1.000000e+00,0.000000e+00,0.000000e+00
9.100000e-01,7.400000e-01,0.0,1.000000e+00,0.000000e+00,0.000000e+00
9.200000e-01,7.400000e-01,0.0,1.000000e+00,0.000000e+00,0.000000e+00
9.300000e-01,7.400000e-01,0.0,1.000000e+00,0.000000e+00,0.000000e+00
9.400000e-01,7.400000e-01,0.0,1.000000e+00,0.000000e+00,0.000000e+00
9.500000e-01,7.400000e-01,0.0,1.000000e+00,0.000000e+00,0.000000e+00
9.600000e-01,7.400000e-01,0.0,1.000000e+00,0.000000e+00,0.000000e+00
9.700000e-01,7.400000e-01,0.0,1.000000e+00,0.000000e+00,0.000000e+00
9.800000e-01,7.400000e-01,0.0,1.000000e+00,0.000000e+00,0.000000e+00
9.900000e-01,7.400000e-01,0.0,1.000000e+00,0.000000e+00,0.000000e+00
1.000000e+00,7.400000e-01,0.0,1.000000e+00,0.000000e+00,0.000000e+00
0.000000e+00,7.500000e-01,0.0,1.000000e+00,0.000000e+00,0.000000e+00
1.000000e-02,7.500000e-01,0.0,1.000000e+00,0.000000e+00,0.000000e+00
2.000000e-02,7.500000e-01,0.0,1.000000e+00,0.000000e+00,0.000000e+00
3.000000e-02,7.500000e-01,0.0,1.000000e+00,0.000000e+00,0.000000e+00
4.000000e-02,7.500000e-01,0.0,1.000000e+00,0.000000e+00,0.000000e+00
5.000000e-02,7.500000e-01,0.0,1.000000e+00,0.000000e+00,0.000000e+00
6.000000e-02,7.500000e-01,0.0,1.000000e+00,0.000000e+00,0.000000e+00
7.000000e-02,7.500000e-01,0.0,1.000000e+00,0.000000e+00,0.000000e+00
8.000000e-02,7.500000e-01,0.0,1.000000e+00,0.000000e+00,0.000000e+00
9.000000e-02,7.500000e-01,0.0,1.000000e+00,0.000000e+00,0.000000e+00
1.000000e-01,7.500000e-01,0.0,1.000000e+00,-1.829006e-66,0.000000e+00
1.100000e-01,7.500000e-01,0.0,1.000000e+00,-2.694457e-50,0.000000e+00
1.200000e-01,7.500000e-01,0.0,1.000000e+00,-1.274418e-49,5.341578e-17
1.300000e-01,7.500000e-01,0.0,1.000000e+00,-1.361555e-48,1.068316e-16
1.400000e-01,7.500000e-01,0.0,1.000000e+00,-3.570689e-33,2.670822e-16
1.500000e-01,7.500000e-01,0.0,1.000000e+00,-5.878252e-33,4.807545e-16
1.600000e-01,7.500000e-01,0.0,1.000000e+00,-2.301897e-32,5.875927e-16
1.700000e-01,7.500000e-01,0.0,1.000000e+00,-3.054701e-32,7.478525e-16
1.800000e-01,7.500000e-01,0.0,1.000000e+00,-5.608214e-47,8.012770e-16
1.900000e-01,7.500000e-01,0.0,1.000000e+00,-2.896231e-76,8.012770e-16
2.000000e-01,7.500000e-01,0.0,1.000000e+00,0.000000e+00,9.081086e-16
2.100000e-01,7.500000e-01,0.0,1.000000e+00,2.896231e-76,8.012770e-16
2.200000e-01,7.500000e-01,0.0,1.000000e+00,5.608214e-47,8.012770e-16
2.300000e-01,7.500000e-01,0.0,1.000000e+00,3.054701e-32,7.478525e-16
2.400000e-01,7.500000e-01,0.0,1.000000e+00,2.301897e-32,5.875927e-16
2.500000e-01,7.500000e-01,0.0,1.000000e+00,5.878252e-33,4.807545e-16
2.600000e-01,7.500000e-01,0.0,1.000000e+00,3.570689e-33,2.670822e-16
2.700000e-01,7.500000e-01,0.0,1.000000e+00,1.361555e-48,1.068316e-16
2.800000e-01,7.500000e-01,0.0,1.000000e+00,1.274418e-49,5.341578e-17
2.900000e-01,7.500000e-01,0.0,1.000000e+00,2.694457e-50,0.000000e+00
3.000000e-01,7.500000e-01,0.0,1.000000e+00,1.829006e-66,0.000000e+00
3.100000e-01,7.500000e-01,0.0,1.000000e+00,0.000000e+00,0.000000e+00
3.200000e-01,7.500000e-01,0.0,1.000000e+00,0.000000e+00,0.000000e+00
3.300000e-01,7.500000e-01,0.0,1.000000e+00,0.000000e+00,0.000000e+00
3.400000e-01,7.500000e-01,0.0,1.000000e+00,0.000000e+00,0.000000e+00
3.500000e-01,7.500000e-01,0.0,1.000000e+00,0.000000e+00,0.000000e+00
3.600000e-01,7.500000e-01,0.0,1.000000e+00,0.000000e+00,0.000000e+00
3.700000e-01,7.500000e-01,0.0,1.000000e+00,0.000000e+00,0.000000e+00
3.800000e-01,7.500000e-01,0.0,1.000000e+00,0.000000e+00,0.000000e+00
3.900000e-01,7.500000e-01,0.0,1.000000e+00,0.000000e+00,0.000000e+00
4.000000e-01,7.500000e-01,0.0,1.000000e+00,0.000000e+00,0.000000e+00
4.100000e-01,7.500000e-01,0.0,1.000000e+00,0.000000e+00,0.000000e+00
4.200000e-01,7.500000e-01,0.0,1.000000e+00,0.000000e+00,0.000000e+00
4.300000e-01,7.500000e-01,0.0,1.000000e+00,0.000000e+00,0.000000e+00
4.400000e-01,7.500000e-01,0.0,1.000000e+00,0.000000e+00,0.000000e+00
4.500000e-01,7.500000e-01,0.0,1.000000e+00,0.000000e+00,0.000000e+00
4.600000e-01,7.500000e-01,0.0,1.000000e+00,0.000000e+00,0.000000e+00
4.700000e-01,7.500000e-01,0.0,1.000000e+00,0.000000e+00,0.000000e+00
4.800000e-01,7.500000e-01,0.0,1.000000e+00,0.000000e+00,0.000000e+00
4.900000e-01,7.500000e-01,0.0,1.000000e+00,0.000000e+00,0.000000e+00
5.000000e-01,7.500000e-01,0.0,1.000000e+00,0.000000e+00,0.000000e+00
5.100000e-01,7.500000e-01,0.0,1.000000e+00,0.000000e+00,0.000000e+00
5.200000e-01,7.500000e-01,0.0,1.000000e+00,0.000000e+00,0.000000e+00
5.300000e-01,7.500000e-01,0.0,1.000000e+00,0.000000e+00,0.000000e+00
5.400000e-01,7.500000e-01,0.0,1.000000e+00,0.000000e+00,0.000000e+00
5.500000e-01,7.500000e-01,0.0,1.000000e+00,0.000000e+00,0.000000e+00
5.600000e-01,7.500000e-01,0.0,1.000000e+00,0.000000e+00,0.000000e+00
5.700000e-01,7.500000e-01,0.0,1.000000e+00,0.000000e+00,0.000000e+00
5.800000e-01,7.500000e-01,0.0,1.000000e+00,0.000000e+00,0.000000e+00
5.900000e-01,7.500000e-01,0.0,1.000000e+00,0.000000e+00,0.000000e+00
6.000000e-01,7.500000e-01,0.0,1.000000e+00,0.000000e+00,0.000000e+00
6.100000e-01,7.500000e-01,0.0,1.000000e+00,0.000000e+00,0.000000e+00
6.200000e-01,7.500000e-01,0.0,1.000000e+00,0.000000e+00,0.000000e+00
6.300000e-01,7.500000e-01,0.0,1.000000e+00,0.000000e+00,0.000000e+00
6.400000e-01,7.500000e-01,0.0,1.000000e+00,0.000000e+00,0.000000e+00
6.500000e-01,7.500000e-01,0.0,1.000000e+00,0.000000e+00,0.000000e+00
6.600000e-01,7.500000e-01,0.0,1.000000e+00,0.000000e+00,0.000000e+00
6.700000e-01,7.500000e-01,0.0,1.000000e+00,0.000000e+00,0.000000e+00
6.800000e-01,7.500000e-01,0.0,1.000000e+00,0.000000e+00,0.000000e+00
6.900000e-01,7.500000e-01,0.0,1.000000e+00,0.000000e+00,0.000000e+00
7.000000e-01,7.500000e-01,0.0,1.000000e+00,0.000000e+00,0.000000e+00
7.100000e-01,7.500000e-01,0.0,1.000000e+00,0.000000e+00,0.000000e+00
7.200000e-01,7.500000e-01,0.0,1.000000e+00,0.000000e+00,0.000000e+00
7.300000e-01,7.500000e-01,0.0,1.000000e+00,0.000000e+00,0.000000e+00
7.400000e-01,7.500000e-01,0.0,1.000000e+00,0.000000e+00,0.000000e+00
7.500000e-01,7.500000e-01,0.0,1.000000e+00,0.000000e+00,0.000000e+00
7.600000e-01,7.500000e-01,0.0,1.000000e+00,0.000000e+00,0.000000e+00
7.700000e-01,7.500000e-01,0.0,1.000000e+00,0.000000e+00,0.000000e+00
7.800000e-01,7.500000e-01,0.0,1.000000e+00,0.000000e+00,0.000000e+00
7.900000e-01,7.500000e-01,0.0,1.000000e+00,0.000000e+00,0.000000e+00
8.000000e-01,7.500000e-01,0.0,1.000000e+00,0.000000e+00,0.000000e+00
8.100000e-01,7.500000e-01,0.0,1.000000e+00,0.000000e+00,0.000000e+00
8.200000e-01,7.500000e-01,0.0,1.000000e+00,0.000000e+00,0.000000e+00
8.300000e-01,7.500000e-01,0.0,1.000000e+00,0.000000e+00,0.000000e+00
8.400000e-01,7.500000e-01,0.0,1.000000e+00,0.000000e+00,0.000000e+00
8.500000e-01,7.500000e-01,0.0,1.000000e+00,0.000000e+00,0.000000e+00
8.600000e-01,7.500000e-01,0.0,1.000000e+00,0.000000e+00,0.000000e+00
8.700000e-01,7.500000e-01,0.0,1.000000e+00,0.000000e+00,0.000000e+00
8.800000e-01,7.500000e-01,0.0,1.000000e+00,0.000000e+00,0.000000e+00
8.900000e-01,7.500000e-01,0.0,1.000000e+00,0.000000e+00,0.000000e+00
9.000000e-01,7.500000e-01,0.0,1.000000e+00,0.000000e+00,0.000000e+00
9.100000e-01,7.500000e-01,0.0,1.000000e+00,0.000000e+00,0.000000e+00
9.200000e-01,7.500000e-01,0.0,1.000000e+00,0.000000e+00,0.000000e+00
9.300000e-01,7.500000e-01,0.0,1.000000e+00,0.000000e+00,0.000000e+00
9.400000e-01,7.500000e-01,0.0,1.000000e+00,0.000000e+00,0.000000e+00
9.500000e-01,7.500000e-01,0.0,1.000000e+00,0.000000e+00,0.000000e+00
9.600000e-01,7.500000e-01,0.0,1.000000e+00,0.000000e+00,0.000000e+00
9.700000e-01,7.500000e-01,0.0,1.000000e+00,0.000000e+00,0.000000e+00
9.800000e-01,7.500000e-01,0.0,1.000000e+00,0.000000e+00,0.000000e+00
9.900000e-01,7.500000e-01,0.0,1.000000e+00,0.000000e+00,0.000000e+00
1.000000e+00,7.500000e-01,0.0,1.000000e+00,0.000000e+00,0.000000e+00
0.000000e+00,7.600000e-01,0.0,1.000000e+00,0.000000e+00,0.000000e+00
1.000000e-02,7.600000e-01,0.0,1.000000e+00,0.000000e+00,0.000000e+00
2.000000e-02,7.600000e-01,0.0,1.000000e+00,0.000000e+00,0.000000e+00
3.000000e-02,7.600000e-01,0.0,1.000000e+00,0.000000e+00,0.000000e+00
4.000000e-02,7.600000e-01,0.0,1.000000e+00,0.000000e+00,0.000000e+00
5.000000e-02,7.600000e-01,0.0,1.000000e+00,0.000000e+00,0.000000e+00
6.000000e-02,7.600000e-01,0.0,1.000000e+00,0.000000e+00,0.000000e+00
7.000000e-02,7.600000e-01,0.0,1.000000e+00,0.000000e+00,0.000000e+00
8.000000e-02,7.600000e-01,0.0,1.000000e+00,0.000000e+00,0.000000e+00
9.000000e-02,7.600000e-01,0.0,1.000000e+00,0.000000e+00,0.000000e+00
1.000000e-01,7.600000e-01,0.0,1.000000e+00,0.000000e+00,0.000000e+00
1.100000e-01,7.600000e-01,0.0,1.000000e+00,0.000000e+00,0.000000e+00
1.200000e-01,7.600000e-01,0.0,1.000000e+00,0.000000e+00,0.000000e+00
1.300000e-01,7.600000e-01,0.0,1.000000e+00,0.000000e+00,0.000000e+00
1.400000e-01,7.600000e-01,0.0,1.000000e+00,-2.421965e-66,0.000000e+00
1.500000e-01,7.600000e-01,0.0,1.000000e+00,-1.617161e-65,0.000000e+00
1.600000e-01,7.600000e-01,0.0,1.000000e+00,-5.507269e-50,0.000000e+00
1.700000e-01,7.600000e-01,0.0,1.000000e+00,-1.233759e-49,5.341578e-17
1.800000e-01,7.600000e-01,0.0,1.000000e+00,-3.637823e-64,5.341578e-17
1.900000e-01,7.600000e-01,0.0,1.000000e+00,-8.804882e-94,5.341578e-17
2.000000e-01,7.600000e-01,0.0,1.000000e+00,0.000000e+00,5.341578e-17
2.100000e-01,7.600000e-01,0.0,1.000000e+00,8.804882e-94,5.341578e-17
2.200000e-01,7.600000e-01,0.0,1.000000e+00,3.637823e-64,5.341578e-17
2.300000e-01,7.600000e-01,0.0,1.000000e+00,1.233759e-49,5.341578e-17
2.400000e-01,7.600000e-01,0.0,1.000000e+00,5.507269e-50,0.000000e+00
2.500000e-01,7.600000e-01,0.0,1.000000e+00,1.617161e-65,0.000000e+00
2.600000e-01,7.600000e-01,0.0,1.000000e+00,2.421965e-66,0.000000e+00
2.700000e-01,7.600000e-01,0.0,1.000000e+00,0.000000e+00,0.000000e+00
2.800000e-01,7.600000e-01,0.0,1.000000e+00,0.000000e+00,0.000000e+00
2.900000e-01,7.600000e-01,0.0,1.000000e+00,0.000000e+00,0.000000e+00
3.000000e-01,7.600000e-01,0.0,1.000000e+00,0.000000e+00,0.000000e+00
3.100000e-01,7.600000e-01,0.0,1.000000e+00,0.000000e+00,0.000000e+00
3.200000e-01,7.600000e-01,0.0,1.000000e+00,0.000000e+00,0.000000e+00
3.300000e-01,7.600000e-01,0.0,1.000000e+00,0.000000e+00,0.000000e+00
3.400000e-01,7.600000e-01,0.0,1.000000e+00,0.000000e+00,0.000000e+00
3.500000e-01,7.600000e-01,0.0,1.000000e+00,0.000000e+00,0.000000e+00
3.600000e-01,7.600000e-01,0.0,1.000000e+00,0.000000e+00,0.000000e+00
3.700000e-01,7.600000e-01,0.0,1.000000e+00,0.000000e+00,0.000000e+00
3.800000e-01,7.600000e-01,0.0,1.000000e+00,0.000000e+00,0.000000e+00
3.900000e-01,7.600000e-01,0.0,1.000000e+00,0.000000e+00,0.000000e+00
4.000000e-01,7.600000e-01,0.0,1.000000e+00,0.000000e+00,0.000000e+00
4.100000e-01,7.600000e-01,0.0,1.000000e+00,0.000000e+00,0.000000e+00
4.200000e-01,7.600000e-01,0.0,1.000000e+00,0.000000e+00,0.000000e+00
4.300000e-01,7.600000e-01,0.0,1.000000e+00,0.000000e+00,0.000000e+00
4.400000e-01,7.600000e-01,0.0,1.000000e+00,0.000000e+00,0.000000e+00
4.500000e-01,7.600000e-01,0.0,1.000000e+00,0.000000e+00,0.000000e+00
4.600000e-01,7.600000e-01,0.0,1.000000e+00,0.000000e+00,0.000000e+00
4.700000e-01,7.600000e-01,0.0,1.000000e+00,0.000000e+00,0.000000e+00
4.800000e-01,7.600000e-01,0.0,1.000000e+00,0.000000e+00,0.000000e+00
4.900000e-01,7.600000e-01,0.0,1.000000e+00,0.000000e+00,0.000000e+00
5.000000e-01,7.600000e-01,0.0,1.000000e+00,0.000000e+00,0.000000e+00
5.100000e-01,7.600000e-01,0.0,1.000000e+00,0.000000e+00,0.000000e+00
5.200000e-01,7.600000e-01,0.0,1.000000e+00,0.000000e+00,0.000000e+00
5.300000e-01,7.600000e-01,0.0,1.000000e+00,0.000000e+00,0.000000e+00
5.400000e-01,7.600000e-01,0.0,1.000000e+00,0.000000e+00,0.000000e+00
5.500000e-01,7.600000e-01,0.0,1.000000e+00,0.000000e+00,0.000000e+00
5.600000e-01,7.600000e-01,0.0,1.000000e+00,0.000000e+00,0.000000e+00
5.700000e-01,7.600000e-01,0.0,1.000000e+00,0.000000e+00,0.000000e+00
5.800000e-01,7.600000e-01,0.0,1.000000e+00,0.000000e+00,0.000000e+00
5.900000e-01,7.600000e-01,0.0,1.000000e+00,0.000000e+00,0.000000e+00
6.000000e-01,7.600000e-01,0.0,1.000000e+00,0.000000e+00,0.000000e+00
6.100000e-01,7.600000e-01,0.0,1.000000e+00,0.000000e+00,0.000000e+00
6.200000e-01,7.600000e-01,0.0,1.000000e+00,0.000000e+00,0.000000e+00
6.300000e-01,7.600000e-01,0.0,1.000000e+00,0.000000e+00,0.000000e+00
6.400000e-01,7.600000e-01,0.0,1.000000e+00,0.000000e+00,0.000000e+00
6.500000e-01,7.600000e-01,0.0,1.000000e+00,0.000000e+00,0.000000e+00
6.600000e-01,7.600000e-01,0.0,1.000000e+00,0.000000e+00,0.000000e+00
6.700000e-01,7.600000e-01,0.0,1.000000e+00,0.000000e+00,0.000000e+00
6.800000e-01,7.600000e-01,0.0,1.000000e+00,0.000000e+00,0.000000e+00
6.900000e-01,7.600000e-01,0.0,1.000000e+00,0.000000e+00,0.000000e+00
7.000000e-01,7.600000e-01,0.0,1.000000e+00,0.000000e+00,0.000000e+00
7.100000e-01,7.600000e-01,0.0,1.000000e+00,0.000000e+00,0.000000e+00
7.200000e-01,7.600000e-01,0.0,1.000000e+00,0.000000e+00,0.000000e+00
7.300000e-01,7.600000e-01,0.0,1.000000e+00,0.000000e+00,0.000000e+00
7.400000e-01,7.600000e-01,0.0,1.000000e+00,0.000000e+00,0.000000e+00
7.500000e-01,7.600000e-01,0.0,1.000000e+00,0.000000e+00,0.000000e+00
7.600000e-01,7.600000e-01,0.0,1.000000e+00,0.000000e+00,0.000000e+00
7.700000e-01,7.600000e-01,0.0,1.000000e+00,0.000000e+00,0.000000e+00
7.800000e-01,7.600000e-01,0.0,1.000000e+00,0.000000e+00,0.000000e+00
7.900000e-01,7.600000e-01,0.0,1.000000e+00,0.000000e+00,0.000000e+00
8.000000e-01,7.600000e-01,0.0,1.000000e+00,0.000000e+00,0.000000e+00
8.100000e-01,7.600000e-01,0.0,1.000000e+00,0.000000e+00,0.000000e+00
8.200000e-01,7.600000e-01,0.0,1.000000e+00,0.000000e+00,0.000000e+00
8.300000e-01,7.600000e-01,0.0,1.000000e+00,0.000000e+00,0.000000e+00
8.400000e-01,7.600000e-01,0.0,1.000000e+00,0.000000e+00,0.000000e+00
8.500000e-01,7.600000e-01,0.0,1.000000e+00,0.000000e+00,0.000000e+00
8.600000e-01,7.600000e-01,0.0,1.000000e+00,0.000000e+00,0.000000e+00
8.700000e-01,7.600000e-01,0.0,1.000000e+00,0.000000e+00,0.000000e+00
8.800000e-01,7.600000e-01,0.0,1.000000e+00,0.000000e+00,0.000000e+00
8.900000e-01,7.600000e-01,0.0,1.000000e+00,0.000000e+00,0.000000e+00
9.000000e-01,7.600000e-01,0.0,1.000000e+00,0.000000e+00,0.000000e+00
9.100000e-01,7.600000e-01,0.0,1.000000e+00,0.000000e+00,0.000000e+00
9.200000e-01,7.600000e-01,0.0,1.000000e+00,0.000000e+00,0.000000e+00
9.300000e-01,7.600000e-01,0.0,1.000000e+00,0.000000e+00,0.000000e+00
9.400000e-01,7.600000e-01,0.0,1.000000e+00,0.000000e+00,0.000000e+00
9.500000e-01,7.600000e-01,0.0,1.000000e+00,0.000000e+00,0.000000e+00
9.600000e-01,7.600000e-01,0.0,1.000000e+00,0.000000e+00,0.000000e+00
9.700000e-01,7.600000e-01,0.0,1.000000e+00,0.000000e+00,0.000000e+00
9.800000e-01,7.600000e-01,0.0,1.000000e+00,0.000000e+00,0.000000e+00
9.900000e-01,7.600000e-01,0.0,1.000000e+00,0.000000e+00,0.000000e+00
1.000000e+00,7.600000e-01,0.0,1.000000e+00,0.000000e+00,0.000000e+00
0.000000e+00,7.700000e-01,0.0,1.000000e+00,0.000000e+00,0.000000e+00
1.000000e-02,7.700000e-01,0.0,1.000000e+00,0.000000e+00,0.000000e+00
2.000000e-02,7.700000e-01,0.0,1.000000e+00,0.000000e+00,0.000000e+00
3.000000e-02,7.700000e-01,0.0,1.000000e+00,0.000000e+00,0.000000e+00
4.000000e-02,7.700000e-01,0.0,1.000000e+00,0.000000e+00,0.000000e+00
5.000000e-02,7.700000e-01,0.0,1.000000e+00,0.000000e+00,0.000000e+00
6.000000e-02,7.700000e-01,0.0,1.000000e+00,0.000000e+00,0.000000e+00
7.000000e-02,7.700000e-01,0.0,1.000000e+00,0.000000e+00,0.000000e+00
8.000000e-02,7.700000e-01,0.0,1.000000e+00,0.000000e+00,0.000000e+00
9.000000e-02,7.700000e-01,0.0,1.000000e+00,0.000000e+00,0.000000e+00
1.000000e-01,7.700000e-01,0.0,1.000000e+00,0.000000e+00,0.000000e+00
1.100000e-01,7.700000e-01,0.0,1.000000e+00,0.000000e+00,0.000000e+00
1.200000e-01,7.700000e-01,0.0,1.000000e+00,0.000000e+00,0.000000e+00
1.300000e-01,7.700000e-01,0.0,1.000000e+00,0.000000e+00,0.000000e+00
1.400000e-01,7.700000e-01,0.0,1.000000e+00,0.000000e+00,0.000000e+00
1.500000e-01,7.700000e-01,0.0,1.000000e+00,0.000000e+00,0.000000e+00
1.600000e-01,7.700000e-01,0.0,1.000000e+00,0.000000e+00,0.000000e+00
1.700000e-01,7.700000e-01,0.0,1.000000e+00,0.000000e+00,0.000000e+00
1.800000e-01,7.700000e-01,0.0,1.000000e+00,0.000000e+00,0.000000e+00
1.900000e-01,7.700000e-01,0.0,1.000000e+00,0.000000e+00,0.000000e+00
2.000000e-01,7.700000e-01,0.0,1.000000e+00,0.000000e+00,0.000000e+00
2.100000e-01,7.700000e-01,0.0,1.000000e+00,0.000000e+00,0.000000e+00
2.200000e-01,7.700000e-01,0.0,1.000000e+00,0.000000e+00,0.000000e+00
2.300000e-01,7.700000e-01,0.0,1.000000e+00,0.000000e+00,0.000000e+00
2.400000e-01,7.700000e-01,0.0,1.000000e+00,0.000000e+00,0.000000e+00
2.500000e-01,7.700000e-01,0.0,1.000000e+00,0.000000e+00,0.000000e+00
2.600000e-01,7.700000e-01,0.0,1.000000e+00,0.000000e+00,0.000000e+00
2.700000e-01,7.700000e-01,0.0,1.000000e+00,0.000000e+00,0.000000e+00
2.800000e-01,7.700000e-01,0.0,1.000000e+00,0.000000e+00,0.000000e+00
2.900000e-01,7.700000e-01,0.0,1.000000e+00,0.000000e+00,0.000000e+00
3.000000e-01,7.700000e-01,0.0,1.000000e+00,0.000000e+00,0.000000e+00
3.100000e-01,7.700000e-01,0.0,1.000000e+00,0.000000e+00,0.000000e+00
3.200000e-01,7.700000e-01,0.0,1.000000e+00,0.000000e+00,0.000000e+00
3.300000e-01,7.700000e-01,0.0,1.000000e+00,0.000000e+00,0.000000e+00
3.400000e-01,7.700000e-01,0.0,1.000000e+00,0.000000e+00,0.000000e+00
3.500000e-01,7.700000e-01,0.0,1.000000e+00,0.000000e+00,0.000000e+00
3.600000e-01,7.700000e-01,0.0,1.000000e+00,0.000000e+00,0.000000e+00
3.700000e-01,7.700000e-01,0.0,1.000000e+00,0.000000e+00,0.000000e+00
3.800000e-01,7.700000e-01,0.0,1.000000e+00,0.000000e+00,0.000000e+00
3.900000e-01,7.700000e-01,0.0,1.000000e+00,0.000000e+00,0.000000e+00
4.000000e-01,7.700000e-01,0.0,1.000000e+00,0.000000e+00,0.000000e+00
4.100000e-01,7.700000e-01,0.0,1.000000e+00,0.000000e+00,0.000000e+00
4.200000e-01,7.700000e-01,0.0,1.000000e+00,0.000000e+00,0.000000e+00
4.300000e-01,7.700000e-01,0.0,1.000000e+00,0.000000e+00,0.000000e+00
4.400000e-01,7.700000e-01,0.0,1.000000e+00,0.000000e+00,0.000000e+00
4.500000e-01,7.700000e-01,0.0,1.000000e+00,0.000000e+00,0.000000e+00
4.600000e-01,7.700000e-01,0.0,1.000000e+00,0.000000e+00,0.000000e+00
4.700000e-01,7.700000e-01,0.0,1.000000e+00,0.000000e+00,0.000000e+00
4.800000e-01,7.700000e-01,0.0,1.000000e+00,0.000000e+00,0.000000e+00
4.900000e-01,7.700000e-01,0.0,1.000000e+00,0.000000e+00,0.000000e+00
5.000000e-01,7.700000e-01,0.0,1.000000e+00,0.000000e+00,0.000000e+00
5.100000e-01,7.700000e-01,0.0,1.000000e+00,0.000000e+00,0.000000e+00
5.200000e-01,7.700000e-01,0.0,1.000000e+00,0.000000e+00,0.000000e+00
5.300000e-01,7.700000e-01,0.0,1.000000e+00,0.000000e+00,0.000000e+00
5.400000e-01,7.700000e-01,0.0,1.000000e+00,0.000000e+00,0.000000e+00
5.500000e-01,7.700000e-01,0.0,1.000000e+00,0.000000e+00,0.000000e+00
5.600000e-01,7.700000e-01,0.0,1.000000e+00,0.000000e+00,0.000000e+00
5.700000e-01,7.700000e-01,0.0,1.000000e+00,0.000000e+00,0.000000e+00
5.800000e-01,7.700000e-01,0.0,1.000000e+00,0.000000e+00,0.000000e+00
5.900000e-01,7.700000e-01,0.0,1.000000e+00,0.000000e+00,0.000000e+00
6.000000e-01,7.700000e-01,0.0,1.000000e+00,0.000000e+00,0.000000e+00
6.100000e-01,7.700000e-01,0.0,1.000000e+00,0.000000e+00,0.000000e+00
6.200000e-01,7.700000e-01,0.0,1.000000e+00,0.000000e+00,0.000000e+00
6.300000e-01,7.700000e-01,0.0,1.000000e+00,0.000000e+00,0.000000e+00
6.400000e-01,7.700000e-01,0.0,1.000000e+00,0.000000e+00,0.000000e+00
6.500000e-01,7.700000e-01,0.0,1.000000e+00,0.000000e+00,0.000000e+00
6.600000e-01,7.700000e-01,0.0,1.000000e+00,0.000000e+00,0.000000e+00
6.700000e-01,7.700000e-01,0.0,1.000000e+00,0.000000e+00,0.000000e+00
6.800000e-01,7.700000e-01,0.0,1.000000e+00,0.000000e+00,0.000000e+00
6.900000e-01,7.700000e-01,0.0,1.000000e+00,0.000000e+00,0.000000e+00
7.000000e-01,7.700000e-01,0.0,1.000000e+00,0.000000e+00,0.000000e+00
7.100000e-01,7.700000e-01,0.0,1.000000e+00,0.000000e+00,0.000000e+00
7.200000e-01,7.700000e-01,0.0,1.000000e+00,0.000000e+00,0.000000e+00
7.300000e-01,7.700000e-01,0.0,1.000000e+00,0.000000e+00,0.000000e+00
7.400000e-01,7.700000e-01,0.0,1.000000e+00,0.000000e+00,0.000000e+00
7.500000e-01,7.700000e-01,0.0,1.000000e+00,0.000000e+00,0.000000e+00
7.600000e-01,7.700000e-01,0.0,1.000000e+00,0.000000e+00,0.000000e+00
7.700000e-01,7.700000e-01,0.0,1.000000e+00,0.000000e+00,0.000000e+00
7.800000e-01,7.700000e-01,0.0,1.000000e+00,0.000000e+00,0.000000e+00
7.900000e-01,7.700000e-01,0.0,1.000000e+00,0.000000e+00,0.000000e+00
8.000000e-01,7.700000e-01,0.0,1.000000e+00,0.000000e+00,0.000000e+00
8.100000e-01,7.700000e-01,0.0,1.000000e+00,0.000000e+00,0.000000e+00
8.200000e-01,7.700000e-01,0.0,1.000000e+00,0.000000e+00,0.000000e+00
8.300000e-01,7.700000e-01,0.0,1.000000e+00,0.000000e+00,0.000000e+00
8.400000e-01,7.700000e-01,0.0,1.000000e+00,0.000000e+00,0.000000e+00
8.500000e-01,7.700000e-01,0.0,1.000000e+00,0.000000e+00,0.000000e+00
8.600000e-01,7.700000e-01,0.0,1.000000e+00,0.000000e+00,0.000000e+00
8.700000e-01,7.700000e-01,0.0,1.000000e+00,0.000000e+00,0.000000e+00
8.800000e-01,7.700000e-01,0.0,1.000000e+00,0.000000e+00,0.000000e+00
8.900000e-01,7.700000e-01,0.0,1.000000e+00,0.000000e+00,0.000000e+00
9.000000e-01,7.700000e-01,0.0,1.000000e+00,0.000000e+00,0.000000e+00
9.100000e-01,7.700000e-01,0.0,1.000000e+00,0.000000e+00,0.000000e+00
9.200000e-01,7.700000e-01,0.0,1.000000e+00,0.000000e+00,0.000000e+00
9.300000e-01,7.700000e-01,0.0,1.000000e+00,0.000000e+00,0.000000e+00
9.400000e-01,7.700000e-01,0.0,1.000000e+00,0.000000e+00,0.000000e+00
9.500000e-01,7.700000e-01,0.0,1.000000e+00,0.000000e+00,0.000000e+00
9.600000e-01,7.700000e-01,0.0,1.000000e+00,0.000000e+00,0.000000e+00
9.700000e-01,7.700000e-01,0.0,1.000000e+00,0.000000e+00,0.000000e+00
9.800000e-01,7.700000e-01,0.0,1.000000e+00,0.000000e+00,0.000000e+00
9.900000e-01,7.700000e-01,0.0,1.000000e+00,0.000000e+00,0.000000e+00
1.000000e+00,7.700000e-01,0.0,1.000000e+00,0.000000e+00,0.000000e+00
0.000000e+00,7.800000e-01,0.0,1.000000e+00,0.000000e+00,0.000000e+00
1.000000e-02,7.800000e-01,0.0,1.000000e+00,0.000000e+00,0.000000e+00
2.000000e-02,7.800000e-01,0.0,1.000000e+00,0.000000e+00,0.000000e+00
3.000000e-02,7.800000e-01,0.0,1.000000e+00,0.000000e+00,0.000000e+00
4.000000e-02,7.800000e-01,0.0,1.000000e+00,0.000000e+00,0.000000e+00
5.000000e-02,7.800000e-01,0.0,1.000000e+00,0.000000e+00,0.000000e+00
6.000000e-02,7.800000e-01,0.0,1.000000e+00,0.000000e+00,0.000000e+00
7.000000e-02,7.800000e-01,0.0,1.000000e+00,0.000000e+00,0.000000e+00
8.000000e-02,7.800000e-01,0.0,1.000000e+00,0.000000e+00,0.000000e+00
9.000000e-02,7.800000e-01,0.0,1.000000e+00,0.000000e+00,0.000000e+00
1.000000e-01,7.800000e-01,0.0,1.000000e+00,0.000000e+00,0.000000e+00
1.100000e-01,7.800000e-01,0.0,1.000000e+00,0.000000e+00,0.000000e+00
1.200000e-01,7.800000e-01,0.0,1.000000e+00,0.000000e+00,0.000000e+00
1.300000e-01,7.800000e-01,0.0,1.000000e+00,0.000000e+00,0.000000e+00
1.400000e-01,7.800000e-01,0.0,1.000000e+00,0.000000e+00,0.000000e+00
1.500000e-01,7.800000e-01,0.0,1.000000e+00,0.000000e+00,0.000000e+00
1.600000e-01,7.800000e-01,0.0,1.000000e+00,0.000000e+00,0.000000e+00
1.700000e-01,7.800000e-01,0.0,1.000000e+00,0.000000e+00,0.000000e+00
1.800000e-01,7.800000e-01,0.0,1.000000e+00,0.000000e+00,0.000000e+00
1.900000e-01,7.800000e-01,0.0,1.000000e+00,0.000000e+00,0.000000e+00
2.000000e-01,7.800000e-01,0.0,1.000000e+00,0.000000e+00,0.000000e+00
2.100000e-01,7.800000e-01,0.0,1.000000e+00,0.000000e+00,0.000000e+00
2.200000e-01,7.800000e-01,0.0,1.000000e+00,0.000000e+00,0.000000e+00
2.300000e-01,7.800000e-01,0.0,1.000000e+00,0.000000e+00,0.000000e+00
2.400000e-01,7.800000e-01,0.0,1.000000e+00,0.000000e+00,0.000000e+00
2.500000e-01,7.800000e-01,0.0,1.000000e+00,0.000000e+00,0.000000e+00
2.600000e-01,7.800000e-01,0.0,1.000000e+00,0.000000e+00,0.000000e+00
2.700000e-01,7.800000e-01,0.0,1.000000e+00,0.000000e+00,0.000000e+00
2.800000e-01,7.800000e-01,0.0,1.000000e+00,0.000000e+00,0.000000e+00
2.900000e-01,7.800000e-01,0.0,1.000000e+00,0.000000e+00,0.000000e+00
3.000000e-01,7.800000e-01,0.0,1.000000e+00,0.000000e+00,0.000000e+00
3.100000e-01,7.800000e-01,0.0,1.000000e+00,0.000000e+00,0.000000e+00
3.200000e-01,7.800000e-01,0.0,1.000000e+00,0.000000e+00,0.000000e+00
3.300000e-01,7.800000e-01,0.0,1.000000e+00,0.000000e+00,0.000000e+00
3.400000e-01,7.800000e-01,0.0,1.000000e+00,0.000000e+00,0.000000e+00
3.500000e-01,7.800000e-01,0.0,1.000000e+00,0.000000e+00,0.000000e+00
3.600000e-01,7.800000e-01,0.0,1.000000e+00,0.000000e+00,0.000000e+00
3.700000e-01,7.800000e-01,0.0,1.000000e+00,0.000000e+00,0.000000e+00
3.800000e-01,7.800000e-01,0.0,1.000000e+00,0.000000e+00,0.000000e+00
3.900000e-01,7.800000e-01,0.0,1.000000e+00,0.000000e+00,0.000000e+00
4.000000e-01,7.800000e-01,0.0,1.000000e+00,0.000000e+00,0.000000e+00
4.100000e-01,7.800000e-01,0.0,1.000000e+00,0.000000e+00,0.000000e+00
4.200000e-01,7.800000e-01,0.0,1.000000e+00,0.000000e+00,0.000000e+00
4.300000e-01,7.800000e-01,0.0,1.000000e+00,0.000000e+00,0.000000e+00
4.400000e-01,7.800000e-01,0.0,1.000000e+00,0.000000e+00,0.000000e+00
4.500000e-01,7.800000e-01,0.0,1.000000e+00,0.000000e+00,0.000000e+00
4.600000e-01,7.800000e-01,0.0,1.000000e+00,0.000000e+00,0.000000e+00
4.700000e-01,7.800000e-01,0.0,1.000000e+00,0.000000e+00,0.000000e+00
4.800000e-01,7.800000e-01,0.0,1.000000e+00,0.000000e+00,0.000000e+00
4.900000e-01,7.800000e-01,0.0,1.000000e+00,0.000000e+00,0.000000e+00
5.000000e-01,7.800000e-01,0.0,1.000000e+00,0.000000e+00,0.000000e+00
5.100000e-01,7.800000e-01,0.0,1.000000e+00,0.000000e+00,0.000000e+00
5.200000e-01,7.800000e-01,0.0,1.000000e+00,0.000000e+00,0.000000e+00
5.300000e-01,7.800000e-01,0.0,1.000000e+00,0.000000e+00,0.000000e+00
5.400000e-01,7.800000e-01,0.0,1.000000e+00,0.000000e+00,0.000000e+00
5.500000e-01,7.800000e-01,0.0,1.000000e+00,0.000000e+00,0.000000e+00
5.600000e-01,7.800000e-01,0.0,1.000000e+00,0.000000e+00,0.000000e+00
5.700000e-01,7.800000e-01,0.0,1.000000e+00,0.000000e+00,0.000000e+00
5.800000e-01,7.800000e-01,0.0,1.000000e+00,0.000000e+00,0.000000e+00
5.900000e-01,7.800000e-01,0.0,1.000000e+00,0.000000e+00,0.000000e+00
6.000000e-01,7.800000e-01,0.0,1.000000e+00,0.000000e+00,0.000000e+00
6.100000e-01,7.800000e-01,0.0,1.000000e+00,0.000000e+00,0.000000e+00
6.200000e-01,7.800000e-01,0.0,1.000000e+00,0.000000e+00,0.000000e+00
6.300000e-01,7.800000e-01,0.0,1.000000e+00,0.000000e+00,0.000000e+00
6.400000e-01,7.800000e-01,0.0,1.000000e+00,0.000000e+00,0.000000e+00
6.500000e-01,7.800000e-01,0.0,1.000000e+00,0.000000e+00,0.000000e+00
6.600000e-01,7.800000e-01,0.0,1.000000e+00,0.000000e+00,0.000000e+00
6.700000e-01,7.800000e-01,0.0,1.000000e+00,0.000000e+00,0.000000e+00
6.800000e-01,7.800000e-01,0.0,1.000000e+00,0.000000e+00,0.000000e+00
6.900000e-01,7.800000e-01,0.0,1.000000e+00,0.000000e+00,0.000000e+00
7.000000e-01,7.800000e-01,0.0,1.000000e+00,0.000000e+00,0.000000e+00
7.100000e-01,7.800000e-01,0.0,1.000000e+00,0.000000e+00,0.000000e+00
7.200000e-01,7.800000e-01,0.0,1.000000e+00,0.000000e+00,0.000000e+00
7.300000e-01,7.800000e-01,0.0,1.000000e+00,0.000000e+00,0.000000e+00
7.400000e-01,7.800000e-01,0.0,1.000000e+00,0.000000e+00,0.000000e+00
7.500000e-01,7.800000e-01,0.0,1.000000e+00,0.000000e+00,0.000000e+00
7.600000e-01,7.800000e-01,0.0,1.000000e+00,0.000000e+00,0.000000e+00
7.700000e-01,7.800000e-01,0.0,1.000000e+00,0.000000e+00,0.000000e+00
7.800000e-01,7.800000e-01,0.0,1.000000e+00,0.000000e+00,0.000000e+00
7.900000e-01,7.800000e-01,0.0,1.000000e+00,0.000000e+00,0.000000e+00
8.000000e-01,7.800000e-01,0.0,1.000000e+00,0.000000e+00,0.000000e+00
8.100000e-01,7.800000e-01,0.0,1.000000e+00,0.000000e+00,0.000000e+00
8.200000e-01,7.800000e-01,0.0,1.000000e+00,0.000000e+00,0.000000e+00
8.300000e-01,7.800000e-01,0.0,1.000000e+00,0.000000e+00,0.000000e+00
8.400000e-01,7.800000e-01,0.0,1.000000e+00,0.000000e+00,0.000000e+00
8.500000e-01,7.800000e-01,0.0,1.000000e+00,0.000000e+00,0.000000e+00
8.600000e-01,7.800000e-01,0.0,1.000000e+00,0.000000e+00,0.000000e+00
8.700000e-01,7.800000e-01,0.0,1.000000e+00,0.000000e+00,0.000000e+00
8.800000e-01,7.800000e-01,0.0,1.000000e+00,0.000000e+00,0.000000e+00
8.900000e-01,7.800000e-01,0.0,1.000000e+00,0.000000e+00,0.000000e+00
9.000000e-01,7.800000e-01,0.0,1.000000e+00,0.000000e+00,0.000000e+00
9.100000e-01,7.800000e-01,0.0,1.000000e+00,0.000000e+00,0.000000e+00
9.200000e-01,7.800000e-01,0.0,1.000000e+00,0.000000e+00,0.000000e+00
9.300000e-01,7.800000e-01,0.0,1.000000e+00,0.000000e+00,0.000000e+00
9.400000e-01,7.800000e-01,0.0,1.000000e+00,0.000000e+00,0.000000e+00
9.500000e-01,7.800000e-01,0.0,1.000000e+00,0.000000e+00,0.000000e+00
9.600000e-01,7.800000e-01,0.0,1.000000e+00,0.000000e+00,0.000000e+00
9.700000e-01,7.800000e-01,0.0,1.000000e+00,0.000000e+00,0.000000e+00
9.800000e-01,7.800000e-01,0.0,1.000000e+00,0.000000e+00,0.000000e+00
9.900000e-01,7.800000e-01,0.0,1.000000e+00,0.000000e+00,0.000000e+00
1.000000e+00,7.800000e-01,0.0,1.000000e+00,0.000000e+00,0.000000e+00
0.000000e+00,7.900000e-01,0.0,1.000000e+00,0.000000e+00,0.000000e+00
1.000000e-02,7.900000e-01,0.0,1.000000e+00,0.000000e+00,0.000000e+00
2.000000e-02,7.900000e-01,0.0,1.000000e+00,0.000000e+00,0.000000e+00
3.000000e-02,7.900000e-01,0.0,1.000000e+00,0.000000e+00,0.000000e+00
4.000000e-02,7.900000e-01,0.0,1.000000e+00,0.000000e+00,0.000000e+00
5.000000e-02,7.900000e-01,0.0,1.000000e+00,0.000000e+00,0.000000e+00
6.000000e-02,7.900000e-01,0.0,1.000000e+00,0.000000e+00,0.000000e+00
7.000000e-02,7.900000e-01,0.0,1.000000e+00,0.000000e+00,0.000000e+00
8.000000e-02,7.900000e-01,0.0,1.000000e+00,0.000000e+00,0.000000e+00
9.000000e-02,7.900000e-01,0.0,1.000000e+00,0.000000e+00,0.000000e+00
1.000000e-01,7.900000e-01,0.0,1.000000e+00,0.000000e+00,0.000000e+00
1.100000e-01,7.900000e-01,0.0,1.000000e+00,0.000000e+00,0.000000e+00
1.200000e-01,7.900000e-01,0.0,1.000000e+00,0.000000e+00,0.000000e+00
1.300000e-01,7.900000e-01,0.0,1.000000e+00,0.000000e+00,0.000000e+00
1.400000e-01,7.900000e-01,0.0,1.000000e+00,0.000000e+00,0.000000e+00
1.500000e-01,7.900000e-01,0.0,1.000000e+00,0.000000e+00,0.000000e+00
1.600000e-01,7.900000e-01,0.0,1.000000e+00,0.000000e+00,0.000000e+00
1.700000e-01,7.900000e-01,0.0,1.000000e+00,0.000000e+00,0.000000e+00
1.800000e-01,7.900000e-01,0.0,1.000000e+00,0.000000e+00,0.000000e+00
1.900000e-01,7.900000e-01,0.0,1.000000e+00,0.000000e+00,0.000000e+00
2.000000e-01,7.900000e-01,0.0,1.000000e+00,0.000000e+00,0.000000e+00
2.100000e-01,7.900000e-01,0.0,1.000000e+00,0.000000e+00,0.000000e+00
2.200000e-01,7.900000e-01,0.0,1.000000e+00,0.000000e+00,0.000000e+00
2.300000e-01,7.900000e-01,0.0,1.000000e+00,0.000000e+00,0.000000e+00
2.400000e-01,7.900000e-01,0.0,1.000000e+00,0.000000e+00,0.000000e+00
2.500000e-01,7.900000e-01,0.0,1.000000e+00,0.000000e+00,0.000000e+00
2.600000e-01,7.900000e-01,0.0,1.000000e+00,0.000000e+00,0.000000e+00
2.700000e-01,7.900000e-01,0.0,1.000000e+00,0.000000e+00,0.000000e+00
2.800000e-01,7.900000e-01,0.0,1.000000e+00,0.000000e+00,0.000000e+00
2.900000e-01,7.900000e-01,0.0,1.000000e+00,0.000000e+00,0.000000e+00
3.000000e-01,7.900000e-01,0.0,1.000000e+00,0.000000e+00,0.000000e+00
3.100000e-01,7.900000e-01,0.0,1.000000e+00,0.000000e+00,0.000000e+00
3.200000e-01,7.900000e-01,0.0,1.000000e+00,0.000000e+00,0.000000e+00
3.300000e-01,7.900000e-01,0.0,1.000000e+00,0.000000e+00,0.000000e+00
3.400000e-01,7.900000e-01,0.0,1.000000e+00,0.000000e+00,0.000000e+00
3.500000e-01,7.900000e-01,0.0,1.000000e+00,0.000000e+00,0.000000e+00
3.600000e-01,7.900000e-01,0.0,1.000000e+00,0.000000e+00,0.000000e+00
3.700000e-01,7.900000e-01,0.0,1.000000e+00,0.000000e+00,0.000000e+00
3.800000e-01,7.900000e-01,0.0,1.000000e+00,0.000000e+00,0.000000e+00
3.900000e-01,7.900000e-01,0.0,1.000000e+00,0.000000e+00,0.000000e+00
4.000000e-01,7.900000e-01,0.0,1.000000e+00,0.000000e+00,0.000000e+00
4.100000e-01,7.900000e-01,0.0,1.000000e+00,0.000000e+00,0.000000e+00
4.200000e-01,7.900000e-01,0.0,1.000000e+00,0.000000e+00,0.000000e+00
4.300000e-01,7.900000e-01,0.0,1.000000e+00,0.000000e+00,0.000000e+00
4.400000e-01,7.900000e-01,0.0,1.000000e+00,0.000000e+00,0.000000e+00
4.500000e-01,7.900000e-01,0.0,1.000000e+00,0.000000e+00,0.000000e+00
4.600000e-01,7.900000e-01,0.0,1.000000e+00,0.000000e+00,0.000000e+00
4.700000e-01,7.900000e-01,0.0,1.000000e+00,0.000000e+00,0.000000e+00
4.800000e-01,7.900000e-01,0.0,1.000000e+00,0.000000e+00,0.000000e+00
4.900000e-01,7.900000e-01,0.0,1.000000e+00,0.000000e+00,0.000000e+00
5.000000e-01,7.900000e-01,0.0,1.000000e+00,0.000000e+00,0.000000e+00
5.100000e-01,7.900000e-01,0.0,1.000000e+00,0.000000e+00,0.000000e+00
5.200000e-01,7.900000e-01,0.0,1.000000e+00,0.000000e+00,0.000000e+00
5.300000e-01,7.900000e-01,0.0,1.000000e+00,0.000000e+00,0.000000e+00
5.400000e-01,7.900000e-01,0.0,1.000000e+00,0.000000e+00,0.000000e+00
5.500000e-01,7.900000e-01,0.0,1.000000e+00,0.000000e+00,0.000000e+00
5.600000e-01,7.900000e-01,0.0,1.000000e+00,0.000000e+00,0.000000e+00
5.700000e-01,7.900000e-01,0.0,1.000000e+00,0.000000e+00,0.000000e+00
5.800000e-01,7.900000e-01,0.0,1.000000e+00,0.000000e+00,0.000000e+00
5.900000e-01,7.900000e-01,0.0,1.000000e+00,0.000000e+00,0.000000e+00
6.000000e-01,7.900000e-01,0.0,1.000000e+00,0.000000e+00,0.000000e+00
6.100000e-01,7.900000e-01,0.0,1.000000e+00,0.000000e+00,0.000000e+00
6.200000e-01,7.900000e-01,0.0,1.000000e+00,0.000000e+00,0.000000e+00
6.300000e-01,7.900000e-01,0.0,1.000000e+00,0.000000e+00,0.000000e+00
6.400000e-01,7.900000e-01,0.0,1.000000e+00,0.000000e+00,0.000000e+00
6.500000e-01,7.900000e-01,0.0,1.000000e+00,0.000000e+00,0.000000e+00
6.600000e-01,7.900000e-01,0.0,1.000000e+00,0.000000e+00,0.000000e+00
6.700000e-01,7.900000e-01,0.0,1.000000e+00,0.000000e+00,0.000000e+00
6.800000e-01,7.900000e-01,0.0,1.000000e+00,0.000000e+00,0.000000e+00
6.900000e-01,7.900000e-01,0.0,1.000000e+00,0.000000e+00,0.000000e+00
7.000000e-01,7.900000e-01,0.0,1.000000e+00,0.000000e+00,0.000000e+00
7.100000e-01,7.900000e-01,0.0,1.000000e+00,0.000000e+00,0.000000e+00
7.200000e-01,7.900000e-01,0.0,1.000000e+00,0.000000e+00,0.000000e+00
7.300000e-01,7.900000e-01,0.0,1.000000e+00,0.000000e+00,0.000000e+00
7.400000e-01,7.900000e-01,0.0,1.000000e+00,0.000000e+00,0.000000e+00
7.500000e-01,7.900000e-01,0.0,1.000000e+00,0.000000e+00,0.000000e+00
7.600000e-01,7.900000e-01,0.0,1.000000e+00,0.000000e+00,0.000000e+00
7.700000e-01,7.900000e-01,0.0,1.000000e+00,0.000000e+00,0.000000e+00
7.800000e-01,7.900000e-01,0.0,1.000000e+00,0.000000e+00,0.000000e+00
7.900000e-01,7.900000e-01,0.0,1.000000e+00,0.000000e+00,0.000000e+00
8.000000e-01,7.900000e-01,0.0,1.000000e+00,0.000000e+00,0.000000e+00
8.100000e-01,7.900000e-01,0.0,1.000000e+00,0.000000e+00,0.000000e+00
8.200000e-01,7.900000e-01,0.0,1.000000e+00,0.000000e+00,0.000000e+00
8.300000e-01,7.900000e-01,0.0,1.000000e+00,0.000000e+00,0.000000e+00
8.400000e-01,7.900000e-01,0.0,1.000000e+00,0.000000e+00,0.000000e+00
8.500000e-01,7.900000e-01,0.0,1.000000e+00,0.000000e+00,0.000000e+00
8.600000e-01,7.900000e-01,0.0,1.000000e+00,0.000000e+00,0.000000e+00
8.700000e-01,7.900000e-01,0.0,1.000000e+00,0.000000e+00,0.000000e+00
8.800000e-01,7.900000e-01,0.0,1.000000e+00,0.000000e+00,0.000000e+00
8.900000e-01,7.900000e-01,0.0,1.000000e+00,0.000000e+00,0.000000e+00
9.000000e-01,7.900000e-01,0.0,1.000000e+00,0.000000e+00,0.000000e+00
9.100000e-01,7.900000e-01,0.0,1.000000e+00,0.000000e+00,0.000000e+00
9.200000e-01,7.900000e-01,0.0,1.000000e+00,0.000000e+00,0.000000e+00
9.300000e-01,7.900000e-01,0.0,1.000000e+00,0.000000e+00,0.000000e+00
9.400000e-01,7.900000e-01,0.0,1.000000e+00,0.000000e+00,0.000000e+00
9.500000e-01,7.900000e-01,0.0,1.000000e+00,0.000000e+00,0.000000e+00
9.600000e-01,7.900000e-01,0.0,1.000000e+00,0.000000e+00,0.000000e+00
9.700000e-01,7.900000e-01,0.0,1.000000e+00,0.000000e+00,0.000000e+00
9.800000e-01,7.900000e-01,0.0,1.000000e+00,0.000000e+00,0.000000e+00
9.900000e-01,7.900000e-01,0.0,1.000000e+00,0.000000e+00,0.000000e+00
1.000000e+00,7.900000e-01,0.0,1.000000e+00,0.000000e+00,0.000000e+00
0.000000e+00,8.000000e-01,0.0,1.000000e+00,0.000000e+00,0.000000e+00
1.000000e-02,8.000000e-01,0.0,1.000000e+00,0.000000e+00,0.000000e+00
2.000000e-02,8.000000e-01,0.0,1.000000e+00,0.000000e+00,0.000000e+00
3.000000e-02,8.000000e-01,0.0,1.000000e+00,0.000000e+00,0.000000e+00
4.000000e-02,8.000000e-01,0.0,1.000000e+00,0.000000e+00,0.000000e+00
5.000000e-02,8.000000e-01,0.0,1.000000e+00,0.000000e+00,0.000000e+00
6.000000e-02,8.000000e-01,0.0,1.000000e+00,0.000000e+00,0.000000e+00
7.000000e-02,8.000000e-01,0.0,1.000000e+00,0.000000e+00,0.000000e+00
8.000000e-02,8.000000e-01,0.0,1.000000e+00,0.000000e+00,0.000000e+00
9.000000e-02,8.000000e-01,0.0,1.000000e+00,0.000000e+00,0.000000e+00
1.000000e-01,8.000000e-01,0.0,1.000000e+00,0.000000e+00,0.000000e+00
1.100000e-01,8.000000e-01,0.0,1.000000e+00,0.000000e+00,0.000000e+00
1.200000e-01,8.000000e-01,0.0,1.000000e+00,0.000000e+00,0.000000e+00
1.300000e-01,8.000000e-01,0.0,1.000000e+00,0.000000e+00,0.000000e+00
1.400000e-01,8.000000e-01,0.0,1.000000e+00,0.000000e+00,0.000000e+00
1.500000e-01,8.000000e-01,0.0,1.000000e+00,0.000000e+00,0.000000e+00
1.600000e-01,8.000000e-01,0.0,1.000000e+00,0.000000e+00,0.000000e+00
1.700000e-01,8.000000e-01,0.0,1.000000e+00,0.000000e+00,0.000000e+00
1.800000e-01,8.000000e-01,0.0,1.000000e+00,0.000000e+00,0.000000e+00
1.900000e-01,8.000000e-01,0.0,1.000000e+00,0.000000e+00,0.000000e+00
2.000000e-01,8.000000e-01,0.0,1.000000e+00,0.000000e+00,0.000000e+00
2.100000e-01,8.000000e-01,0.0,1.000000e+00,0.000000e+00,0.000000e+00
2.200000e-01,8.000000e-01,0.0,1.000000e+00,0.000000e+00,0.000000e+00
2.300000e-01,8.000000e-01,0.0,1.000000e+00,0.000000e+00,0.000000e+00
2.400000e-01,8.000000e-01,0.0,1.000000e+00,0.000000e+00,0.000000e+00
2.500000e-01,8.000000e-01,0.0,1.000000e+00,0.000000e+00,0.000000e+00
2.600000e-01,8.000000e-01,0.0,1.000000e+00,0.000000e+00,0.000000e+00
2.700000e-01,8.000000e-01,0.0,1.000000e+00,0.000000e+00,0.000000e+00
2.800000e-01,8.000000e-01,0.0,1.000000e+00,0.000000e+00,0.000000e+00
2.900000e-01,8.000000e-01,0.0,1.000000e+00,0.000000e+00,0.000000e+00
3.000000e-01,8.000000e-01,0.0,1.000000e+00,0.000000e+00,0.000000e+00
3.100000e-01,8.000000e-01,0.0,1.000000e+00,0.000000e+00,0.000000e+00
3.200000e-01,8.000000e-01,0.0,1.000000e+00,0.000000e+00,0.000000e+00
3.300000e-01,8.000000e-01,0.0,1.000000e+00,0.000000e+00,0.000000e+00
3.400000e-01,8.000000e-01,0.0,1.000000e+00,0.000000e+00,0.000000e+00
3.500000e-01,8.000000e-01,0.0,1.000000e+00,0.000000e+00,0.000000e+00
3.600000e-01,8.000000e-01,0.0,1.000000e+00,0.000000e+00,0.000000e+00
3.700000e-01,8.000000e-01,0.0,1.000000e+00,0.000000e+00,0.000000e+00
3.800000e-01,8.000000e-01,0.0,1.000000e+00,0.000000e+00,0.000000e+00
3.900000e-01,8.000000e-01,0.0,1.000000e+00,0.000000e+00,0.000000e+00
4.000000e-01,8.000000e-01,0.0,1.000000e+00,0.000000e+00,0.000000e+00
4.100000e-01,8.000000e-01,0.0,1.000000e+00,0.000000e+00,0.000000e+00
4.200000e-01,8.000000e-01,0.0,1.000000e+00,0.000000e+00,0.000000e+00
4.300000e-01,8.000000e-01,0.0,1.000000e+00,0.000000e+00,0.000000e+00
4.400000e-01,8.000000e-01,0.0,1.000000e+00,0.000000e+00,0.000000e+00
4.500000e-01,8.000000e-01,0.0,1.000000e+00,0.000000e+00,0.000000e+00
4.600000e-01,8.000000e-01,0.0,1.000000e+00,0.000000e+00,0.000000e+00
4.700000e-01,8.000000e-01,0.0,1.000000e+00,0.000000e+00,0.000000e+00
4.800000e-01,8.000000e-01,0.0,1.000000e+00,0.000000e+00,0.000000e+00
4.900000e-01,8.000000e-01,0.0,1.000000e+00,0.000000e+00,0.000000e+00
5.000000e-01,8.000000e-01,0.0,1.000000e+00,0.000000e+00,0.000000e+00
5.100000e-01,8.000000e-01,0.0,1.000000e+00,0.000000e+00,0.000000e+00
5.200000e-01,8.000000e-01,0.0,1.000000e+00,0.000000e+00,0.000000e+00
5.300000e-01,8.000000e-01,0.0,1.000000e+00,0.000000e+00,0.000000e+00
5.400000e-01,8.000000e-01,0.0,1.000000e+00,0.000000e+00,0.000000e+00
5.500000e-01,8.000000e-01,0.0,1.000000e+00,0.000000e+00,0.000000e+00
5.600000e-01,8.000000e-01,0.0,1.000000e+00,0.000000e+00,0.000000e+00
5.700000e-01,8.000000e-01,0.0,1.000000e+00,0.000000e+00,0.000000e+00
5.800000e-01,8.000000e-01,0.0,1.000000e+00,0.000000e+00,0.000000e+00
5.900000e-01,8.000000e-01,0.0,1.000000e+00,0.000000e+00,0.000000e+00
6.000000e-01,8.000000e-01,0.0,1.000000e+00,0.000000e+00,0.000000e+00
6.100000e-01,8.000000e-01,0.0,1.000000e+00,0.000000e+00,0.000000e+00
6.200000e-01,8.000000e-01,0.0,1.000000e+00,0.000000e+00,0.000000e+00
6.300000e-01,8.000000e-01,0.0,1.000000e+00,0.000000e+00,0.000000e+00
6.400000e-01,8.000000e-01,0.0,1.000000e+00,0.000000e+00,0.000000e+00
6.500000e-01,8.000000e-01,0.0,1.000000e+00,0.000000e+00,0.000000e+00
6.600000e-01,8.000000e-01,0.0,1.000000e+00,0.000000e+00,0.000000e+00
6.700000e-01,8.000000e-01,0.0,1.000000e+00,0.000000e+00,0.000000e+00
6.800000e-01,8.000000e-01,0.0,1.000000e+00,0.000000e+00,0.000000e+00
6.900000e-01,8.000000e-01,0.0,1.000000e+00,0.000000e+00,0.000000e+00
7.000000e-01,8.000000e-01,0.0,1.000000e+00,0.000000e+00,0.000000e+00
7.100000e-01,8.000000e-01,0.0,1.000000e+00,0.000000e+00,0.000000e+00
7.200000e-01,8.000000e-01,0.0,1.000000e+00,0.000000e+00,0.000000e+00
7.300000e-01,8.000000e-01,0.0,1.000000e+00,0.000000e+00,0.000000e+00
7.400000e-01,8.000000e-01,0.0,1.000000e+00,0.000000e+00,0.000000e+00
7.500000e-01,8.000000e-01,0.0,1.000000e+00,0.000000e+00,0.000000e+00
7.600000e-01,8.000000e-01,0.0,1.000000e+00,0.000000e+00,0.000000e+00
7.700000e-01,8.000000e-01,0.0,1.000000e+00,0.000000e+00,0.000000e+00
7.800000e-01,8.000000e-01,0.0,1.000000e+00,0.000000e+00,0.000000e+00
7.900000e-01,8.000000e-01,0.0,1.000000e+00,0.000000e+00,0.000000e+00
8.000000e-01,8.000000e-01,0.0,1.000000e+00,0.000000e+00,0.000000e+00
8.100000e-01,8.000000e-01,0.0,1.000000e+00,0.000000e+00,0.000000e+00
8.200000e-01,8.000000e-01,0.0,1.000000e+00,0.000000e+00,0.000000e+00
8.300000e-01,8.000000e-01,0.0,1.000000e+00,0.000000e+00,0.000000e+00
8.400000e-01,8.000000e-01,0.0,1.000000e+00,0.000000e+00,0.000000e+00
8.500000e-01,8.000000e-01,0.0,1.000000e+00,0.000000e+00,0.000000e+00
8.600000e-01,8.000000e-01,0.0,1.000000e+00,0.000000e+00,0.000000e+00
8.700000e-01,8.000000e-01,0.0,1.000000e+00,0.000000e+00,0.000000e+00
8.800000e-01,8.000000e-01,0.0,1.000000e+00,0.000000e+00,0.000000e+00
8.900000e-01,8.000000e-01,0.0,1.000000e+00,0.000000e+00,0.000000e+00
9.000000e-01,8.000000e-01,0.0,1.000000e+00,0.000000e+00,0.000000e+00
9.100000e-01,8.000000e-01,0.0,1.000000e+00,0.000000e+00,0.000000e+00
9.200000e-01,8.000000e-01,0.0,1.000000e+00,0.000000e+00,0.000000e+00
9.300000e-01,8.000000e-01,0.0,1.000000e+00,0.000000e+00,0.000000e+00
9.400000e-01,8.000000e-01,0.0,1.000000e+00,0.000000e+00,0.000000e+00
9.500000e-01,8.000000e-01,0.0,1.000000e+00,0.000000e+00,0.000000e+00
9.600000e-01,8.000000e-01,0.0,1.000000e+00,0.000000e+00,0.000000e+00
9.700000e-01,8.000000e-01,0.0,1.000000e+00,0.000000e+00,0.000000e+00
9.800000e-01,8.000000e-01,0.0,1.000000e+00,0.000000e+00,0.000000e+00
9.900000e-01,8.000000e-01,0.0,1.000000e+00,0.000000e+00,0.000000e+00
1.000000e+00,8.000000e-01,0.0,1.000000e+00,0.000000e+00,0.000000e+00
0.000000e+00,8.100000e-01,0.0,1.000000e+00,0.000000e+00,0.000000e+00
1.000000e-02,8.100000e-01,0.0,1.000000e+00,0.000000e+00,0.000000e+00
2.000000e-02,8.100000e-01,0.0,1.000000e+00,0.000000e+00,0.000000e+00
3.000000e-02,8.100000e-01,0.0,1.000000e+00,0.000000e+00,0.000000e+00
4.000000e-02,8.100000e-01,0.0,1.000000e+00,0.000000e+00,0.000000e+00
5.000000e-02,8.100000e-01,0.0,1.000000e+00,0.000000e+00,0.000000e+00
6.000000e-02,8.100000e-01,0.0,1.000000e+00,0.000000e+00,0.000000e+00
7.000000e-02,8.100000e-01,0.0,1.000000e+00,0.000000e+00,0.000000e+00
8.000000e-02,8.100000e-01,0.0,1.000000e+00,0.000000e+00,0.000000e+00
9.000000e-02,8.100000e-01,0.0,1.000000e+00,0.000000e+00,0.000000e+00
1.000000e-01,8.100000e-01,0.0,1.000000e+00,0.000000e+00,0.000000e+00
1.100000e-01,8.100000e-01,0.0,1.000000e+00,0.000000e+00,0.000000e+00
1.200000e-01,8.100000e-01,0.0,1.000000e+00,0.000000e+00,0.000000e+00
1.300000e-01,8.100000e-01,0.0,1.000000e+00,0.000000e+00,0.000000e+00
1.400000e-01,8.100000e-01,0.0,1.000000e+00,0.000000e+00,0.000000e+00
1.500000e-01,8.100000e-01,0.0,1.000000e+00,0.000000e+00,0.000000e+00
1.600000e-01,8.100000e-01,0.0,1.000000e+00,0.000000e+00,0.000000e+00
1.700000e-01,8.100000e-01,0.0,1.000000e+00,0.000000e+00,0.000000e+00
1.800000e-01,8.100000e-01,0.0,1.000000e+00,0.000000e+00,0.000000e+00
1.900000e-01,8.100000e-01,0.0,1.000000e+00,0.000000e+00,0.000000e+00
2.000000e-01,8.100000e-01,0.0,1.000000e+00,0.000000e+00,0.000000e+00
2.100000e-01,8.100000e-01,0.0,1.000000e+00,0.000000e+00,0.000000e+00
2.200000e-01,8.100000e-01,0.0,1.000000e+00,0.000000e+00,0.000000e+00
2.300000e-01,8.100000e-01,0.0,1.000000e+00,0.000000e+00,0.000000e+00
2.400000e-01,8.100000e-01,0.0,1.000000e+00,0.000000e+00,0.000000e+00
2.500000e-01,8.100000e-01,0.0,1.000000e+00,0.000000e+00,0.000000e+00
2.600000e-01,8.100000e-01,0.0,1.000000e+00,0.000000e+00,0.000000e+00
2.700000e-01,8.100000e-01,0.0,1.000000e+00,0.000000e+00,0.000000e+00
2.800000e-01,8.100000e-01,0.0,1.000000e+00,0.000000e+00,0.000000e+00
2.900000e-01,8.100000e-01,0.0,1.000000e+00,0.000000e+00,0.000000e+00
3.000000e-01,8.100000e-01,0.0,1.000000e+00,0.000000e+00,0.000000e+00
3.100000e-01,8.100000e-01,0.0,1.000000e+00,0.000000e+00,0.000000e+00
3.200000e-01,8.100000e-01,0.0,1.000000e+00,0.000000e+00,0.000000e+00
3.300000e-01,8.100000e-01,0.0,1.000000e+00,0.000000e+00,0.000000e+00
3.400000e-01,8.100000e-01,0.0,1.000000e+00,0.000000e+00,0.000000e+00
3.500000e-01,8.100000e-01,0.0,1.000000e+00,0.000000e+00,0.000000e+00
3.600000e-01,8.100000e-01,0.0,1.000000e+00,0.000000e+00,0.000000e+00
3.700000e-01,8.100000e-01,0.0,1.000000e+00,0.000000e+00,0.000000e+00
3.800000e-01,8.100000e-01,0.0,1.000000e+00,0.000000e+00,0.000000e+00
3.900000e-01,8.100000e-01,0.0,1.000000e+00,0.000000e+00,0.000000e+00
4.000000e-01,8.100000e-01,0.0,1.000000e+00,0.000000e+00,0.000000e+00
4.100000e-01,8.100000e-01,0.0,1.000000e+00,0.000000e+00,0.000000e+00
4.200000e-01,8.100000e-01,0.0,1.000000e+00,0.000000e+00,0.000000e+00
4.300000e-01,8.100000e-01,0.0,1.000000e+00,0.000000e+00,0.000000e+00
4.400000e-01,8.100000e-01,0.0,1.000000e+00,0.000000e+00,0.000000e+00
4.500000e-01,8.100000e-01,0.0,1.000000e+00,0.000000e+00,0.000000e+00
4.600000e-01,8.100000e-01,0.0,1.000000e+00,0.000000e+00,0.000000e+00
4.700000e-01,8.100000e-01,0.0,1.000000e+00,0.000000e+00,0.000000e+00
4.800000e-01,8.100000e-01,0.0,1.000000e+00,0.000000e+00,0.000000e+00
4.900000e-01,8.100000e-01,0.0,1.000000e+00,0.000000e+00,0.000000e+00
5.000000e-01,8.100000e-01,0.0,1.000000e+00,0.000000e+00,0.000000e+00
5.100000e-01,8.100000e-01,0.0,1.000000e+00,0.000000e+00,0.000000e+00
5.200000e-01,8.100000e-01,0.0,1.000000e+00,0.000000e+00,0.000000e+00
5.300000e-01,8.100000e-01,0.0,1.000000e+00,0.000000e+00,0.000000e+00
5.400000e-01,8.100000e-01,0.0,1.000000e+00,0.000000e+00,0.000000e+00
5.500000e-01,8.100000e-01,0.0,1.000000e+00,0.000000e+00,0.000000e+00
5.600000e-01,8.100000e-01,0.0,1.000000e+00,0.000000e+00,0.000000e+00
5.700000e-01,8.100000e-01,0.0,1.000000e+00,0.000000e+00,0.000000e+00
5.800000e-01,8.100000e-01,0.0,1.000000e+00,0.000000e+00,0.000000e+00
5.900000e-01,8.100000e-01,0.0,1.000000e+00,0.000000e+00,0.000000e+00
6.000000e-01,8.100000e-01,0.0,1.000000e+00,0.000000e+00,0.000000e+00
6.100000e-01,8.100000e-01,0.0,1.000000e+00,0.000000e+00,0.000000e+00
6.200000e-01,8.100000e-01,0.0,1.000000e+00,0.000000e+00,0.000000e+00
6.300000e-01,8.100000e-01,0.0,1.000000e+00,0.000000e+00,0.000000e+00
6.400000e-01,8.100000e-01,0.0,1.000000e+00,0.000000e+00,0.000000e+00
6.500000e-01,8.100000e-01,0.0,1.000000e+00,0.000000e+00,0.000000e+00
6.600000e-01,8.100000e-01,0.0,1.000000e+00,0.000000e+00,0.000000e+00
6.700000e-01,8.100000e-01,0.0,1.000000e+00,0.000000e+00,0.000000e+00
6.800000e-01,8.100000e-01,0.0,1.000000e+00,0.000000e+00,0.000000e+00
6.900000e-01,8.100000e-01,0.0,1.000000e+00,0.000000e+00,0.000000e+00
7.000000e-01,8.100000e-01,0.0,1.000000e+00,0.000000e+00,0.000000e+00
7.100000e-01,8.100000e-01,0.0,1.000000e+00,0.000000e+00,0.000000e+00
7.200000e-01,8.100000e-01,0.0,1.000000e+00,0.000000e+00,0.000000e+00
7.300000e-01,8.100000e-01,0.0,1.000000e+00,0.000000e+00,0.000000e+00
7.400000e-01,8.100000e-01,0.0,1.000000e+00,0.000000e+00,0.000000e+00
7.500000e-01,8.100000e-01,0.0,1.000000e+00,0.000000e+00,0.000000e+00
7.600000e-01,8.100000e-01,0.0,1.000000e+00,0.000000e+00,0.000000e+00
7.700000e-01,8.100000e-01,0.0,1.000000e+00,0.000000e+00,0.000000e+00
7.800000e-01,8.100000e-01,0.0,1.000000e+00,0.000000e+00,0.000000e+00
7.900000e-01,8.100000e-01,0.0,1.000000e+00,0.000000e+00,0.000000e+00
8.000000e-01,8.100000e-01,0.0,1.000000e+00,0.000000e+00,0.000000e+00
8.100000e-01,8.100000e-01,0.0,1.000000e+00,0.000000e+00,0.000000e+00
8.200000e-01,8.100000e-01,0.0,1.000000e+00,0.000000e+00,0.000000e+00
8.300000e-01,8.100000e-01,0.0,1.000000e+00,0.000000e+00,0.000000e+00
8.400000e-01,8.100000e-01,0.0,1.000000e+00,0.000000e+00,0.000000e+00
8.500000e-01,8.100000e-01,0.0,1.000000e+00,0.000000e+00,0.000000e+00
8.600000e-01,8.100000e-01,0.0,1.000000e+00,0.000000e+00,0.000000e+00
8.700000e-01,8.100000e-01,0.0,1.000000e+00,0.000000e+00,0.000000e+00
8.800000e-01,8.100000e-01,0.0,1.000000e+00,0.000000e+00,0.000000e+00
8.900000e-01,8.100000e-01,0.0,1.000000e+00,0.000000e+00,0.000000e+00
9.000000e-01,8.100000e-01,0.0,1.000000e+00,0.000000e+00,0.000000e+00
9.100000e-01,8.100000e-01,0.0,1.000000e+00,0.000000e+00,0.000000e+00
9.200000e-01,8.100000e-01,0.0,1.000000e+00,0.000000e+00,0.000000e+00
9.300000e-01,8.100000e-01,0.0,1.000000e+00,0.000000e+00,0.000000e+00
9.400000e-01,8.100000e-01,0.0,1.000000e+00,0.000000e+00,0.000000e+00
9.500000e-01,8.100000e-01,0.0,1.000000e+00,0.000000e+00,0.000000e+00
9.600000e-01,8.100000e-01,0.0,1.000000e+00,0.000000e+00,0.000000e+00
9.700000e-01,8.100000e-01,0.0,1.000000e+00,0.000000e+00,0.000000e+00
9.800000e-01,8.100000e-01,0.0,1.000000e+00,0.000000e+00,0.000000e+00
9.900000e-01,8.100000e-01,0.0,1.000000e+00,0.000000e+00,0.000000e+00
1.000000e+00,8.100000e-01,0.0,1.000000e+00,0.000000e+00,0.000000e+00
0.000000e+00,8.200000e-01,0.0,1.000000e+00,0.000000e+00,0.000000e+00
1.000000e-02,8.200000e-01,0.0,1.000000e+00,0.000000e+00,0.000000e+00
2.000000e-02,8.200000e-01,0.0,1.000000e+00,0.000000e+00,0.000000e+00
3.000000e-02,8.200000e-01,0.0,1.000000e+00,0.000000e+00,0.000000e+00
4.000000e-02,8.200000e-01,0.0,1.000000e+00,0.000000e+00,0.000000e+00
5.000000e-02,8.200000e-01,0.0,1.000000e+00,0.000000e+00,0.000000e+00
6.000000e-02,8.200000e-01,0.0,1.000000e+00,0.000000e+00,0.000000e+00
7.000000e-02,8.200000e-01,0.0,1.000000e+00,0.000000e+00,0.000000e+00
8.000000e-02,8.200000e-01,0.0,1.000000e+00,0.000000e+00,0.000000e+00
9.000000e-02,8.200000e-01,0.0,1.000000e+00,0.000000e+00,0.000000e+00
1.000000e-01,8.200000e-01,0.0,1.000000e+00,0.000000e+00,0.000000e+00
1.100000e-01,8.200000e-01,0.0,1.000000e+00,0.000000e+00,0.000000e+00
1.200000e-01,8.200000e-01,0.0,1.000000e+00,0.000000e+00,0.000000e+00
1.300000e-01,8.200000e-01,0.0,1.000000e+00,0.000000e+00,0.000000e+00
1.400000e-01,8.200000e-01,0.0,1.000000e+00,0.000000e+00,0.000000e+00
1.500000e-01,8.200000e-01,0.0,1.000000e+00,0.000000e+00,0.000000e+00
1.600000e-01,8.200000e-01,0.0,1.000000e+00,0.000000e+00,0.000000e+00
1.700000e-01,8.200000e-01,0.0,1.000000e+00,0.000000e+00,0.000000e+00
1.800000e-01,8.200000e-01,0.0,1.000000e+00,0.000000e+00,0.000000e+00
1.900000e-01,8.200000e-01,0.0,1.000000e+00,0.000000e+00,0.000000e+00
2.000000e-01,8.200000e-01,0.0,1.000000e+00,0.000000e+00,0.000000e+00
2.100000e-01,8.200000e-01,0.0,1.000000e+00,0.000000e+00,0.000000e+00
2.200000e-01,8.200000e-01,0.0,1.000000e+00,0.000000e+00,0.000000e+00
2.300000e-01,8.200000e-01,0.0,1.000000e+00,0.000000e+00,0.000000e+00
2.400000e-01,8.200000e-01,0.0,1.000000e+00,0.000000e+00,0.000000e+00
2.500000e-01,8.200000e-01,0.0,1.000000e+00,0.000000e+00,0.000000e+00
2.600000e-01,8.200000e-01,0.0,1.000000e+00,0.000000e+00,0.000000e+00
2.700000e-01,8.200000e-01,0.0,1.000000e+00,0.000000e+00,0.000000e+00
2.800000e-01,8.200000e-01,0.0,1.000000e+00,0.000000e+00,0.000000e+00
2.900000e-01,8.200000e-01,0.0,1.000000e+00,0.000000e+00,0.000000e+00
3.000000e-01,8.200000e-01,0.0,1.000000e+00,0.000000e+00,0.000000e+00
3.100000e-01,8.200000e-01,0.0,1.000000e+00,0.000000e+00,0.000000e+00
3.200000e-01,8.200000e-01,0.0,1.000000e+00,0.000000e+00,0.000000e+00
3.300000e-01,8.200000e-01,0.0,1.000000e+00,0.000000e+00,0.000000e+00
3.400000e-01,8.200000e-01,0.0,1.000000e+00,0.000000e+00,0.000000e+00
3.500000e-01,8.200000e-01,0.0,1.000000e+00,0.000000e+00,0.000000e+00
3.600000e-01,8.200000e-01,0.0,1.000000e+00,0.000000e+00,0.000000e+00
3.700000e-01,8.200000e-01,0.0,1.000000e+00,0.000000e+00,0.000000e+00
3.800000e-01,8.200000e-01,0.0,1.000000e+00,0.000000e+00,0.000000e+00
3.900000e-01,8.200000e-01,0.0,1.000000e+00,0.000000e+00,0.000000e+00
4.000000e-01,8.200000e-01,0.0,1.000000e+00,0.000000e+00,0.000000e+00
4.100000e-01,8.200000e-01,0.0,1.000000e+00,0.000000e+00,0.000000e+00
4.200000e-01,8.200000e-01,0.0,1.000000e+00,0.000000e+00,0.000000e+00
4.300000e-01,8.200000e-01,0.0,1.000000e+00,0.000000e+00,0.000000e+00
4.400000e-01,8.200000e-01,0.0,1.000000e+00,0.000000e+00,0.000000e+00
4.500000e-01,8.200000e-01,0.0,1.000000e+00,0.000000e+00,0.000000e+00
4.600000e-01,8.200000e-01,0.0,1.000000e+00,0.000000e+00,0.000000e+00
4.700000e-01,8.200000e-01,0.0,1.000000e+00,0.000000e+00,0.000000e+00
4.800000e-01,8.200000e-01,0.0,1.000000e+00,0.000000e+00,0.000000e+00
4.900000e-01,8.200000e-01,0.0,1.000000e+00,0.000000e+00,0.000000e+00
5.000000e-01,8.200000e-01,0.0,1.000000e+00,0.000000e+00,0.000000e+00
5.100000e-01,8.200000e-01,0.0,1.000000e+00,0.000000e+00,0.000000e+00
5.200000e-01,8.200000e-01,0.0,1.000000e+00,0.000000e+00,0.000000e+00
5.300000e-01,8.200000e-01,0.0,1.000000e+00,0.000000e+00,0.000000e+00
5.400000e-01,8.200000e-01,0.0,1.000000e+00,0.000000e+00,0.000000e+00
5.500000e-01,8.200000e-01,0.0,1.000000e+00,0.000000e+00,0.000000e+00
5.600000e-01,8.200000e-01,0.0,1.000000e+00,0.000000e+00,0.000000e+00
5.700000e-01,8.200000e-01,0.0,1.000000e+00,0.000000e+00,0.000000e+00
5.800000e-01,8.200000e-01,0.0,1.000000e+00,0.000000e+00,0.000000e+00
5.900000e-01,8.200000e-01,0.0,1.000000e+00,0.000000e+00,0.000000e+00
6.000000e-01,8.200000e-01,0.0,1.000000e+00,0.000000e+00,0.000000e+00
6.100000e-01,8.200000e-01,0.0,1.000000e+00,0.000000e+00,0.000000e+00
6.200000e-01,8.200000e-01,0.0,1.000000e+00,0.000000e+00,0.000000e+00
6.300000e-01,8.200000e-01,0.0,1.000000e+00,0.000000e+00,0.000000e+00
6.400000e-01,8.200000e-01,0.0,1.000000e+00,0.000000e+00,0.000000e+00
6.500000e-01,8.200000e-01,0.0,1.000000e+00,0.000000e+00,0.000000e+00
6.600000e-01,8.200000e-01,0.0,1.000000e+00,0.000000e+00,0.000000e+00
6.700000e-01,8.200000e-01,0.0,1.000000e+00,0.000000e+00,0.000000e+00
6.800000e-01,8.200000e-01,0.0,1.000000e+00,0.000000e+00,0.000000e+00
6.900000e-01,8.200000e-01,0.0,1.000000e+00,0.000000e+00,0.000000e+00
7.000000e-01,8.200000e-01,0.0,1.000000e+00,0.000000e+00,0.000000e+00
7.100000e-01,8.200000e-01,0.0,1.000000e+00,0.000000e+00,0.000000e+00
7.200000e-01,8.200000e-01,0.0,1.000000e+00,0.000000e+00,0.000000e+00
7.300000e-01,8.200000e-01,0.0,1.000000e+00,0.000000e+00,0.000000e+00
7.400000e-01,8.200000e-01,0.0,1.000000e+00,0.000000e+00,0.000000e+00
7.500000e-01,8.200000e-01,0.0,1.000000e+00,0.000000e+00,0.000000e+00
7.600000e-01,8.200000e-01,0.0,1.000000e+00,0.000000e+00,0.000000e+00
7.700000e-01,8.200000e-01,0.0,1.000000e+00,0.000000e+00,0.000000e+00
7.800000e-01,8.200000e-01,0.0,1.000000e+00,0.000000e+00,0.000000e+00
7.900000e-01,8.200000e-01,0.0,1.000000e+00,0.000000e+00,0.000000e+00
8.000000e-01,8.200000e-01,0.0,1.000000e+00,0.000000e+00,0.000000e+00
8.100000e-01,8.200000e-01,0.0,1.000000e+00,0.000000e+00,0.000000e+00
8.200000e-01,8.200000e-01,0.0,1.000000e+00,0.000000e+00,0.000000e+00
8.300000e-01,8.200000e-01,0.0,1.000000e+00,0.000000e+00,0.000000e+00
8.400000e-01,8.200000e-01,0.0,1.000000e+00,0.000000e+00,0.000000e+00
8.500000e-01,8.200000e-01,0.0,1.000000e+00,0.000000e+00,0.000000e+00
8.600000e-01,8.200000e-01,0.0,1.000000e+00,0.000000e+00,0.000000e+00
8.700000e-01,8.200000e-01,0.0,1.000000e+00,0.000000e+00,0.000000e+00
8.800000e-01,8.200000e-01,0.0,1.000000e+00,0.000000e+00,0.000000e+00
8.900000e-01,8.200000e-01,0.0,1.000000e+00,0.000000e+00,0.000000e+00
9.000000e-01,8.200000e-01,0.0,1.000000e+00,0.000000e+00,0.000000e+00
9.100000e-01,8.200000e-01,0.0,1.000000e+00,0.000000e+00,0.000000e+00
9.200000e-01,8.200000e-01,0.0,1.000000e+00,0.000000e+00,0.000000e+00
9.300000e-01,8.200000e-01,0.0,1.000000e+00,0.000000e+00,0.000000e+00
9.400000e-01,8.200000e-01,0.0,1.000000e+00,0.000000e+00,0.000000e+00
9.500000e-01,8.200000e-01,0.0,1.000000e+00,0.000000e+00,0.000000e+00
9.600000e-01,8.200000e-01,0.0,1.000000e+00,0.000000e+00,0.000000e+00
9.700000e-01,8.200000e-01,0.0,1.000000e+00,0.000000e+00,0.000000e+00
9.800000e-01,8.200000e-01,0.0,1.000000e+00,0.000000e+00,0.000000e+00
9.900000e-01,8.200000e-01,0.0,1.000000e+00,0.000000e+00,0.000000e+00
1.000000e+00,8.200000e-01,0.0,1.000000e+00,0.000000e+00,0.000000e+00
0.000000e+00,8.300000e-01,0.0,1.000000e+00,0.000000e+00,0.000000e+00
1.000000e-02,8.300000e-01,0.0,1.000000e+00,0.000000e+00,0.000000e+00
2.000000e-02,8.300000e-01,0.0,1.000000e+00,0.000000e+00,0.000000e+00
3.000000e-02,8.300000e-01,0.0,1.000000e+00,0.000000e+00,0.000000e+00
4.000000e-02,8.300000e-01,0.0,1.000000e+00,0.000000e+00,0.000000e+00
5.000000e-02,8.300000e-01,0.0,1.000000e+00,0.000000e+00,0.000000e+00
6.000000e-02,8.300000e-01,0.0,1.000000e+00,0.000000e+00,0.000000e+00
7.000000e-02,8.300000e-01,0.0,1.000000e+00,0.000000e+00,0.000000e+00
8.000000e-02,8.300000e-01,0.0,1.000000e+00,0.000000e+00,0.000000e+00
9.000000e-02,8.300000e-01,0.0,1.000000e+00,0.000000e+00,0.000000e+00
1.000000e-01,8.300000e-01,0.0,1.000000e+00,0.000000e+00,0.000000e+00
1.100000e-01,8.300000e-01,0.0,1.000000e+00,0.000000e+00,0.000000e+00
1.200000e-01,8.300000e-01,0.0,1.000000e+00,0.000000e+00,0.000000e+00
1.300000e-01,8.300000e-01,0.0,1.000000e+00,0.000000e+00,0.000000e+00
1.400000e-01,8.300000e-01,0.0,1.000000e+00,0.000000e+00,0.000000e+00
1.500000e-01,8.300000e-01,0.0,1.000000e+00,0.000000e+00,0.000000e+00
1.600000e-01,8.300000e-01,0.0,1.000000e+00,0.000000e+00,0.000000e+00
1.700000e-01,8.300000e-01,0.0,1.000000e+00,0.000000e+00,0.000000e+00
1.800000e-01,8.300000e-01,0.0,1.000000e+00,0.000000e+00,0.000000e+00
1.900000e-01,8.300000e-01,0.0,1.000000e+00,0.000000e+00,0.000000e+00
2.000000e-01,8.300000e-01,0.0,1.000000e+00,0.000000e+00,0.000000e+00
2.100000e-01,8.300000e-01,0.0,1.000000e+00,0.000000e+00,0.000000e+00
2.200000e-01,8.300000e-01,0.0,1.000000e+00,0.000000e+00,0.000000e+00
2.300000e-01,8.300000e-01,0.0,1.000000e+00,0.000000e+00,0.000000e+00
2.400000e-01,8.300000e-01,0.0,1.000000e+00,0.000000e+00,0.000000e+00
2.500000e-01,8.300000e-01,0.0,1.000000e+00,0.000000e+00,0.000000e+00
2.600000e-01,8.300000e-01,0.0,1.000000e+00,0.000000e+00,0.000000e+00
2.700000e-01,8.300000e-01,0.0,1.000000e+00,0.000000e+00,0.000000e+00
2.800000e-01,8.300000e-01,0.0,1.000000e+00,0.000000e+00,0.000000e+00
2.900000e-01,8.300000e-01,0.0,1.000000e+00,0.000000e+00,0.000000e+00
3.000000e-01,8.300000e-01,0.0,1.000000e+00,0.000000e+00,0.000000e+00
3.100000e-01,8.300000e-01,0.0,1.000000e+00,0.000000e+00,0.000000e+00
3.200000e-01,8.300000e-01,0.0,1.000000e+00,0.000000e+00,0.000000e+00
3.300000e-01,8.300000e-01,0.0,1.000000e+00,0.000000e+00,0.000000e+00
3.400000e-01,8.300000e-01,0.0,1.000000e+00,0.000000e+00,0.000000e+00
3.500000e-01,8.300000e-01,0.0,1.000000e+00,0.000000e+00,0.000000e+00
3.600000e-01,8.300000e-01,0.0,1.000000e+00,0.000000e+00,0.000000e+00
3.700000e-01,8.300000e-01,0.0,1.000000e+00,0.000000e+00,0.000000e+00
3.800000e-01,8.300000e-01,0.0,1.000000e+00,0.000000e+00,0.000000e+00
3.900000e-01,8.300000e-01,0.0,1.000000e+00,0.000000e+00,0.000000e+00
4.000000e-01,8.300000e-01,0.0,1.000000e+00,0.000000e+00,0.000000e+00
4.100000e-01,8.300000e-01,0.0,1.000000e+00,0.000000e+00,0.000000e+00
4.200000e-01,8.300000e-01,0.0,1.000000e+00,0.000000e+00,0.000000e+00
4.300000e-01,8.300000e-01,0.0,1.000000e+00,0.000000e+00,0.000000e+00
4.400000e-01,8.300000e-01,0.0,1.000000e+00,0.000000e+00,0.000000e+00
4.500000e-01,8.300000e-01,0.0,1.000000e+00,0.000000e+00,0.000000e+00
4.600000e-01,8.300000e-01,0.0,1.000000e+00,0.000000e+00,0.000000e+00
4.700000e-01,8.300000e-01,0.0,1.000000e+00,0.000000e+00,0.000000e+00
4.800000e-01,8.300000e-01,0.0,1.000000e+00,0.000000e+00,0.000000e+00
4.900000e-01,8.300000e-01,0.0,1.000000e+00,0.000000e+00,0.000000e+00
5.000000e-01,8.300000e-01,0.0,1.000000e+00,0.000000e+00,0.000000e+00
5.100000e-01,8.300000e-01,0.0,1.000000e+00,0.000000e+00,0.000000e+00
5.200000e-01,8.300000e-01,0.0,1.000000e+00,0.000000e+00,0.000000e+00
5.300000e-01,8.300000e-01,0.0,1.000000e+00,0.000000e+00,0.000000e+00
5.400000e-01,8.300000e-01,0.0,1.000000e+00,0.000000e+00,0.000000e+00
5.500000e-01,8.300000e-01,0.0,1.000000e+00,0.000000e+00,0.000000e+00
5.600000e-01,8.300000e-01,0.0,1.000000e+00,0.000000e+00,0.000000e+00
5.700000e-01,8.300000e-01,0.0,1.000000e+00,0.000000e+00,0.000000e+00
5.800000e-01,8.300000e-01,0.0,1.000000e+00,0.000000e+00,0.000000e+00
5.900000e-01,8.300000e-01,0.0,1.000000e+00,0.000000e+00,0.000000e+00
6.000000e-01,8.300000e-01,0.0,1.000000e+00,0.000000e+00,0.000000e+00
6.100000e-01,8.300000e-01,0.0,1.000000e+00,0.000000e+00,0.000000e+00
6.200000e-01,8.300000e-01,0.0,1.000000e+00,0.000000e+00,0.000000e+00
6.300000e-01,8.300000e-01,0.0,1.000000e+00,0.000000e+00,0.000000e+00
6.400000e-01,8.300000e-01,0.0,1.000000e+00,0.000000e+00,0.000000e+00
6.500000e-01,8.300000e-01,0.0,1.000000e+00,0.000000e+00,0.000000e+00
6.600000e-01,8.300000e-01,0.0,1.000000e+00,0.000000e+00,0.000000e+00
6.700000e-01,8.300000e-01,0.0,1.000000e+00,0.000000e+00,0.000000e+00
6.800000e-01,8.300000e-01,0.0,1.000000e+00,0.000000e+00,0.000000e+00
6.900000e-01,8.300000e-01,0.0,1.000000e+00,0.000000e+00,0.000000e+00
7.000000e-01,8.300000e-01,0.0,1.000000e+00,0.000000e+00,0.000000e+00
7.100000e-01,8.300000e-01,0.0,1.000000e+00,0.000000e+00,0.000000e+00
7.200000e-01,8.300000e-01,0.0,1.000000e+00,0.000000e+00,0.000000e+00
7.300000e-01,8.300000e-01,0.0,1.000000e+00,0.000000e+00,0.000000e+00
7.400000e-01,8.300000e-01,0.0,1.000000e+00,0.000000e+00,0.000000e+00
7.500000e-01,8.300000e-01,0.0,1.000000e+00,0.000000e+00,0.000000e+00
7.600000e-01,8.300000e-01,0.0,1.000000e+00,0.000000e+00,0.000000e+00
7.700000e-01,8.300000e-01,0.0,1.000000e+00,0.000000e+00,0.000000e+00
7.800000e-01,8.300000e-01,0.0,1.000000e+00,0.000000e+00,0.000000e+00
7.900000e-01,8.300000e-01,0.0,1.000000e+00,0.000000e+00,0.000000e+00
8.000000e-01,8.300000e-01,0.0,1.000000e+00,0.000000e+00,0.000000e+00
8.100000e-01,8.300000e-01,0.0,1.000000e+00,0.000000e+00,0.000000e+00
8.200000e-01,8.300000e-01,0.0,1.000000e+00,0.000000e+00,0.000000e+00
8.300000e-01,8.300000e-01,0.0,1.000000e+00,0.000000e+00,0.000000e+00
8.400000e-01,8.300000e-01,0.0,1.000000e+00,0.000000e+00,0.000000e+00
8.500000e-01,8.300000e-01,0.0,1.000000e+00,0.000000e+00,0.000000e+00
8.600000e-01,8.300000e-01,0.0,1.000000e+00,0.000000e+00,0.000000e+00
8.700000e-01,8.300000e-01,0.0,1.000000e+00,0.000000e+00,0.000000e+00
8.800000e-01,8.300000e-01,0.0,1.000000e+00,0.000000e+00,0.000000e+00
8.900000e-01,8.300000e-01,0.0,1.000000e+00,0.000000e+00,0.000000e+00
9.000000e-01,8.300000e-01,0.0,1.000000e+00,0.000000e+00,0.000000e+00
9.100000e-01,8.300000e-01,0.0,1.000000e+00,0.000000e+00,0.000000e+00
9.200000e-01,8.300000e-01,0.0,1.000000e+00,0.000000e+00,0.000000e+00
9.300000e-01,8.300000e-01,0.0,1.000000e+00,0.000000e+00,0.000000e+00
9.400000e-01,8.300000e-01,0.0,1.000000e+00,0.000000e+00,0.000000e+00
9.500000e-01,8.300000e-01,0.0,1.000000e+00,0.000000e+00,0.000000e+00
9.600000e-01,8.300000e-01,0.0,1.000000e+00,0.000000e+00,0.000000e+00
9.700000e-01,8.300000e-01,0.0,1.000000e+00,0.000000e+00,0.000000e+00
9.800000e-01,8.300000e-01,0.0,1.000000e+00,0.000000e+00,0.000000e+00
9.900000e-01,8.300000e-01,0.0,1.000000e+00,0.000000e+00,0.000000e+00
1.000000e+00,8.300000e-01,0.0,1.000000e+00,0.000000e+00,0.000000e+00
0.000000e+00,8.400000e-01,0.0,1.000000e+00,0.000000e+00,0.000000e+00
1.000000e-02,8.400000e-01,0.0,1.000000e+00,0.000000e+00,0.000000e+00
2.000000e-02,8.400000e-01,0.0,1.000000e+00,0.000000e+00,0.000000e+00
3.000000e-02,8.400000e-01,0.0,1.000000e+00,0.000000e+00,0.000000e+00
4.000000e-02,8.400000e-01,0.0,1.000000e+00,0.000000e+00,0.000000e+00
5.000000e-02,8.400000e-01,0.0,1.000000e+00,0.000000e+00,0.000000e+00
6.000000e-02,8.400000e-01,0.0,1.000000e+00,0.000000e+00,0.000000e+00
7.000000e-02,8.400000e-01,0.0,1.000000e+00,0.000000e+00,0.000000e+00
8.000000e-02,8.400000e-01,0.0,1.000000e+00,0.000000e+00,0.000000e+00
9.000000e-02,8.400000e-01,0.0,1.000000e+00,0.000000e+00,0.000000e+00
1.000000e-01,8.400000e-01,0.0,1.000000e+00,0.000000e+00,0.000000e+00
1.100000e-01,8.400000e-01,0.0,1.000000e+00,0.000000e+00,0.000000e+00
1.200000e-01,8.400000e-01,0.0,1.000000e+00,0.000000e+00,0.000000e+00
1.300000e-01,8.400000e-01,0.0,1.000000e+00,0.000000e+00,0.000000e+00
1.400000e-01,8.400000e-01,0.0,1.000000e+00,0.000000e+00,0.000000e+00
1.500000e-01,8.400000e-01,0.0,1.000000e+00,0.000000e+00,0.000000e+00
1.600000e-01,8.400000e-01,0.0,1.000000e+00,0.000000e+00,0.000000e+00
1.700000e-01,8.400000e-01,0.0,1.000000e+00,0.000000e+00,0.000000e+00
1.800000e-01,8.400000e-01,0.0,1.000000e+00,0.000000e+00,0.000000e+00
1.900000e-01,8.400000e-01,0.0,1.000000e+00,0.000000e+00,0.000000e+00
2.000000e-01,8.400000e-01,0.0,1.000000e+00,0.000000e+00,0.000000e+00
2.100000e-01,8.400000e-01,0.0,1.000000e+00,0.000000e+00,0.000000e+00
2.200000e-01,8.400000e-01,0.0,1.000000e+00,0.000000e+00,0.000000e+00
2.300000e-01,8.400000e-01,0.0,1.000000e+00,0.000000e+00,0.000000e+00
2.400000e-01,8.400000e-01,0.0,1.000000e+00,0.000000e+00,0.000000e+00
2.500000e-01,8.400000e-01,0.0,1.000000e+00,0.000000e+00,0.000000e+00
2.600000e-01,8.400000e-01,0.0,1.000000e+00,0.000000e+00,0.000000e+00
2.700000e-01,8.400000e-01,0.0,1.000000e+00,0.000000e+00,0.000000e+00
2.800000e-01,8.400000e-01,0.0,1.000000e+00,0.000000e+00,0.000000e+00
2.900000e-01,8.400000e-01,0.0,1.000000e+00,0.000000e+00,0.000000e+00
3.000000e-01,8.400000e-01,0.0,1.000000e+00,0.000000e+00,0.000000e+00
3.100000e-01,8.400000e-01,0.0,1.000000e+00,0.000000e+00,0.000000e+00
3.200000e-01,8.400000e-01,0.0,1.000000e+00,0.000000e+00,0.000000e+00
3.300000e-01,8.400000e-01,0.0,1.000000e+00,0.000000e+00,0.000000e+00
3.400000e-01,8.400000e-01,0.0,1.000000e+00,0.000000e+00,0.000000e+00
3.500000e-01,8.400000e-01,0.0,1.000000e+00,0.000000e+00,0.000000e+00
3.600000e-01,8.400000e-01,0.0,1.000000e+00,0.000000e+00,0.000000e+00
3.700000e-01,8.400000e-01,0.0,1.000000e+00,0.000000e+00,0.000000e+00
3.800000e-01,8.400000e-01,0.0,1.000000e+00,0.000000e+00,0.000000e+00
3.900000e-01,8.400000e-01,0.0,1.000000e+00,0.000000e+00,0.000000e+00
4.000000e-01,8.400000e-01,0.0,1.000000e+00,0.000000e+00,0.000000e+00
4.100000e-01,8.400000e-01,0.0,1.000000e+00,0.000000e+00,0.000000e+00
4.200000e-01,8.400000e-01,0.0,1.000000e+00,0.000000e+00,0.000000e+00
4.300000e-01,8.400000e-01,0.0,1.000000e+00,0.000000e+00,0.000000e+00
4.400000e-01,8.400000e-01,0.0,1.000000e+00,0.000000e+00,0.000000e+00
4.500000e-01,8.400000e-01,0.0,1.000000e+00,0.000000e+00,0.000000e+00
4.600000e-01,8.400000e-01,0.0,1.000000e+00,0.000000e+00,0.000000e+00
4.700000e-01,8.400000e-01,0.0,1.000000e+00,0.000000e+00,0.000000e+00
4.800000e-01,8.400000e-01,0.0,1.000000e+00,0.000000e+00,0.000000e+00
4.900000e-01,8.400000e-01,0.0,1.000000e+00,0.000000e+00,0.000000e+00
5.000000e-01,8.400000e-01,0.0,1.000000e+00,0.000000e+00,0.000000e+00
5.100000e-01,8.400000e-01,0.0,1.000000e+00,0.000000e+00,0.000000e+00
5.200000e-01,8.400000e-01,0.0,1.000000e+00,0.000000e+00,0.000000e+00
5.300000e-01,8.400000e-01,0.0,1.000000e+00,0.000000e+00,0.000000e+00
5.400000e-01,8.400000e-01,0.0,1.000000e+00,0.000000e+00,0.000000e+00
5.500000e-01,8.400000e-01,0.0,1.000000e+00,0.000000e+00,0.000000e+00
5.600000e-01,8.400000e-01,0.0,1.000000e+00,0.000000e+00,0.000000e+00
5.700000e-01,8.400000e-01,0.0,1.000000e+00,0.000000e+00,0.000000e+00
5.800000e-01,8.400000e-01,0.0,1.000000e+00,0.000000e+00,0.000000e+00
5.900000e-01,8.400000e-01,0.0,1.000000e+00,0.000000e+00,0.000000e+00
6.000000e-01,8.400000e-01,0.0,1.000000e+00,0.000000e+00,0.000000e+00
6.100000e-01,8.400000e-01,0.0,1.000000e+00,0.000000e+00,0.000000e+00
6.200000e-01,8.400000e-01,0.0,1.000000e+00,0.000000e+00,0.000000e+00
6.300000e-01,8.400000e-01,0.0,1.000000e+00,0.000000e+00,0.000000e+00
6.400000e-01,8.400000e-01,0.0,1.000000e+00,0.000000e+00,0.000000e+00
6.500000e-01,8.400000e-01,0.0,1.000000e+00,0.000000e+00,0.000000e+00
6.600000e-01,8.400000e-01,0.0,1.000000e+00,0.000000e+00,0.000000e+00
6.700000e-01,8.400000e-01,0.0,1.000000e+00,0.000000e+00,0.000000e+00
6.800000e-01,8.400000e-01,0.0,1.000000e+00,0.000000e+00,0.000000e+00
6.900000e-01,8.400000e-01,0.0,1.000000e+00,0.000000e+00,0.000000e+00
7.000000e-01,8.400000e-01,0.0,1.000000e+00,0.000000e+00,0.000000e+00
7.100000e-01,8.400000e-01,0.0,1.000000e+00,0.000000e+00,0.000000e+00
7.200000e-01,8.400000e-01,0.0,1.000000e+00,0.000000e+00,0.000000e+00
7.300000e-01,8.400000e-01,0.0,1.000000e+00,0.000000e+00,0.000000e+00
7.400000e-01,8.400000e-01,0.0,1.000000e+00,0.000000e+00,0.000000e+00
7.500000e-01,8.400000e-01,0.0,1.000000e+00,0.000000e+00,0.000000e+00
7.600000e-01,8.400000e-01,0.0,1.000000e+00,0.000000e+00,0.000000e+00
7.700000e-01,8.400000e-01,0.0,1.000000e+00,0.000000e+00,0.000000e+00
7.800000e-01,8.400000e-01,0.0,1.000000e+00,0.000000e+00,0.000000e+00
7.900000e-01,8.400000e-01,0.0,1.000000e+00,0.000000e+00,0.000000e+00
8.000000e-01,8.400000e-01,0.0,1.000000e+00,0.000000e+00,0.000000e+00
8.100000e-01,8.400000e-01,0.0,1.000000e+00,0.000000e+00,0.000000e+00
8.200000e-01,8.400000e-01,0.0,1.000000e+00,0.000000e+00,0.000000e+00
8.300000e-01,8.400000e-01,0.0,1.000000e+00,0.000000e+00,0.000000e+00
8.400000e-01,8.400000e-01,0.0,1.000000e+00,0.000000e+00,0.000000e+00
8.500000e-01,8.400000e-01,0.0,1.000000e+00,0.000000e+00,0.000000e+00
8.600000e-01,8.400000e-01,0.0,1.000000e+00,0.000000e+00,0.000000e+00
8.700000e-01,8.400000e-01,0.0,1.000000e+00,0.000000e+00,0.000000e+00
8.800000e-01,8.400000e-01,0.0,1.000000e+00,0.000000e+00,0.000000e+00
8.900000e-01,8.400000e-01,0.0,1.000000e+00,0.000000e+00,0.000000e+00
9.000000e-01,8.400000e-01,0.0,1.000000e+00,0.000000e+00,0.000000e+00
9.100000e-01,8.400000e-01,0.0,1.000000e+00,0.000000e+00,0.000000e+00
9.200000e-01,8.400000e-01,0.0,1.000000e+00,0.000000e+00,0.000000e+00
9.300000e-01,8.400000e-01,0.0,1.000000e+00,0.000000e+00,0.000000e+00
9.400000e-01,8.400000e-01,0.0,1.000000e+00,0.000000e+00,0.000000e+00
9.500000e-01,8.400000e-01,0.0,1.000000e+00,0.000000e+00,0.000000e+00
9.600000e-01,8.400000e-01,0.0,1.000000e+00,0.000000e+00,0.000000e+00
9.700000e-01,8.400000e-01,0.0,1.000000e+00,0.000000e+00,0.000000e+00
9.800000e-01,8.400000e-01,0.0,1.000000e+00,0.000000e+00,0.000000e+00
9.900000e-01,8.400000e-01,0.0,1.000000e+00,0.000000e+00,0.000000e+00
1.000000e+00,8.400000e-01,0.0,1.000000e+00,0.000000e+00,0.000000e+00
0.000000e+00,8.500000e-01,0.0,1.000000e+00,0.000000e+00,0.000000e+00
1.000000e-02,8.500000e-01,0.0,1.000000e+00,0.000000e+00,0.000000e+00
2.000000e-02,8.500000e-01,0.0,1.000000e+00,0.000000e+00,0.000000e+00
3.000000e-02,8.500000e-01,0.0,1.000000e+00,0.000000e+00,0.000000e+00
4.000000e-02,8.500000e-01,0.0,1.000000e+00,0.000000e+00,0.000000e+00
5.000000e-02,8.500000e-01,0.0,1.000000e+00,0.000000e+00,0.000000e+00
6.000000e-02,8.500000e-01,0.0,1.000000e+00,0.000000e+00,0.000000e+00
7.000000e-02,8.500000e-01,0.0,1.000000e+00,0.000000e+00,0.000000e+00
8.000000e-02,8.500000e-01,0.0,1.000000e+00,0.000000e+00,0.000000e+00
9.000000e-02,8.500000e-01,0.0,1.000000e+00,0.000000e+00,0.000000e+00
1.000000e-01,8.500000e-01,0.0,1.000000e+00,0.000000e+00,0.000000e+00
1.100000e-01,8.500000e-01,0.0,1.000000e+00,0.000000e+00,0.000000e+00
1.200000e-01,8.500000e-01,0.0,1.000000e+00,0.000000e+00,0.000000e+00
1.300000e-01,8.500000e-01,0.0,1.000000e+00,0.000000e+00,0.000000e+00
1.400000e-01,8.500000e-01,0.0,1.000000e+00,0.000000e+00,0.000000e+00
1.500000e-01,8.500000e-01,0.0,1.000000e+00,0.000000e+00,0.000000e+00
1.600000e-01,8.500000e-01,0.0,1.000000e+00,0.000000e+00,0.000000e+00
1.700000e-01,8.500000e-01,0.0,1.000000e+00,0.000000e+00,0.000000e+00
1.800000e-01,8.500000e-01,0.0,1.000000e+00,0.000000e+00,0.000000e+00
1.900000e-01,8.500000e-01,0.0,1.000000e+00,0.000000e+00,0.000000e+00
2.000000e-01,8.500000e-01,0.0,1.000000e+00,0.000000e+00,0.000000e+00
2.100000e-01,8.500000e-01,0.0,1.000000e+00,0.000000e+00,0.000000e+00
2.200000e-01,8.500000e-01,0.0,1.000000e+00,0.000000e+00,0.000000e+00
2.300000e-01,8.500000e-01,0.0,1.000000e+00,0.000000e+00,0.000000e+00
2.400000e-01,8.500000e-01,0.0,1.000000e+00,0.000000e+00,0.000000e+00
2.500000e-01,8.500000e-01,0.0,1.000000e+00,0.000000e+00,0.000000e+00
2.600000e-01,8.500000e-01,0.0,1.000000e+00,0.000000e+00,0.000000e+00
2.700000e-01,8.500000e-01,0.0,1.000000e+00,0.000000e+00,0.000000e+00
2.800000e-01,8.500000e-01,0.0,1.000000e+00,0.000000e+00,0.000000e+00
2.900000e-01,8.500000e-01,0.0,1.000000e+00,0.000000e+00,0.000000e+00
3.000000e-01,8.500000e-01,0.0,1.000000e+00,0.000000e+00,0.000000e+00
3.100000e-01,8.500000e-01,0.0,1.000000e+00,0.000000e+00,0.000000e+00
3.200000e-01,8.500000e-01,0.0,1.000000e+00,0.000000e+00,0.000000e+00
3.300000e-01,8.500000e-01,0.0,1.000000e+00,0.000000e+00,0.000000e+00
3.400000e-01,8.500000e-01,0.0,1.000000e+00,0.000000e+00,0.000000e+00
3.500000e-01,8.500000e-01,0.0,1.000000e+00,0.000000e+00,0.000000e+00
3.600000e-01,8.500000e-01,0.0,1.000000e+00,0.000000e+00,0.000000e+00
3.700000e-01,8.500000e-01,0.0,1.000000e+00,0.000000e+00,0.000000e+00
3.800000e-01,8.500000e-01,0.0,1.000000e+00,0.000000e+00,0.000000e+00
3.900000e-01,8.500000e-01,0.0,1.000000e+00,0.000000e+00,0.000000e+00
4.000000e-01,8.500000e-01,0.0,1.000000e+00,0.000000e+00,0.000000e+00
4.100000e-01,8.500000e-01,0.0,1.000000e+00,0.000000e+00,0.000000e+00
4.200000e-01,8.500000e-01,0.0,1.000000e+00,0.000000e+00,0.000000e+00
4.300000e-01,8.500000e-01,0.0,1.000000e+00,0.000000e+00,0.000000e+00
4.400000e-01,8.500000e-01,0.0,1.000000e+00,0.000000e+00,0.000000e+00
4.500000e-01,8.500000e-01,0.0,1.000000e+00,0.000000e+00,0.000000e+00
4.600000e-01,8.500000e-01,0.0,1.000000e+00,0.000000e+00,0.000000e+00
4.700000e-01,8.500000e-01,0.0,1.000000e+00,0.000000e+00,0.000000e+00
4.800000e-01,8.500000e-01,0.0,1.000000e+00,0.000000e+00,0.000000e+00
4.900000e-01,8.500000e-01,0.0,1.000000e+00,0.000000e+00,0.000000e+00
5.000000e-01,8.500000e-01,0.0,1.000000e+00,0.000000e+00,0.000000e+00
5.100000e-01,8.500000e-01,0.0,1.000000e+00,0.000000e+00,0.000000e+00
5.200000e-01,8.500000e-01,0.0,1.000000e+00,0.000000e+00,0.000000e+00
5.300000e-01,8.500000e-01,0.0,1.000000e+00,0.000000e+00,0.000000e+00
5.400000e-01,8.500000e-01,0.0,1.000000e+00,0.000000e+00,0.000000e+00
5.500000e-01,8.500000e-01,0.0,1.000000e+00,0.000000e+00,0.000000e+00
5.600000e-01,8.500000e-01,0.0,1.000000e+00,0.000000e+00,0.000000e+00
5.700000e-01,8.500000e-01,0.0,1.000000e+00,0.000000e+00,0.000000e+00
5.800000e-01,8.500000e-01,0.0,1.000000e+00,0.000000e+00,0.000000e+00
5.900000e-01,8.500000e-01,0.0,1.000000e+00,0.000000e+00,0.000000e+00
6.000000e-01,8.500000e-01,0.0,1.000000e+00,0.000000e+00,0.000000e+00
6.100000e-01,8.500000e-01,0.0,1.000000e+00,0.000000e+00,0.000000e+00
6.200000e-01,8.500000e-01,0.0,1.000000e+00,0.000000e+00,0.000000e+00
6.300000e-01,8.500000e-01,0.0,1.000000e+00,0.000000e+00,0.000000e+00
6.400000e-01,8.500000e-01,0.0,1.000000e+00,0.000000e+00,0.000000e+00
6.500000e-01,8.500000e-01,0.0,1.000000e+00,0.000000e+00,0.000000e+00
6.600000e-01,8.500000e-01,0.0,1.000000e+00,0.000000e+00,0.000000e+00
6.700000e-01,8.500000e-01,0.0,1.000000e+00,0.000000e+00,0.000000e+00
6.800000e-01,8.500000e-01,0.0,1.000000e+00,0.000000e+00,0.000000e+00
6.900000e-01,8.500000e-01,0.0,1.000000e+00,0.000000e+00,0.000000e+00
7.000000e-01,8.500000e-01,0.0,1.000000e+00,0.000000e+00,0.000000e+00
7.100000e-01,8.500000e-01,0.0,1.000000e+00,0.000000e+00,0.000000e+00
7.200000e-01,8.500000e-01,0.0,1.000000e+00,0.000000e+00,0.000000e+00
7.300000e-01,8.500000e-01,0.0,1.000000e+00,0.000000e+00,0.000000e+00
7.400000e-01,8.500000e-01,0.0,1.000000e+00,0.000000e+00,0.000000e+00
7.500000e-01,8.500000e-01,0.0,1.000000e+00,0.000000e+00,0.000000e+00
7.600000e-01,8.500000e-01,0.0,1.000000e+00,0.000000e+00,0.000000e+00
7.700000e-01,8.500000e-01,0.0,1.000000e+00,0.000000e+00,0.000000e+00
7.800000e-01,8.500000e-01,0.0,1.000000e+00,0.000000e+00,0.000000e+00
7.900000e-01,8.500000e-01,0.0,1.000000e+00,0.000000e+00,0.000000e+00
8.000000e-01,8.500000e-01,0.0,1.000000e+00,0.000000e+00,0.000000e+00
8.100000e-01,8.500000e-01,0.0,1.000000e+00,0.000000e+00,0.000000e+00
8.200000e-01,8.500000e-01,0.0,1.000000e+00,0.000000e+00,0.000000e+00
8.300000e-01,8.500000e-01,0.0,1.000000e+00,0.000000e+00,0.000000e+00
8.400000e-01,8.500000e-01,0.0,1.000000e+00,0.000000e+00,0.000000e+00
8.500000e-01,8.500000e-01,0.0,1.000000e+00,0.000000e+00,0.000000e+00
8.600000e-01,8.500000e-01,0.0,1.000000e+00,0.000000e+00,0.000000e+00
8.700000e-01,8.500000e-01,0.0,1.000000e+00,0.000000e+00,0.000000e+00
8.800000e-01,8.500000e-01,0.0,1.000000e+00,0.000000e+00,0.000000e+00
8.900000e-01,8.500000e-01,0.0,1.000000e+00,0.000000e+00,0.000000e+00
9.000000e-01,8.500000e-01,0.0,1.000000e+00,0.000000e+00,0.000000e+00
9.100000e-01,8.500000e-01,0.0,1.000000e+00,0.000000e+00,0.000000e+00
9.200000e-01,8.500000e-01,0.0,1.000000e+00,0.000000e+00,0.000000e+00
9.300000e-01,8.500000e-01,0.0,1.000000e+00,0.000000e+00,0.000000e+00
9.400000e-01,8.500000e-01,0.0,1.000000e+00,0.000000e+00,0.000000e+00
9.500000e-01,8.500000e-01,0.0,1.000000e+00,0.000000e+00,0.000000e+00
9.600000e-01,8.500000e-01,0.0,1.000000e+00,0.000000e+00,0.000000e+00
9.700000e-01,8.500000e-01,0.0,1.000000e+00,0.000000e+00,0.000000e+00
9.800000e-01,8.500000e-01,0.0,1.000000e+00,0.000000e+00,0.000000e+00
9.900000e-01,8.500000e-01,0.0,1.000000e+00,0.000000e+00,0.000000e+00
1.000000e+00,8.500000e-01,0.0,1.000000e+00,0.000000e+00,0.000000e+00
0.000000e+00,8.600000e-01,0.0,1.000000e+00,0.000000e+00,0.000000e+00
1.000000e-02,8.600000e-01,0.0,1.000000e+00,0.000000e+00,0.000000e+00
2.000000e-02,8.600000e-01,0.0,1.000000e+00,0.000000e+00,0.000000e+00
3.000000e-02,8.600000e-01,0.0,1.000000e+00,0.000000e+00,0.000000e+00
4.000000e-02,8.600000e-01,0.0,1.000000e+00,0.000000e+00,0.000000e+00
5.000000e-02,8.600000e-01,0.0,1.000000e+00,0.000000e+00,0.000000e+00
6.000000e-02,8.600000e-01,0.0,1.000000e+00,0.000000e+00,0.000000e+00
7.000000e-02,8.600000e-01,0.0,1.000000e+00,0.000000e+00,0.000000e+00
8.000000e-02,8.600000e-01,0.0,1.000000e+00,0.000000e+00,0.000000e+00
9.000000e-02,8.600000e-01,0.0,1.000000e+00,0.000000e+00,0.000000e+00
1.000000e-01,8.600000e-01,0.0,1.000000e+00,0.000000e+00,0.000000e+00
1.100000e-01,8.600000e-01,0.0,1.000000e+00,0.000000e+00,0.000000e+00
1.200000e-01,8.600000e-01,0.0,1.000000e+00,0.000000e+00,0.000000e+00
1.300000e-01,8.600000e-01,0.0,1.000000e+00,0.000000e+00,0.000000e+00
1.400000e-01,8.600000e-01,0.0,1.000000e+00,0.000000e+00,0.000000e+00
1.500000e-01,8.600000e-01,0.0,1.000000e+00,0.000000e+00,0.000000e+00
1.600000e-01,8.600000e-01,0.0,1.000000e+00,0.000000e+00,0.000000e+00
1.700000e-01,8.600000e-01,0.0,1.000000e+00,0.000000e+00,0.000000e+00
1.800000e-01,8.600000e-01,0.0,1.000000e+00,0.000000e+00,0.000000e+00
1.900000e-01,8.600000e-01,0.0,1.000000e+00,0.000000e+00,0.000000e+00
2.000000e-01,8.600000e-01,0.0,1.000000e+00,0.000000e+00,0.000000e+00
2.100000e-01,8.600000e-01,0.0,1.000000e+00,0.000000e+00,0.000000e+00
2.200000e-01,8.600000e-01,0.0,1.000000e+00,0.000000e+00,0.000000e+00
2.300000e-01,8.600000e-01,0.0,1.000000e+00,0.000000e+00,0.000000e+00
2.400000e-01,8.600000e-01,0.0,1.000000e+00,0.000000e+00,0.000000e+00
2.500000e-01,8.600000e-01,0.0,1.000000e+00,0.000000e+00,0.000000e+00
2.600000e-01,8.600000e-01,0.0,1.000000e+00,0.000000e+00,0.000000e+00
2.700000e-01,8.600000e-01,0.0,1.000000e+00,0.000000e+00,0.000000e+00
2.800000e-01,8.600000e-01,0.0,1.000000e+00,0.000000e+00,0.000000e+00
2.900000e-01,8.600000e-01,0.0,1.000000e+00,0.000000e+00,0.000000e+00
3.000000e-01,8.600000e-01,0.0,1.000000e+00,0.000000e+00,0.000000e+00
3.100000e-01,8.600000e-01,0.0,1.000000e+00,0.000000e+00,0.000000e+00
3.200000e-01,8.600000e-01,0.0,1.000000e+00,0.000000e+00,0.000000e+00
3.300000e-01,8.600000e-01,0.0,1.000000e+00,0.000000e+00,0.000000e+00
3.400000e-01,8.600000e-01,0.0,1.000000e+00,0.000000e+00,0.000000e+00
3.500000e-01,8.600000e-01,0.0,1.000000e+00,0.000000e+00,0.000000e+00
3.600000e-01,8.600000e-01,0.0,1.000000e+00,0.000000e+00,0.000000e+00
3.700000e-01,8.600000e-01,0.0,1.000000e+00,0.000000e+00,0.000000e+00
3.800000e-01,8.600000e-01,0.0,1.000000e+00,0.000000e+00,0.000000e+00
3.900000e-01,8.600000e-01,0.0,1.000000e+00,0.000000e+00,0.000000e+00
4.000000e-01,8.600000e-01,0.0,1.000000e+00,0.000000e+00,0.000000e+00
4.100000e-01,8.600000e-01,0.0,1.000000e+00,0.000000e+00,0.000000e+00
4.200000e-01,8.600000e-01,0.0,1.000000e+00,0.000000e+00,0.000000e+00
4.300000e-01,8.600000e-01,0.0,1.000000e+00,0.000000e+00,0.000000e+00
4.400000e-01,8.600000e-01,0.0,1.000000e+00,0.000000e+00,0.000000e+00
4.500000e-01,8.600000e-01,0.0,1.000000e+00,0.000000e+00,0.000000e+00
4.600000e-01,8.600000e-01,0.0,1.000000e+00,0.000000e+00,0.000000e+00
4.700000e-01,8.600000e-01,0.0,1.000000e+00,0.000000e+00,0.000000e+00
4.800000e-01,8.600000e-01,0.0,1.000000e+00,0.000000e+00,0.000000e+00
4.900000e-01,8.600000e-01,0.0,1.000000e+00,0.000000e+00,0.000000e+00
5.000000e-01,8.600000e-01,0.0,1.000000e+00,0.000000e+00,0.000000e+00
5.100000e-01,8.600000e-01,0.0,1.000000e+00,0.000000e+00,0.000000e+00
5.200000e-01,8.600000e-01,0.0,1.000000e+00,0.000000e+00,0.000000e+00
5.300000e-01,8.600000e-01,0.0,1.000000e+00,0.000000e+00,0.000000e+00
5.400000e-01,8.600000e-01,0.0,1.000000e+00,0.000000e+00,0.000000e+00
5.500000e-01,8.600000e-01,0.0,1.000000e+00,0.000000e+00,0.000000e+00
5.600000e-01,8.600000e-01,0.0,1.000000e+00,0.000000e+00,0.000000e+00
5.700000e-01,8.600000e-01,0.0,1.000000e+00,0.000000e+00,0.000000e+00
5.800000e-01,8.600000e-01,0.0,1.000000e+00,0.000000e+00,0.000000e+00
5.900000e-01,8.600000e-01,0.0,1.000000e+00,0.000000e+00,0.000000e+00
6.000000e-01,8.600000e-01,0.0,1.000000e+00,0.000000e+00,0.000000e+00
6.100000e-01,8.600000e-01,0.0,1.000000e+00,0.000000e+00,0.000000e+00
6.200000e-01,8.600000e-01,0.0,1.000000e+00,0.000000e+00,0.000000e+00
6.300000e-01,8.600000e-01,0.0,1.000000e+00,0.000000e+00,0.000000e+00
6.400000e-01,8.600000e-01,0.0,1.000000e+00,0.000000e+00,0.000000e+00
6.500000e-01,8.600000e-01,0.0,1.000000e+00,0.000000e+00,0.000000e+00
6.600000e-01,8.600000e-01,0.0,1.000000e+00,0.000000e+00,0.000000e+00
6.700000e-01,8.600000e-01,0.0,1.000000e+00,0.000000e+00,0.000000e+00
6.800000e-01,8.600000e-01,0.0,1.000000e+00,0.000000e+00,0.000000e+00
6.900000e-01,8.600000e-01,0.0,1.000000e+00,0.000000e+00,0.000000e+00
7.000000e-01,8.600000e-01,0.0,1.000000e+00,0.000000e+00,0.000000e+00
7.100000e-01,8.600000e-01,0.0,1.000000e+00,0.000000e+00,0.000000e+00
7.200000e-01,8.600000e-01,0.0,1.000000e+00,0.000000e+00,0.000000e+00
7.300000e-01,8.600000e-01,0.0,1.000000e+00,0.000000e+00,0.000000e+00
7.400000e-01,8.600000e-01,0.0,1.000000e+00,0.000000e+00,0.000000e+00
7.500000e-01,8.600000e-01,0.0,1.000000e+00,0.000000e+00,0.000000e+00
7.600000e-01,8.600000e-01,0.0,1.000000e+00,0.000000e+00,0.000000e+00
7.700000e-01,8.600000e-01,0.0,1.000000e+00,0.000000e+00,0.000000e+00
7.800000e-01,8.600000e-01,0.0,1.000000e+00,0.000000e+00,0.000000e+00
7.900000e-01,8.600000e-01,0.0,1.000000e+00,0.000000e+00,0.000000e+00
8.000000e-01,8.600000e-01,0.0,1.000000e+00,0.000000e+00,0.000000e+00
8.100000e-01,8.600000e-01,0.0,1.000000e+00,0.000000e+00,0.000000e+00
8.200000e-01,8.600000e-01,0.0,1.000000e+00,0.000000e+00,0.000000e+00
8.300000e-01,8.600000e-01,0.0,1.000000e+00,0.000000e+00,0.000000e+00
8.400000e-01,8.600000e-01,0.0,1.000000e+00,0.000000e+00,0.000000e+00
8.500000e-01,8.600000e-01,0.0,1.000000e+00,0.000000e+00,0.000000e+00
8.600000e-01,8.600000e-01,0.0,1.000000e+00,0.000000e+00,0.000000e+00
8.700000e-01,8.600000e-01,0.0,1.000000e+00,0.000000e+00,0.000000e+00
8.800000e-01,8.600000e-01,0.0,1.000000e+00,0.000000e+00,0.000000e+00
8.900000e-01,8.600000e-01,0.0,1.000000e+00,0.000000e+00,0.000000e+00
9.000000e-01,8.600000e-01,0.0,1.000000e+00,0.000000e+00,0.000000e+00
9.100000e-01,8.600000e-01,0.0,1.000000e+00,0.000000e+00,0.000000e+00
9.200000e-01,8.600000e-01,0.0,1.000000e+00,0.000000e+00,0.000000e+00
9.300000e-01,8.600000e-01,0.0,1.000000e+00,0.000000e+00,0.000000e+00
9.400000e-01,8.600000e-01,0.0,1.000000e+00,0.000000e+00,0.000000e+00
9.500000e-01,8.600000e-01,0.0,1.000000e+00,0.000000e+00,0.000000e+00
9.600000e-01,8.600000e-01,0.0,1.000000e+00,0.000000e+00,0.000000e+00
9.700000e-01,8.600000e-01,0.0,1.000000e+00,0.000000e+00,0.000000e+00
9.800000e-01,8.600000e-01,0.0,1.000000e+00,0.000000e+00,0.000000e+00
9.900000e-01,8.600000e-01,0.0,1.000000e+00,0.000000e+00,0.000000e+00
1.000000e+00,8.600000e-01,0.0,1.000000e+00,0.000000e+00,0.000000e+00
0.000000e+00,8.700000e-01,0.0,1.000000e+00,0.000000e+00,0.000000e+00
1.000000e-02,8.700000e-01,0.0,1.000000e+00,0.000000e+00,0.000000e+00
2.000000e-02,8.700000e-01,0.0,1.000000e+00,0.000000e+00,0.000000e+00
3.000000e-02,8.700000e-01,0.0,1.000000e+00,0.000000e+00,0.000000e+00
4.000000e-02,8.700000e-01,0.0,1.000000e+00,0.000000e+00,0.000000e+00
5.000000e-02,8.700000e-01,0.0,1.000000e+00,0.000000e+00,0.000000e+00
6.000000e-02,8.700000e-01,0.0,1.000000e+00,0.000000e+00,0.000000e+00
7.000000e-02,8.700000e-01,0.0,1.000000e+00,0.000000e+00,0.000000e+00
8.000000e-02,8.700000e-01,0.0,1.000000e+00,0.000000e+00,0.000000e+00
9.000000e-02,8.700000e-01,0.0,1.000000e+00,0.000000e+00,0.000000e+00
1.000000e-01,8.700000e-01,0.0,1.000000e+00,0.000000e+00,0.000000e+00
1.100000e-01,8.700000e-01,0.0,1.000000e+00,0.000000e+00,0.000000e+00
1.200000e-01,8.700000e-01,0.0,1.000000e+00,0.000000e+00,0.000000e+00
1.300000e-01,8.700000e-01,0.0,1.000000e+00,0.000000e+00,0.000000e+00
1.400000e-01,8.700000e-01,0.0,1.000000e+00,0.000000e+00,0.000000e+00
1.500000e-01,8.700000e-01,0.0,1.000000e+00,0.000000e+00,0.000000e+00
1.600000e-01,8.700000e-01,0.0,1.000000e+00,0.000000e+00,0.000000e+00
1.700000e-01,8.700000e-01,0.0,1.000000e+00,0.000000e+00,0.000000e+00
1.800000e-01,8.700000e-01,0.0,1.000000e+00,0.000000e+00,0.000000e+00
1.900000e-01,8.700000e-01,0.0,1.000000e+00,0.000000e+00,0.000000e+00
2.000000e-01,8.700000e-01,0.0,1.000000e+00,0.000000e+00,0.000000e+00
2.100000e-01,8.700000e-01,0.0,1.000000e+00,0.000000e+00,0.000000e+00
2.200000e-01,8.700000e-01,0.0,1.000000e+00,0.000000e+00,0.000000e+00
2.300000e-01,8.700000e-01,0.0,1.000000e+00,0.000000e+00,0.000000e+00
2.400000e-01,8.700000e-01,0.0,1.000000e+00,0.000000e+00,0.000000e+00
2.500000e-01,8.700000e-01,0.0,1.000000e+00,0.000000e+00,0.000000e+00
2.600000e-01,8.700000e-01,0.0,1.000000e+00,0.000000e+00,0.000000e+00
2.700000e-01,8.700000e-01,0.0,1.000000e+00,0.000000e+00,0.000000e+00
2.800000e-01,8.700000e-01,0.0,1.000000e+00,0.000000e+00,0.000000e+00
2.900000e-01,8.700000e-01,0.0,1.000000e+00,0.000000e+00,0.000000e+00
3.000000e-01,8.700000e-01,0.0,1.000000e+00,0.000000e+00,0.000000e+00
3.100000e-01,8.700000e-01,0.0,1.000000e+00,0.000000e+00,0.000000e+00
3.200000e-01,8.700000e-01,0.0,1.000000e+00,0.000000e+00,0.000000e+00
3.300000e-01,8.700000e-01,0.0,1.000000e+00,0.000000e+00,0.000000e+00
3.400000e-01,8.700000e-01,0.0,1.000000e+00,0.000000e+00,0.000000e+00
3.500000e-01,8.700000e-01,0.0,1.000000e+00,0.000000e+00,0.000000e+00
3.600000e-01,8.700000e-01,0.0,1.000000e+00,0.000000e+00,0.000000e+00
3.700000e-01,8.700000e-01,0.0,1.000000e+00,0.000000e+00,0.000000e+00
3.800000e-01,8.700000e-01,0.0,1.000000e+00,0.000000e+00,0.000000e+00
3.900000e-01,8.700000e-01,0.0,1.000000e+00,0.000000e+00,0.000000e+00
4.000000e-01,8.700000e-01,0.0,1.000000e+00,0.000000e+00,0.000000e+00
4.100000e-01,8.700000e-01,0.0,1.000000e+00,0.000000e+00,0.000000e+00
4.200000e-01,8.700000e-01,0.0,1.000000e+00,0.000000e+00,0.000000e+00
4.300000e-01,8.700000e-01,0.0,1.000000e+00,0.000000e+00,0.000000e+00
4.400000e-01,8.700000e-01,0.0,1.000000e+00,0.000000e+00,0.000000e+00
4.500000e-01,8.700000e-01,0.0,1.000000e+00,0.000000e+00,0.000000e+00
4.600000e-01,8.700000e-01,0.0,1.000000e+00,0.000000e+00,0.000000e+00
4.700000e-01,8.700000e-01,0.0,1.000000e+00,0.000000e+00,0.000000e+00
4.800000e-01,8.700000e-01,0.0,1.000000e+00,0.000000e+00,0.000000e+00
4.900000e-01,8.700000e-01,0.0,1.000000e+00,0.000000e+00,0.000000e+00
5.000000e-01,8.700000e-01,0.0,1.000000e+00,0.000000e+00,0.000000e+00
5.100000e-01,8.700000e-01,0.0,1.000000e+00,0.000000e+00,0.000000e+00
5.200000e-01,8.700000e-01,0.0,1.000000e+00,0.000000e+00,0.000000e+00
5.300000e-01,8.700000e-01,0.0,1.000000e+00,0.000000e+00,0.000000e+00
5.400000e-01,8.700000e-01,0.0,1.000000e+00,0.000000e+00,0.000000e+00
5.500000e-01,8.700000e-01,0.0,1.000000e+00,0.000000e+00,0.000000e+00
5.600000e-01,8.700000e-01,0.0,1.000000e+00,0.000000e+00,0.000000e+00
5.700000e-01,8.700000e-01,0.0,1.000000e+00,0.000000e+00,0.000000e+00
5.800000e-01,8.700000e-01,0.0,1.000000e+00,0.000000e+00,0.000000e+00
5.900000e-01,8.700000e-01,0.0,1.000000e+00,0.000000e+00,0.000000e+00
6.000000e-01,8.700000e-01,0.0,1.000000e+00,0.000000e+00,0.000000e+00
6.100000e-01,8.700000e-01,0.0,1.000000e+00,0.000000e+00,0.000000e+00
6.200000e-01,8.700000e-01,0.0,1.000000e+00,0.000000e+00,0.000000e+00
6.300000e-01,8.700000e-01,0.0,1.000000e+00,0.000000e+00,0.000000e+00
6.400000e-01,8.700000e-01,0.0,1.000000e+00,0.000000e+00,0.000000e+00
6.500000e-01,8.700000e-01,0.0,1.000000e+00,0.000000e+00,0.000000e+00
6.600000e-01,8.700000e-01,0.0,1.000000e+00,0.000000e+00,0.000000e+00
6.700000e-01,8.700000e-01,0.0,1.000000e+00,0.000000e+00,0.000000e+00
6.800000e-01,8.700000e-01,0.0,1.000000e+00,0.000000e+00,0.000000e+00
6.900000e-01,8.700000e-01,0.0,1.000000e+00,0.000000e+00,0.000000e+00
7.000000e-01,8.700000e-01,0.0,1.000000e+00,0.000000e+00,0.000000e+00
7.100000e-01,8.700000e-01,0.0,1.000000e+00,0.000000e+00,0.000000e+00
7.200000e-01,8.700000e-01,0.0,1.000000e+00,0.000000e+00,0.000000e+00
7.300000e-01,8.700000e-01,0.0,1.000000e+00,0.000000e+00,0.000000e+00
7.400000e-01,8.700000e-01,0.0,1.000000e+00,0.000000e+00,0.000000e+00
7.500000e-01,8.700000e-01,0.0,1.000000e+00,0.000000e+00,0.000000e+00
7.600000e-01,8.700000e-01,0.0,1.000000e+00,0.000000e+00,0.000000e+00
7.700000e-01,8.700000e-01,0.0,1.000000e+00,0.000000e+00,0.000000e+00
7.800000e-01,8.700000e-01,0.0,1.000000e+00,0.000000e+00,0.000000e+00
7.900000e-01,8.700000e-01,0.0,1.000000e+00,0.000000e+00,0.000000e+00
8.000000e-01,8.700000e-01,0.0,1.000000e+00,0.000000e+00,0.000000e+00
8.100000e-01,8.700000e-01,0.0,1.000000e+00,0.000000e+00,0.000000e+00
8.200000e-01,8.700000e-01,0.0,1.000000e+00,0.000000e+00,0.000000e+00
8.300000e-01,8.700000e-01,0.0,1.000000e+00,0.000000e+00,0.000000e+00
8.400000e-01,8.700000e-01,0.0,1.000000e+00,0.000000e+00,0.000000e+00
8.500000e-01,8.700000e-01,0.0,1.000000e+00,0.000000e+00,0.000000e+00
8.600000e-01,8.700000e-01,0.0,1.000000e+00,0.000000e+00,0.000000e+00
8.700000e-01,8.700000e-01,0.0,1.000000e+00,0.000000e+00,0.000000e+00
8.800000e-01,8.700000e-01,0.0,1.000000e+00,0.000000e+00,0.000000e+00
8.900000e-01,8.700000e-01,0.0,1.000000e+00,0.000000e+00,0.000000e+00
9.000000e-01,8.700000e-01,0.0,1.000000e+00,0.000000e+00,0.000000e+00
9.100000e-01,8.700000e-01,0.0,1.000000e+00,0.000000e+00,0.000000e+00
9.200000e-01,8.700000e-01,0.0,1.000000e+00,0.000000e+00,0.000000e+00
9.300000e-01,8.700000e-01,0.0,1.000000e+00,0.000000e+00,0.000000e+00
9.400000e-01,8.700000e-01,0.0,1.000000e+00,0.000000e+00,0.000000e+00
9.500000e-01,8.700000e-01,0.0,1.000000e+00,0.000000e+00,0.000000e+00
9.600000e-01,8.700000e-01,0.0,1.000000e+00,0.000000e+00,0.000000e+00
9.700000e-01,8.700000e-01,0.0,1.000000e+00,0.000000e+00,0.000000e+00
9.800000e-01,8.700000e-01,0.0,1.000000e+00,0.000000e+00,0.000000e+00
9.900000e-01,8.700000e-01,0.0,1.000000e+00,0.000000e+00,0.000000e+00
1.000000e+00,8.700000e-01,0.0,1.000000e+00,0.000000e+00,0.000000e+00
0.000000e+00,8.800000e-01,0.0,1.000000e+00,0.000000e+00,0.000000e+00
1.000000e-02,8.800000e-01,0.0,1.000000e+00,0.000000e+00,0.000000e+00
2.000000e-02,8.800000e-01,0.0,1.000000e+00,0.000000e+00,0.000000e+00
3.000000e-02,8.800000e-01,0.0,1.000000e+00,0.000000e+00,0.000000e+00
4.000000e-02,8.800000e-01,0.0,1.000000e+00,0.000000e+00,0.000000e+00
5.000000e-02,8.800000e-01,0.0,1.000000e+00,0.000000e+00,0.000000e+00
6.000000e-02,8.800000e-01,0.0,1.000000e+00,0.000000e+00,0.000000e+00
7.000000e-02,8.800000e-01,0.0,1.000000e+00,0.000000e+00,0.000000e+00
8.000000e-02,8.800000e-01,0.0,1.000000e+00,0.000000e+00,0.000000e+00
9.000000e-02,8.800000e-01,0.0,1.000000e+00,0.000000e+00,0.000000e+00
1.000000e-01,8.800000e-01,0.0,1.000000e+00,0.000000e+00,0.000000e+00
1.100000e-01,8.800000e-01,0.0,1.000000e+00,0.000000e+00,0.000000e+00
1.200000e-01,8.800000e-01,0.0,1.000000e+00,0.000000e+00,0.000000e+00
1.300000e-01,8.800000e-01,0.0,1.000000e+00,0.000000e+00,0.000000e+00
1.400000e-01,8.800000e-01,0.0,1.000000e+00,0.000000e+00,0.000000e+00
1.500000e-01,8.800000e-01,0.0,1.000000e+00,0.000000e+00,0.000000e+00
1.600000e-01,8.800000e-01,0.0,1.000000e+00,0.000000e+00,0.000000e+00
1.700000e-01,8.800000e-01,0.0,1.000000e+00,0.000000e+00,0.000000e+00
1.800000e-01,8.800000e-01,0.0,1.000000e+00,0.000000e+00,0.000000e+00
1.900000e-01,8.800000e-01,0.0,1.000000e+00,0.000000e+00,0.000000e+00
2.000000e-01,8.800000e-01,0.0,1.000000e+00,0.000000e+00,0.000000e+00
2.100000e-01,8.800000e-01,0.0,1.000000e+00,0.000000e+00,0.000000e+00
2.200000e-01,8.800000e-01,0.0,1.000000e+00,0.000000e+00,0.000000e+00
2.300000e-01,8.800000e-01,0.0,1.000000e+00,0.000000e+00,0.000000e+00
2.400000e-01,8.800000e-01,0.0,1.000000e+00,0.000000e+00,0.000000e+00
2.500000e-01,8.800000e-01,0.0,1.000000e+00,0.000000e+00,0.000000e+00
2.600000e-01,8.800000e-01,0.0,1.000000e+00,0.000000e+00,0.000000e+00
2.700000e-01,8.800000e-01,0.0,1.000000e+00,0.000000e+00,0.000000e+00
2.800000e-01,8.800000e-01,0.0,1.000000e+00,0.000000e+00,0.000000e+00
2.900000e-01,8.800000e-01,0.0,1.000000e+00,0.000000e+00,0.000000e+00
3.000000e-01,8.800000e-01,0.0,1.000000e+00,0.000000e+00,0.000000e+00
3.100000e-01,8.800000e-01,0.0,1.000000e+00,0.000000e+00,0.000000e+00
3.200000e-01,8.800000e-01,0.0,1.000000e+00,0.000000e+00,0.000000e+00
3.300000e-01,8.800000e-01,0.0,1.000000e+00,0.000000e+00,0.000000e+00
3.400000e-01,8.800000e-01,0.0,1.000000e+00,0.000000e+00,0.000000e+00
3.500000e-01,8.800000e-01,0.0,1.000000e+00,0.000000e+00,0.000000e+00
3.600000e-01,8.800000e-01,0.0,1.000000e+00,0.000000e+00,0.000000e+00
3.700000e-01,8.800000e-01,0.0,1.000000e+00,0.000000e+00,0.000000e+00
3.800000e-01,8.800000e-01,0.0,1.000000e+00,0.000000e+00,0.000000e+00
3.900000e-01,8.800000e-01,0.0,1.000000e+00,0.000000e+00,0.000000e+00
4.000000e-01,8.800000e-01,0.0,1.000000e+00,0.000000e+00,0.000000e+00
4.100000e-01,8.800000e-01,0.0,1.000000e+00,0.000000e+00,0.000000e+00
4.200000e-01,8.800000e-01,0.0,1.000000e+00,0.000000e+00,0.000000e+00
4.300000e-01,8.800000e-01,0.0,1.000000e+00,0.000000e+00,0.000000e+00
4.400000e-01,8.800000e-01,0.0,1.000000e+00,0.000000e+00,0.000000e+00
4.500000e-01,8.800000e-01,0.0,1.000000e+00,0.000000e+00,0.000000e+00
4.600000e-01,8.800000e-01,0.0,1.000000e+00,0.000000e+00,0.000000e+00
4.700000e-01,8.800000e-01,0.0,1.000000e+00,0.000000e+00,0.000000e+00
4.800000e-01,8.800000e-01,0.0,1.000000e+00,0.000000e+00,0.000000e+00
4.900000e-01,8.800000e-01,0.0,1.000000e+00,0.000000e+00,0.000000e+00
5.000000e-01,8.800000e-01,0.0,1.000000e+00,0.000000e+00,0.000000e+00
5.100000e-01,8.800000e-01,0.0,1.000000e+00,0.000000e+00,0.000000e+00
5.200000e-01,8.800000e-01,0.0,1.000000e+00,0.000000e+00,0.000000e+00
5.300000e-01,8.800000e-01,0.0,1.000000e+00,0.000000e+00,0.000000e+00
5.400000e-01,8.800000e-01,0.0,1.000000e+00,0.000000e+00,0.000000e+00
5.500000e-01,8.800000e-01,0.0,1.000000e+00,0.000000e+00,0.000000e+00
5.600000e-01,8.800000e-01,0.0,1.000000e+00,0.000000e+00,0.000000e+00
5.700000e-01,8.800000e-01,0.0,1.000000e+00,0.000000e+00,0.000000e+00
5.800000e-01,8.800000e-01,0.0,1.000000e+00,0.000000e+00,0.000000e+00
5.900000e-01,8.800000e-01,0.0,1.000000e+00,0.000000e+00,0.000000e+00
6.000000e-01,8.800000e-01,0.0,1.000000e+00,0.000000e+00,0.000000e+00
6.100000e-01,8.800000e-01,0.0,1.000000e+00,0.000000e+00,0.000000e+00
6.200000e-01,8.800000e-01,0.0,1.000000e+00,0.000000e+00,0.000000e+00
6.300000e-01,8.800000e-01,0.0,1.000000e+00,0.000000e+00,0.000000e+00
6.400000e-01,8.800000e-01,0.0,1.000000e+00,0.000000e+00,0.000000e+00
6.500000e-01,8.800000e-01,0.0,1.000000e+00,0.000000e+00,0.000000e+00
6.600000e-01,8.800000e-01,0.0,1.000000e+00,0.000000e+00,0.000000e+00
6.700000e-01,8.800000e-01,0.0,1.000000e+00,0.000000e+00,0.000000e+00
6.800000e-01,8.800000e-01,0.0,1.000000e+00,0.000000e+00,0.000000e+00
6.900000e-01,8.800000e-01,0.0,1.000000e+00,0.000000e+00,0.000000e+00
7.000000e-01,8.800000e-01,0.0,1.000000e+00,0.000000e+00,0.000000e+00
7.100000e-01,8.800000e-01,0.0,1.000000e+00,0.000000e+00,0.000000e+00
7.200000e-01,8.800000e-01,0.0,1.000000e+00,0.000000e+00,0.000000e+00
7.300000e-01,8.800000e-01,0.0,1.000000e+00,0.000000e+00,0.000000e+00
7.400000e-01,8.800000e-01,0.0,1.000000e+00,0.000000e+00,0.000000e+00
7.500000e-01,8.800000e-01,0.0,1.000000e+00,0.000000e+00,0.000000e+00
7.600000e-01,8.800000e-01,0.0,1.000000e+00,0.000000e+00,0.000000e+00
7.700000e-01,8.800000e-01,0.0,1.000000e+00,0.000000e+00,0.000000e+00
7.800000e-01,8.800000e-01,0.0,1.000000e+00,0.000000e+00,0.000000e+00
7.900000e-01,8.800000e-01,0.0,1.000000e+00,0.000000e+00,0.000000e+00
8.000000e-01,8.800000e-01,0.0,1.000000e+00,0.000000e+00,0.000000e+00
8.100000e-01,8.800000e-01,0.0,1.000000e+00,0.000000e+00,0.000000e+00
8.200000e-01,8.800000e-01,0.0,1.000000e+00,0.000000e+00,0.000000e+00
8.300000e-01,8.800000e-01,0.0,1.000000e+00,0.000000e+00,0.000000e+00
8.400000e-01,8.800000e-01,0.0,1.000000e+00,0.000000e+00,0.000000e+00
8.500000e-01,8.800000e-01,0.0,1.000000e+00,0.000000e+00,0.000000e+00
8.600000e-01,8.800000e-01,0.0,1.000000e+00,0.000000e+00,0.000000e+00
8.700000e-01,8.800000e-01,0.0,1.000000e+00,0.000000e+00,0.000000e+00
8.800000e-01,8.800000e-01,0.0,1.000000e+00,0.000000e+00,0.000000e+00
8.900000e-01,8.800000e-01,0.0,1.000000e+00,0.000000e+00,0.000000e+00
9.000000e-01,8.800000e-01,0.0,1.000000e+00,0.000000e+00,0.000000e+00
9.100000e-01,8.800000e-01,0.0,1.000000e+00,0.000000e+00,0.000000e+00
9.200000e-01,8.800000e-01,0.0,1.000000e+00,0.000000e+00,0.000000e+00
9.300000e-01,8.800000e-01,0.0,1.000000e+00,0.000000e+00,0.000000e+00
9.400000e-01,8.800000e-01,0.0,1.000000e+00,0.000000e+00,0.000000e+00
9.500000e-01,8.800000e-01,0.0,1.000000e+00,0.000000e+00,0.000000e+00
9.600000e-01,8.800000e-01,0.0,1.000000e+00,0.000000e+00,0.000000e+00
9.700000e-01,8.800000e-01,0.0,1.000000e+00,0.000000e+00,0.000000e+00
9.800000e-01,8.800000e-01,0.0,1.000000e+00,0.000000e+00,0.000000e+00
9.900000e-01,8.800000e-01,0.0,1.000000e+00,0.000000e+00,0.000000e+00
1.000000e+00,8.800000e-01,0.0,1.000000e+00,0.000000e+00,0.000000e+00
0.000000e+00,8.900000e-01,0.0,1.000000e+00,0.000000e+00,0.000000e+00
1.000000e-02,8.900000e-01,0.0,1.000000e+00,0.000000e+00,0.000000e+00
2.000000e-02,8.900000e-01,0.0,1.000000e+00,0.000000e+00,0.000000e+00
3.000000e-02,8.900000e-01,0.0,1.000000e+00,0.000000e+00,0.000000e+00
4.000000e-02,8.900000e-01,0.0,1.000000e+00,0.000000e+00,0.000000e+00
5.000000e-02,8.900000e-01,0.0,1.000000e+00,0.000000e+00,0.000000e+00
6.000000e-02,8.900000e-01,0.0,1.000000e+00,0.000000e+00,0.000000e+00
7.000000e-02,8.900000e-01,0.0,1.000000e+00,0.000000e+00,0.000000e+00
8.000000e-02,8.900000e-01,0.0,1.000000e+00,0.000000e+00,0.000000e+00
9.000000e-02,8.900000e-01,0.0,1.000000e+00,0.000000e+00,0.000000e+00
1.000000e-01,8.900000e-01,0.0,1.000000e+00,0.000000e+00,0.000000e+00
1.100000e-01,8.900000e-01,0.0,1.000000e+00,0.000000e+00,0.000000e+00
1.200000e-01,8.900000e-01,0.0,1.000000e+00,0.000000e+00,0.000000e+00
1.300000e-01,8.900000e-01,0.0,1.000000e+00,0.000000e+00,0.000000e+00
1.400000e-01,8.900000e-01,0.0,1.000000e+00,0.000000e+00,0.000000e+00
1.500000e-01,8.900000e-01,0.0,1.000000e+00,0.000000e+00,0.000000e+00
1.600000e-01,8.900000e-01,0.0,1.000000e+00,0.000000e+00,0.000000e+00
1.700000e-01,8.900000e-01,0.0,1.000000e+00,0.000000e+00,0.000000e+00
1.800000e-01,8.900000e-01,0.0,1.000000e+00,0.000000e+00,0.000000e+00
1.900000e-01,8.900000e-01,0.0,1.000000e+00,0.000000e+00,0.000000e+00
2.000000e-01,8.900000e-01,0.0,1.000000e+00,0.000000e+00,0.000000e+00
2.100000e-01,8.900000e-01,0.0,1.000000e+00,0.000000e+00,0.000000e+00
2.200000e-01,8.900000e-01,0.0,1.000000e+00,0.000000e+00,0.000000e+00
2.300000e-01,8.900000e-01,0.0,1.000000e+00,0.000000e+00,0.000000e+00
2.400000e-01,8.900000e-01,0.0,1.000000e+00,0.000000e+00,0.000000e+00
2.500000e-01,8.900000e-01,0.0,1.000000e+00,0.000000e+00,0.000000e+00
2.600000e-01,8.900000e-01,0.0,1.000000e+00,0.000000e+00,0.000000e+00
2.700000e-01,8.900000e-01,0.0,1.000000e+00,0.000000e+00,0.000000e+00
2.800000e-01,8.900000e-01,0.0,1.000000e+00,0.000000e+00,0.000000e+00
2.900000e-01,8.900000e-01,0.0,1.000000e+00,0.000000e+00,0.000000e+00
3.000000e-01,8.900000e-01,0.0,1.000000e+00,0.000000e+00,0.000000e+00
3.100000e-01,8.900000e-01,0.0,1.000000e+00,0.000000e+00,0.000000e+00
3.200000e-01,8.900000e-01,0.0,1.000000e+00,0.000000e+00,0.000000e+00
3.300000e-01,8.900000e-01,0.0,1.000000e+00,0.000000e+00,0.000000e+00
3.400000e-01,8.900000e-01,0.0,1.000000e+00,0.000000e+00,0.000000e+00
3.500000e-01,8.900000e-01,0.0,1.000000e+00,0.000000e+00,0.000000e+00
3.600000e-01,8.900000e-01,0.0,1.000000e+00,0.000000e+00,0.000000e+00
3.700000e-01,8.900000e-01,0.0,1.000000e+00,0.000000e+00,0.000000e+00
3.800000e-01,8.900000e-01,0.0,1.000000e+00,0.000000e+00,0.000000e+00
3.900000e-01,8.900000e-01,0.0,1.000000e+00,0.000000e+00,0.000000e+00
4.000000e-01,8.900000e-01,0.0,1.000000e+00,0.000000e+00,0.000000e+00
4.100000e-01,8.900000e-01,0.0,1.000000e+00,0.000000e+00,0.000000e+00
4.200000e-01,8.900000e-01,0.0,1.000000e+00,0.000000e+00,0.000000e+00
4.300000e-01,8.900000e-01,0.0,1.000000e+00,0.000000e+00,0.000000e+00
4.400000e-01,8.900000e-01,0.0,1.000000e+00,0.000000e+00,0.000000e+00
4.500000e-01,8.900000e-01,0.0,1.000000e+00,0.000000e+00,0.000000e+00
4.600000e-01,8.900000e-01,0.0,1.000000e+00,0.000000e+00,0.000000e+00
4.700000e-01,8.900000e-01,0.0,1.000000e+00,0.000000e+00,0.000000e+00
4.800000e-01,8.900000e-01,0.0,1.000000e+00,0.000000e+00,0.000000e+00
4.900000e-01,8.900000e-01,0.0,1.000000e+00,0.000000e+00,0.000000e+00
5.000000e-01,8.900000e-01,0.0,1.000000e+00,0.000000e+00,0.000000e+00
5.100000e-01,8.900000e-01,0.0,1.000000e+00,0.000000e+00,0.000000e+00
5.200000e-01,8.900000e-01,0.0,1.000000e+00,0.000000e+00,0.000000e+00
5.300000e-01,8.900000e-01,0.0,1.000000e+00,0.000000e+00,0.000000e+00
5.400000e-01,8.900000e-01,0.0,1.000000e+00,0.000000e+00,0.000000e+00
5.500000e-01,8.900000e-01,0.0,1.000000e+00,0.000000e+00,0.000000e+00
5.600000e-01,8.900000e-01,0.0,1.000000e+00,0.000000e+00,0.000000e+00
5.700000e-01,8.900000e-01,0.0,1.000000e+00,0.000000e+00,0.000000e+00
5.800000e-01,8.900000e-01,0.0,1.000000e+00,0.000000e+00,0.000000e+00
5.900000e-01,8.900000e-01,0.0,1.000000e+00,0.000000e+00,0.000000e+00
6.000000e-01,8.900000e-01,0.0,1.000000e+00,0.000000e+00,0.000000e+00
6.100000e-01,8.900000e-01,0.0,1.000000e+00,0.000000e+00,0.000000e+00
6.200000e-01,8.900000e-01,0.0,1.000000e+00,0.000000e+00,0.000000e+00
6.300000e-01,8.900000e-01,0.0,1.000000e+00,0.000000e+00,0.000000e+00
6.400000e-01,8.900000e-01,0.0,1.000000e+00,0.000000e+00,0.000000e+00
6.500000e-01,8.900000e-01,0.0,1.000000e+00,0.000000e+00,0.000000e+00
6.600000e-01,8.900000e-01,0.0,1.000000e+00,0.000000e+00,0.000000e+00
6.700000e-01,8.900000e-01,0.0,1.000000e+00,0.000000e+00,0.000000e+00
6.800000e-01,8.900000e-01,0.0,1.000000e+00,0.000000e+00,0.000000e+00
6.900000e-01,8.900000e-01,0.0,1.000000e+00,0.000000e+00,0.000000e+00
7.000000e-01,8.900000e-01,0.0,1.000000e+00,0.000000e+00,0.000000e+00
7.100000e-01,8.900000e-01,0.0,1.000000e+00,0.000000e+00,0.000000e+00
7.200000e-01,8.900000e-01,0.0,1.000000e+00,0.000000e+00,0.000000e+00
7.300000e-01,8.900000e-01,0.0,1.000000e+00,0.000000e+00,0.000000e+00
7.400000e-01,8.900000e-01,0.0,1.000000e+00,0.000000e+00,0.000000e+00
7.500000e-01,8.900000e-01,0.0,1.000000e+00,0.000000e+00,0.000000e+00
7.600000e-01,8.900000e-01,0.0,1.000000e+00,0.000000e+00,0.000000e+00
7.700000e-01,8.900000e-01,0.0,1.000000e+00,0.000000e+00,0.000000e+00
7.800000e-01,8.900000e-01,0.0,1.000000e+00,0.000000e+00,0.000000e+00
7.900000e-01,8.900000e-01,0.0,1.000000e+00,0.000000e+00,0.000000e+00
8.000000e-01,8.900000e-01,0.0,1.000000e+00,0.000000e+00,0.000000e+00
8.100000e-01,8.900000e-01,0.0,1.000000e+00,0.000000e+00,0.000000e+00
8.200000e-01,8.900000e-01,0.0,1.000000e+00,0.000000e+00,0.000000e+00
8.300000e-01,8.900000e-01,0.0,1.000000e+00,0.000000e+00,0.000000e+00
8.400000e-01,8.900000e-01,0.0,1.000000e+00,0.000000e+00,0.000000e+00
8.500000e-01,8.900000e-01,0.0,1.000000e+00,0.000000e+00,0.000000e+00
8.600000e-01,8.900000e-01,0.0,1.000000e+00,0.000000e+00,0.000000e+00
8.700000e-01,8.900000e-01,0.0,1.000000e+00,0.000000e+00,0.000000e+00
8.800000e-01,8.900000e-01,0.0,1.000000e+00,0.000000e+00,0.000000e+00
8.900000e-01,8.900000e-01,0.0,1.000000e+00,0.000000e+00,0.000000e+00
9.000000e-01,8.900000e-01,0.0,1.000000e+00,0.000000e+00,0.000000e+00
9.100000e-01,8.900000e-01,0.0,1.000000e+00,0.000000e+00,0.000000e+00
9.200000e-01,8.900000e-01,0.0,1.000000e+00,0.000000e+00,0.000000e+00
9.300000e-01,8.900000e-01,0.0,1.000000e+00,0.000000e+00,0.000000e+00
9.400000e-01,8.900000e-01,0.0,1.000000e+00,0.000000e+00,0.000000e+00
9.500000e-01,8.900000e-01,0.0,1.000000e+00,0.000000e+00,0.000000e+00
9.600000e-01,8.900000e-01,0.0,1.000000e+00,0.000000e+00,0.000000e+00
9.700000e-01,8.900000e-01,0.0,1.000000e+00,0.000000e+00,0.000000e+00
9.800000e-01,8.900000e-01,0.0,1.000000e+00,0.000000e+00,0.000000e+00
9.900000e-01,8.900000e-01,0.0,1.000000e+00,0.000000e+00,0.000000e+00
1.000000e+00,8.900000e-01,0.0,1.000000e+00,0.000000e+00,0.000000e+00
0.000000e+00,9.000000e-01,0.0,1.000000e+00,0.000000e+00,0.000000e+00
1.000000e-02,9.000000e-01,0.0,1.000000e+00,0.000000e+00,0.000000e+00
2.000000e-02,9.000000e-01,0.0,1.000000e+00,0.000000e+00,0.000000e+00
3.000000e-02,9.000000e-01,0.0,1.000000e+00,0.000000e+00,0.000000e+00
4.000000e-02,9.000000e-01,0.0,1.000000e+00,0.000000e+00,0.000000e+00
5.000000e-02,9.000000e-01,0.0,1.000000e+00,0.000000e+00,0.000000e+00
6.000000e-02,9.000000e-01,0.0,1.000000e+00,0.000000e+00,0.000000e+00
7.000000e-02,9.000000e-01,0.0,1.000000e+00,0.000000e+00,0.000000e+00
8.000000e-02,9.000000e-01,0.0,1.000000e+00,0.000000e+00,0.000000e+00
9.000000e-02,9.000000e-01,0.0,1.000000e+00,0.000000e+00,0.000000e+00
1.000000e-01,9.000000e-01,0.0,1.000000e+00,0.000000e+00,0.000000e+00
1.100000e-01,9.000000e-01,0.0,1.000000e+00,0.000000e+00,0.000000e+00
1.200000e-01,9.000000e-01,0.0,1.000000e+00,0.000000e+00,0.000000e+00
1.300000e-01,9.000000e-01,0.0,1.000000e+00,0.000000e+00,0.000000e+00
1.400000e-01,9.000000e-01,0.0,1.000000e+00,0.000000e+00,0.000000e+00
1.500000e-01,9.000000e-01,0.0,1.000000e+00,0.000000e+00,0.000000e+00
1.600000e-01,9.000000e-01,0.0,1.000000e+00,0.000000e+00,0.000000e+00
1.700000e-01,9.000000e-01,0.0,1.000000e+00,0.000000e+00,0.000000e+00
1.800000e-01,9.000000e-01,0.0,1.000000e+00,0.000000e+00,0.000000e+00
1.900000e-01,9.000000e-01,0.0,1.000000e+00,0.000000e+00,0.000000e+00
2.000000e-01,9.000000e-01,0.0,1.000000e+00,0.000000e+00,0.000000e+00
2.100000e-01,9.000000e-01,0.0,1.000000e+00,0.000000e+00,0.000000e+00
2.200000e-01,9.000000e-01,0.0,1.000000e+00,0.000000e+00,0.000000e+00
2.300000e-01,9.000000e-01,0.0,1.000000e+00,0.000000e+00,0.000000e+00
2.400000e-01,9.000000e-01,0.0,1.000000e+00,0.000000e+00,0.000000e+00
2.500000e-01,9.000000e-01,0.0,1.000000e+00,0.000000e+00,0.000000e+00
2.600000e-01,9.000000e-01,0.0,1.000000e+00,0.000000e+00,0.000000e+00
2.700000e-01,9.000000e-01,0.0,1.000000e+00,0.000000e+00,0.000000e+00
2.800000e-01,9.000000e-01,0.0,1.000000e+00,0.000000e+00,0.000000e+00
2.900000e-01,9.000000e-01,0.0,1.000000e+00,0.000000e+00,0.000000e+00
3.000000e-01,9.000000e-01,0.0,1.000000e+00,0.000000e+00,0.000000e+00
3.100000e-01,9.000000e-01,0.0,1.000000e+00,0.000000e+00,0.000000e+00
3.200000e-01,9.000000e-01,0.0,1.000000e+00,0.000000e+00,0.000000e+00
3.300000e-01,9.000000e-01,0.0,1.000000e+00,0.000000e+00,0.000000e+00
3.400000e-01,9.000000e-01,0.0,1.000000e+00,0.000000e+00,0.000000e+00
3.500000e-01,9.000000e-01,0.0,1.000000e+00,0.000000e+00,0.000000e+00
3.600000e-01,9.000000e-01,0.0,1.000000e+00,0.000000e+00,0.000000e+00
3.700000e-01,9.000000e-01,0.0,1.000000e+00,0.000000e+00,0.000000e+00
3.800000e-01,9.000000e-01,0.0,1.000000e+00,0.000000e+00,0.000000e+00
3.900000e-01,9.000000e-01,0.0,1.000000e+00,0.000000e+00,0.000000e+00
4.000000e-01,9.000000e-01,0.0,1.000000e+00,0.000000e+00,0.000000e+00
4.100000e-01,9.000000e-01,0.0,1.000000e+00,0.000000e+00,0.000000e+00
4.200000e-01,9.000000e-01,0.0,1.000000e+00,0.000000e+00,0.000000e+00
4.300000e-01,9.000000e-01,0.0,1.000000e+00,0.000000e+00,0.000000e+00
4.400000e-01,9.000000e-01,0.0,1.000000e+00,0.000000e+00,0.000000e+00
4.500000e-01,9.000000e-01,0.0,1.000000e+00,0.000000e+00,0.000000e+00
4.600000e-01,9.000000e-01,0.0,1.000000e+00,0.000000e+00,0.000000e+00
4.700000e-01,9.000000e-01,0.0,1.000000e+00,0.000000e+00,0.000000e+00
4.800000e-01,9.000000e-01,0.0,1.000000e+00,0.000000e+00,0.000000e+00
4.900000e-01,9.000000e-01,0.0,1.000000e+00,0.000000e+00,0.000000e+00
5.000000e-01,9.000000e-01,0.0,1.000000e+00,0.000000e+00,0.000000e+00
5.100000e-01,9.000000e-01,0.0,1.000000e+00,0.000000e+00,0.000000e+00
5.200000e-01,9.000000e-01,0.0,1.000000e+00,0.000000e+00,0.000000e+00
5.300000e-01,9.000000e-01,0.0,1.000000e+00,0.000000e+00,0.000000e+00
5.400000e-01,9.000000e-01,0.0,1.000000e+00,0.000000e+00,0.000000e+00
5.500000e-01,9.000000e-01,0.0,1.000000e+00,0.000000e+00,0.000000e+00
5.600000e-01,9.000000e-01,0.0,1.000000e+00,0.000000e+00,0.000000e+00
5.700000e-01,9.000000e-01,0.0,1.000000e+00,0.000000e+00,0.000000e+00
5.800000e-01,9.000000e-01,0.0,1.000000e+00,0.000000e+00,0.000000e+00
5.900000e-01,9.000000e-01,0.0,1.000000e+00,0.000000e+00,0.000000e+00
6.000000e-01,9.000000e-01,0.0,1.000000e+00,0.000000e+00,0.000000e+00
6.100000e-01,9.000000e-01,0.0,1.000000e+00,0.000000e+00,0.000000e+00
6.200000e-01,9.000000e-01,0.0,1.000000e+00,0.000000e+00,0.000000e+00
6.300000e-01,9.000000e-01,0.0,1.000000e+00,0.000000e+00,0.000000e+00
6.400000e-01,9.000000e-01,0.0,1.000000e+00,0.000000e+00,0.000000e+00
6.500000e-01,9.000000e-01,0.0,1.000000e+00,0.000000e+00,0.000000e+00
6.600000e-01,9.000000e-01,0.0,1.000000e+00,0.000000e+00,0.000000e+00
6.700000e-01,9.000000e-01,0.0,1.000000e+00,0.000000e+00,0.000000e+00
6.800000e-01,9.000000e-01,0.0,1.000000e+00,0.000000e+00,0.000000e+00
6.900000e-01,9.000000e-01,0.0,1.000000e+00,0.000000e+00,0.000000e+00
7.000000e-01,9.000000e-01,0.0,1.000000e+00,0.000000e+00,0.000000e+00
7.100000e-01,9.000000e-01,0.0,1.000000e+00,0.000000e+00,0.000000e+00
7.200000e-01,9.000000e-01,0.0,1.000000e+00,0.000000e+00,0.000000e+00
7.300000e-01,9.000000e-01,0.0,1.000000e+00,0.000000e+00,0.000000e+00
7.400000e-01,9.000000e-01,0.0,1.000000e+00,0.000000e+00,0.000000e+00
7.500000e-01,9.000000e-01,0.0,1.000000e+00,0.000000e+00,0.000000e+00
7.600000e-01,9.000000e-01,0.0,1.000000e+00,0.000000e+00,0.000000e+00
7.700000e-01,9.000000e-01,0.0,1.000000e+00,0.000000e+00,0.000000e+00
7.800000e-01,9.000000e-01,0.0,1.000000e+00,0.000000e+00,0.000000e+00
7.900000e-01,9.000000e-01,0.0,1.000000e+00,0.000000e+00,0.000000e+00
8.000000e-01,9.000000e-01,0.0,1.000000e+00,0.000000e+00,0.000000e+00
8.100000e-01,9.000000e-01,0.0,1.000000e+00,0.000000e+00,0.000000e+00
8.200000e-01,9.000000e-01,0.0,1.000000e+00,0.000000e+00,0.000000e+00
8.300000e-01,9.000000e-01,0.0,1.000000e+00,0.000000e+00,0.000000e+00
8.400000e-01,9.000000e-01,0.0,1.000000e+00,0.000000e+00,0.000000e+00
8.500000e-01,9.000000e-01,0.0,1.000000e+00,0.000000e+00,0.000000e+00
8.600000e-01,9.000000e-01,0.0,1.000000e+00,0.000000e+00,0.000000e+00
8.700000e-01,9.000000e-01,0.0,1.000000e+00,0.000000e+00,0.000000e+00
8.800000e-01,9.000000e-01,0.0,1.000000e+00,0.000000e+00,0.000000e+00
8.900000e-01,9.000000e-01,0.0,1.000000e+00,0.000000e+00,0.000000e+00
9.000000e-01,9.000000e-01,0.0,1.000000e+00,0.000000e+00,0.000000e+00
9.100000e-01,9.000000e-01,0.0,1.000000e+00,0.000000e+00,0.000000e+00
9.200000e-01,9.000000e-01,0.0,1.000000e+00,0.000000e+00,0.000000e+00
9.300000e-01,9.000000e-01,0.0,1.000000e+00,0.000000e+00,0.000000e+00
9.400000e-01,9.000000e-01,0.0,1.000000e+00,0.000000e+00,0.000000e+00
9.500000e-01,9.000000e-01,0.0,1.000000e+00,0.000000e+00,0.000000e+00
9.600000e-01,9.000000e-01,0.0,1.000000e+00,0.000000e+00,0.000000e+00
9.700000e-01,9.000000e-01,0.0,1.000000e+00,0.000000e+00,0.000000e+00
9.800000e-01,9.000000e-01,0.0,1.000000e+00,0.000000e+00,0.000000e+00
9.900000e-01,9.000000e-01,0.0,1.000000e+00,0.000000e+00,0.000000e+00
1.000000e+00,9.000000e-01,0.0,1.000000e+00,0.000000e+00,0.000000e+00
0.000000e+00,9.100000e-01,0.0,1.000000e+00,0.000000e+00,0.000000e+00
1.000000e-02,9.100000e-01,0.0,1.000000e+00,0.000000e+00,0.000000e+00
2.000000e-02,9.100000e-01,0.0,1.000000e+00,0.000000e+00,0.000000e+00
3.000000e-02,9.100000e-01,0.0,1.000000e+00,0.000000e+00,0.000000e+00
4.000000e-02,9.100000e-01,0.0,1.000000e+00,0.000000e+00,0.000000e+00
5.000000e-02,9.100000e-01,0.0,1.000000e+00,0.000000e+00,0.000000e+00
6.000000e-02,9.100000e-01,0.0,1.000000e+00,0.000000e+00,0.000000e+00
7.000000e-02,9.100000e-01,0.0,1.000000e+00,0.000000e+00,0.000000e+00
8.000000e-02,9.100000e-01,0.0,1.000000e+00,0.000000e+00,0.000000e+00
9.000000e-02,9.100000e-01,0.0,1.000000e+00,0.000000e+00,0.000000e+00
1.000000e-01,9.100000e-01,0.0,1.000000e+00,0.000000e+00,0.000000e+00
1.100000e-01,9.100000e-01,0.0,1.000000e+00,0.000000e+00,0.000000e+00
1.200000e-01,9.100000e-01,0.0,1.000000e+00,0.000000e+00,0.000000e+00
1.300000e-01,9.100000e-01,0.0,1.000000e+00,0.000000e+00,0.000000e+00
1.400000e-01,9.100000e-01,0.0,1.000000e+00,0.000000e+00,0.000000e+00
1.500000e-01,9.100000e-01,0.0,1.000000e+00,0.000000e+00,0.000000e+00
1.600000e-01,9.100000e-01,0.0,1.000000e+00,0.000000e+00,0.000000e+00
1.700000e-01,9.100000e-01,0.0,1.000000e+00,0.000000e+00,0.000000e+00
1.800000e-01,9.100000e-01,0.0,1.000000e+00,0.000000e+00,0.000000e+00
1.900000e-01,9.100000e-01,0.0,1.000000e+00,0.000000e+00,0.000000e+00
2.000000e-01,9.100000e-01,0.0,1.000000e+00,0.000000e+00,0.000000e+00
2.100000e-01,9.100000e-01,0.0,1.000000e+00,0.000000e+00,0.000000e+00
2.200000e-01,9.100000e-01,0.0,1.000000e+00,0.000000e+00,0.000000e+00
2.300000e-01,9.100000e-01,0.0,1.000000e+00,0.000000e+00,0.000000e+00
2.400000e-01,9.100000e-01,0.0,1.000000e+00,0.000000e+00,0.000000e+00
2.500000e-01,9.100000e-01,0.0,1.000000e+00,0.000000e+00,0.000000e+00
2.600000e-01,9.100000e-01,0.0,1.000000e+00,0.000000e+00,0.000000e+00
2.700000e-01,9.100000e-01,0.0,1.000000e+00,0.000000e+00,0.000000e+00
2.800000e-01,9.100000e-01,0.0,1.000000e+00,0.000000e+00,0.000000e+00
2.900000e-01,9.100000e-01,0.0,1.000000e+00,0.000000e+00,0.000000e+00
3.000000e-01,9.100000e-01,0.0,1.000000e+00,0.000000e+00,0.000000e+00
3.100000e-01,9.100000e-01,0.0,1.000000e+00,0.000000e+00,0.000000e+00
3.200000e-01,9.100000e-01,0.0,1.000000e+00,0.000000e+00,0.000000e+00
3.300000e-01,9.100000e-01,0.0,1.000000e+00,0.000000e+00,0.000000e+00
3.400000e-01,9.100000e-01,0.0,1.000000e+00,0.000000e+00,0.000000e+00
3.500000e-01,9.100000e-01,0.0,1.000000e+00,0.000000e+00,0.000000e+00
3.600000e-01,9.100000e-01,0.0,1.000000e+00,0.000000e+00,0.000000e+00
3.700000e-01,9.100000e-01,0.0,1.000000e+00,0.000000e+00,0.000000e+00
3.800000e-01,9.100000e-01,0.0,1.000000e+00,0.000000e+00,0.000000e+00
3.900000e-01,9.100000e-01,0.0,1.000000e+00,0.000000e+00,0.000000e+00
4.000000e-01,9.100000e-01,0.0,1.000000e+00,0.000000e+00,0.000000e+00
4.100000e-01,9.100000e-01,0.0,1.000000e+00,0.000000e+00,0.000000e+00
4.200000e-01,9.100000e-01,0.0,1.000000e+00,0.000000e+00,0.000000e+00
4.300000e-01,9.100000e-01,0.0,1.000000e+00,0.000000e+00,0.000000e+00
4.400000e-01,9.100000e-01,0.0,1.000000e+00,0.000000e+00,0.000000e+00
4.500000e-01,9.100000e-01,0.0,1.000000e+00,0.000000e+00,0.000000e+00
4.600000e-01,9.100000e-01,0.0,1.000000e+00,0.000000e+00,0.000000e+00
4.700000e-01,9.100000e-01,0.0,1.000000e+00,0.000000e+00,0.000000e+00
4.800000e-01,9.100000e-01,0.0,1.000000e+00,0.000000e+00,0.000000e+00
4.900000e-01,9.100000e-01,0.0,1.000000e+00,0.000000e+00,0.000000e+00
5.000000e-01,9.100000e-01,0.0,1.000000e+00,0.000000e+00,0.000000e+00
5.100000e-01,9.100000e-01,0.0,1.000000e+00,0.000000e+00,0.000000e+00
5.200000e-01,9.100000e-01,0.0,1.000000e+00,0.000000e+00,0.000000e+00
5.300000e-01,9.100000e-01,0.0,1.000000e+00,0.000000e+00,0.000000e+00
5.400000e-01,9.100000e-01,0.0,1.000000e+00,0.000000e+00,0.000000e+00
5.500000e-01,9.100000e-01,0.0,1.000000e+00,0.000000e+00,0.000000e+00
5.600000e-01,9.100000e-01,0.0,1.000000e+00,0.000000e+00,0.000000e+00
5.700000e-01,9.100000e-01,0.0,1.000000e+00,0.000000e+00,0.000000e+00
5.800000e-01,9.100000e-01,0.0,1.000000e+00,0.000000e+00,0.000000e+00
5.900000e-01,9.100000e-01,0.0,1.000000e+00,0.000000e+00,0.000000e+00
6.000000e-01,9.100000e-01,0.0,1.000000e+00,0.000000e+00,0.000000e+00
6.100000e-01,9.100000e-01,0.0,1.000000e+00,0.000000e+00,0.000000e+00
6.200000e-01,9.100000e-01,0.0,1.000000e+00,0.000000e+00,0.000000e+00
6.300000e-01,9.100000e-01,0.0,1.000000e+00,0.000000e+00,0.000000e+00
6.400000e-01,9.100000e-01,0.0,1.000000e+00,0.000000e+00,0.000000e+00
6.500000e-01,9.100000e-01,0.0,1.000000e+00,0.000000e+00,0.000000e+00
6.600000e-01,9.100000e-01,0.0,1.000000e+00,0.000000e+00,0.000000e+00
6.700000e-01,9.100000e-01,0.0,1.000000e+00,0.000000e+00,0.000000e+00
6.800000e-01,9.100000e-01,0.0,1.000000e+00,0.000000e+00,0.000000e+00
6.900000e-01,9.100000e-01,0.0,1.000000e+00,0.000000e+00,0.000000e+00
7.000000e-01,9.100000e-01,0.0,1.000000e+00,0.000000e+00,0.000000e+00
7.100000e-01,9.100000e-01,0.0,1.000000e+00,0.000000e+00,0.000000e+00
7.200000e-01,9.100000e-01,0.0,1.000000e+00,0.000000e+00,0.000000e+00
7.300000e-01,9.100000e-01,0.0,1.000000e+00,0.000000e+00,0.000000e+00
7.400000e-01,9.100000e-01,0.0,1.000000e+00,0.000000e+00,0.000000e+00
7.500000e-01,9.100000e-01,0.0,1.000000e+00,0.000000e+00,0.000000e+00
7.600000e-01,9.100000e-01,0.0,1.000000e+00,0.000000e+00,0.000000e+00
7.700000e-01,9.100000e-01,0.0,1.000000e+00,0.000000e+00,0.000000e+00
7.800000e-01,9.100000e-01,0.0,1.000000e+00,0.000000e+00,0.000000e+00
7.900000e-01,9.100000e-01,0.0,1.000000e+00,0.000000e+00,0.000000e+00
8.000000e-01,9.100000e-01,0.0,1.000000e+00,0.000000e+00,0.000000e+00
8.100000e-01,9.100000e-01,0.0,1.000000e+00,0.000000e+00,0.000000e+00
8.200000e-01,9.100000e-01,0.0,1.000000e+00,0.000000e+00,0.000000e+00
8.300000e-01,9.100000e-01,0.0,1.000000e+00,0.000000e+00,0.000000e+00
8.400000e-01,9.100000e-01,0.0,1.000000e+00,0.000000e+00,0.000000e+00
8.500000e-01,9.100000e-01,0.0,1.000000e+00,0.000000e+00,0.000000e+00
8.600000e-01,9.100000e-01,0.0,1.000000e+00,0.000000e+00,0.000000e+00
8.700000e-01,9.100000e-01,0.0,1.000000e+00,0.000000e+00,0.000000e+00
8.800000e-01,9.100000e-01,0.0,1.000000e+00,0.000000e+00,0.000000e+00
8.900000e-01,9.100000e-01,0.0,1.000000e+00,0.000000e+00,0.000000e+00
9.000000e-01,9.100000e-01,0.0,1.000000e+00,0.000000e+00,0.000000e+00
9.100000e-01,9.100000e-01,0.0,1.000000e+00,0.000000e+00,0.000000e+00
9.200000e-01,9.100000e-01,0.0,1.000000e+00,0.000000e+00,0.000000e+00
9.300000e-01,9.100000e-01,0.0,1.000000e+00,0.000000e+00,0.000000e+00
9.400000e-01,9.100000e-01,0.0,1.000000e+00,0.000000e+00,0.000000e+00
9.500000e-01,9.100000e-01,0.0,1.000000e+00,0.000000e+00,0.000000e+00
9.600000e-01,9.100000e-01,0.0,1.000000e+00,0.000000e+00,0.000000e+00
9.700000e-01,9.100000e-01,0.0,1.000000e+00,0.000000e+00,0.000000e+00
9.800000e-01,9.100000e-01,0.0,1.000000e+00,0.000000e+00,0.000000e+00
9.900000e-01,9.100000e-01,0.0,1.000000e+00,0.000000e+00,0.000000e+00
1.000000e+00,9.100000e-01,0.0,1.000000e+00,0.000000e+00,0.000000e+00
0.000000e+00,9.200000e-01,0.0,1.000000e+00,0.000000e+00,0.000000e+00
1.000000e-02,9.200000e-01,0.0,1.000000e+00,0.000000e+00,0.000000e+00
2.000000e-02,9.200000e-01,0.0,1.000000e+00,0.000000e+00,0.000000e+00
3.000000e-02,9.200000e-01,0.0,1.000000e+00,0.000000e+00,0.000000e+00
4.000000e-02,9.200000e-01,0.0,1.000000e+00,0.000000e+00,0.000000e+00
5.000000e-02,9.200000e-01,0.0,1.000000e+00,0.000000e+00,0.000000e+00
6.000000e-02,9.200000e-01,0.0,1.000000e+00,0.000000e+00,0.000000e+00
7.000000e-02,9.200000e-01,0.0,1.000000e+00,0.000000e+00,0.000000e+00
8.000000e-02,9.200000e-01,0.0,1.000000e+00,0.000000e+00,0.000000e+00
9.000000e-02,9.200000e-01,0.0,1.000000e+00,0.000000e+00,0.000000e+00
1.000000e-01,9.200000e-01,0.0,1.000000e+00,0.000000e+00,0.000000e+00
1.100000e-01,9.200000e-01,0.0,1.000000e+00,0.000000e+00,0.000000e+00
1.200000e-01,9.200000e-01,0.0,1.000000e+00,0.000000e+00,0.000000e+00
1.300000e-01,9.200000e-01,0.0,1.000000e+00,0.000000e+00,0.000000e+00
1.400000e-01,9.200000e-01,0.0,1.000000e+00,0.000000e+00,0.000000e+00
1.500000e-01,9.200000e-01,0.0,1.000000e+00,0.000000e+00,0.000000e+00
1.600000e-01,9.200000e-01,0.0,1.000000e+00,0.000000e+00,0.000000e+00
1.700000e-01,9.200000e-01,0.0,1.000000e+00,0.000000e+00,0.000000e+00
1.800000e-01,9.200000e-01,0.0,1.000000e+00,0.000000e+00,0.000000e+00
1.900000e-01,9.200000e-01,0.0,1.000000e+00,0.000000e+00,0.000000e+00
2.000000e-01,9.200000e-01,0.0,1.000000e+00,0.000000e+00,0.000000e+00
2.100000e-01,9.200000e-01,0.0,1.000000e+00,0.000000e+00,0.000000e+00
2.200000e-01,9.200000e-01,0.0,1.000000e+00,0.000000e+00,0.000000e+00
2.300000e-01,9.200000e-01,0.0,1.000000e+00,0.000000e+00,0.000000e+00
2.400000e-01,9.200000e-01,0.0,1.000000e+00,0.000000e+00,0.000000e+00
2.500000e-01,9.200000e-01,0.0,1.000000e+00,0.000000e+00,0.000000e+00
2.600000e-01,9.200000e-01,0.0,1.000000e+00,0.000000e+00,0.000000e+00
2.700000e-01,9.200000e-01,0.0,1.000000e+00,0.000000e+00,0.000000e+00
2.800000e-01,9.200000e-01,0.0,1.000000e+00,0.000000e+00,0.000000e+00
2.900000e-01,9.200000e-01,0.0,1.000000e+00,0.000000e+00,0.000000e+00
3.000000e-01,9.200000e-01,0.0,1.000000e+00,0.000000e+00,0.000000e+00
3.100000e-01,9.200000e-01,0.0,1.000000e+00,0.000000e+00,0.000000e+00
3.200000e-01,9.200000e-01,0.0,1.000000e+00,0.000000e+00,0.000000e+00
3.300000e-01,9.200000e-01,0.0,1.000000e+00,0.000000e+00,0.000000e+00
3.400000e-01,9.200000e-01,0.0,1.000000e+00,0.000000e+00,0.000000e+00
3.500000e-01,9.200000e-01,0.0,1.000000e+00,0.000000e+00,0.000000e+00
3.600000e-01,9.200000e-01,0.0,1.000000e+00,0.000000e+00,0.000000e+00
3.700000e-01,9.200000e-01,0.0,1.000000e+00,0.000000e+00,0.000000e+00
3.800000e-01,9.200000e-01,0.0,1.000000e+00,0.000000e+00,0.000000e+00
3.900000e-01,9.200000e-01,0.0,1.000000e+00,0.000000e+00,0.000000e+00
4.000000e-01,9.200000e-01,0.0,1.000000e+00,0.000000e+00,0.000000e+00
4.100000e-01,9.200000e-01,0.0,1.000000e+00,0.000000e+00,0.000000e+00
4.200000e-01,9.200000e-01,0.0,1.000000e+00,0.000000e+00,0.000000e+00
4.300000e-01,9.200000e-01,0.0,1.000000e+00,0.000000e+00,0.000000e+00
4.400000e-01,9.200000e-01,0.0,1.000000e+00,0.000000e+00,0.000000e+00
4.500000e-01,9.200000e-01,0.0,1.000000e+00,0.000000e+00,0.000000e+00
4.600000e-01,9.200000e-01,0.0,1.000000e+00,0.000000e+00,0.000000e+00
4.700000e-01,9.200000e-01,0.0,1.000000e+00,0.000000e+00,0.000000e+00
4.800000e-01,9.200000e-01,0.0,1.000000e+00,0.000000e+00,0.000000e+00
4.900000e-01,9.200000e-01,0.0,1.000000e+00,0.000000e+00,0.000000e+00
5.000000e-01,9.200000e-01,0.0,1.000000e+00,0.000000e+00,0.000000e+00
5.100000e-01,9.200000e-01,0.0,1.000000e+00,0.000000e+00,0.000000e+00
5.200000e-01,9.200000e-01,0.0,1.000000e+00,0.000000e+00,0.000000e+00
5.300000e-01,9.200000e-01,0.0,1.000000e+00,0.000000e+00,0.000000e+00
5.400000e-01,9.200000e-01,0.0,1.000000e+00,0.000000e+00,0.000000e+00
5.500000e-01,9.200000e-01,0.0,1.000000e+00,0.000000e+00,0.000000e+00
5.600000e-01,9.200000e-01,0.0,1.000000e+00,0.000000e+00,0.000000e+00
5.700000e-01,9.200000e-01,0.0,1.000000e+00,0.000000e+00,0.000000e+00
5.800000e-01,9.200000e-01,0.0,1.000000e+00,0.000000e+00,0.000000e+00
5.900000e-01,9.200000e-01,0.0,1.000000e+00,0.000000e+00,0.000000e+00
6.000000e-01,9.200000e-01,0.0,1.000000e+00,0.000000e+00,0.000000e+00
6.100000e-01,9.200000e-01,0.0,1.000000e+00,0.000000e+00,0.000000e+00
6.200000e-01,9.200000e-01,0.0,1.000000e+00,0.000000e+00,0.000000e+00
6.300000e-01,9.200000e-01,0.0,1.000000e+00,0.000000e+00,0.000000e+00
6.400000e-01,9.200000e-01,0.0,1.000000e+00,0.000000e+00,0.000000e+00
6.500000e-01,9.200000e-01,0.0,1.000000e+00,0.000000e+00,0.000000e+00
6.600000e-01,9.200000e-01,0.0,1.000000e+00,0.000000e+00,0.000000e+00
6.700000e-01,9.200000e-01,0.0,1.000000e+00,0.000000e+00,0.000000e+00
6.800000e-01,9.200000e-01,0.0,1.000000e+00,0.000000e+00,0.000000e+00
6.900000e-01,9.200000e-01,0.0,1.000000e+00,0.000000e+00,0.000000e+00
7.000000e-01,9.200000e-01,0.0,1.000000e+00,0.000000e+00,0.000000e+00
7.100000e-01,9.200000e-01,0.0,1.000000e+00,0.000000e+00,0.000000e+00
7.200000e-01,9.200000e-01,0.0,1.000000e+00,0.000000e+00,0.000000e+00
7.300000e-01,9.200000e-01,0.0,1.000000e+00,0.000000e+00,0.000000e+00
7.400000e-01,9.200000e-01,0.0,1.000000e+00,0.000000e+00,0.000000e+00
7.500000e-01,9.200000e-01,0.0,1.000000e+00,0.000000e+00,0.000000e+00
7.600000e-01,9.200000e-01,0.0,1.000000e+00,0.000000e+00,0.000000e+00
7.700000e-01,9.200000e-01,0.0,1.000000e+00,0.000000e+00,0.000000e+00
7.800000e-01,9.200000e-01,0.0,1.000000e+00,0.000000e+00,0.000000e+00
7.900000e-01,9.200000e-01,0.0,1.000000e+00,0.000000e+00,0.000000e+00
8.000000e-01,9.200000e-01,0.0,1.000000e+00,0.000000e+00,0.000000e+00
8.100000e-01,9.200000e-01,0.0,1.000000e+00,0.000000e+00,0.000000e+00
8.200000e-01,9.200000e-01,0.0,1.000000e+00,0.000000e+00,0.000000e+00
8.300000e-01,9.200000e-01,0.0,1.000000e+00,0.000000e+00,0.000000e+00
8.400000e-01,9.200000e-01,0.0,1.000000e+00,0.000000e+00,0.000000e+00
8.500000e-01,9.200000e-01,0.0,1.000000e+00,0.000000e+00,0.000000e+00
8.600000e-01,9.200000e-01,0.0,1.000000e+00,0.000000e+00,0.000000e+00
8.700000e-01,9.200000e-01,0.0,1.000000e+00,0.000000e+00,0.000000e+00
8.800000e-01,9.200000e-01,0.0,1.000000e+00,0.000000e+00,0.000000e+00
8.900000e-01,9.200000e-01,0.0,1.000000e+00,0.000000e+00,0.000000e+00
9.000000e-01,9.200000e-01,0.0,1.000000e+00,0.000000e+00,0.000000e+00
9.100000e-01,9.200000e-01,0.0,1.000000e+00,0.000000e+00,0.000000e+00
9.200000e-01,9.200000e-01,0.0,1.000000e+00,0.000000e+00,0.000000e+00
9.300000e-01,9.200000e-01,0.0,1.000000e+00,0.000000e+00,0.000000e+00
9.400000e-01,9.200000e-01,0.0,1.000000e+00,0.000000e+00,0.000000e+00
9.500000e-01,9.200000e-01,0.0,1.000000e+00,0.000000e+00,0.000000e+00
9.600000e-01,9.200000e-01,0.0,1.000000e+00,0.000000e+00,0.000000e+00
9.700000e-01,9.200000e-01,0.0,1.000000e+00,0.000000e+00,0.000000e+00
9.800000e-01,9.200000e-01,0.0,1.000000e+00,0.000000e+00,0.000000e+00
9.900000e-01,9.200000e-01,0.0,1.000000e+00,0.000000e+00,0.000000e+00
1.000000e+00,9.200000e-01,0.0,1.000000e+00,0.000000e+00,0.000000e+00
0.000000e+00,9.300000e-01,0.0,1.000000e+00,0.000000e+00,0.000000e+00
1.000000e-02,9.300000e-01,0.0,1.000000e+00,0.000000e+00,0.000000e+00
2.000000e-02,9.300000e-01,0.0,1.000000e+00,0.000000e+00,0.000000e+00
3.000000e-02,9.300000e-01,0.0,1.000000e+00,0.000000e+00,0.000000e+00
4.000000e-02,9.300000e-01,0.0,1.000000e+00,0.000000e+00,0.000000e+00
5.000000e-02,9.300000e-01,0.0,1.000000e+00,0.000000e+00,0.000000e+00
6.000000e-02,9.300000e-01,0.0,1.000000e+00,0.000000e+00,0.000000e+00
7.000000e-02,9.300000e-01,0.0,1.000000e+00,0.000000e+00,0.000000e+00
8.000000e-02,9.300000e-01,0.0,1.000000e+00,0.000000e+00,0.000000e+00
9.000000e-02,9.300000e-01,0.0,1.000000e+00,0.000000e+00,0.000000e+00
1.000000e-01,9.300000e-01,0.0,1.000000e+00,0.000000e+00,0.000000e+00
1.100000e-01,9.300000e-01,0.0,1.000000e+00,0.000000e+00,0.000000e+00
1.200000e-01,9.300000e-01,0.0,1.000000e+00,0.000000e+00,0.000000e+00
1.300000e-01,9.300000e-01,0.0,1.000000e+00,0.000000e+00,0.000000e+00
1.400000e-01,9.300000e-01,0.0,1.000000e+00,0.000000e+00,0.000000e+00
1.500000e-01,9.300000e-01,0.0,1.000000e+00,0.000000e+00,0.000000e+00
1.600000e-01,9.300000e-01,0.0,1.000000e+00,0.000000e+00,0.000000e+00
1.700000e-01,9.300000e-01,0.0,1.000000e+00,0.000000e+00,0.000000e+00
1.800000e-01,9.300000e-01,0.0,1.000000e+00,0.000000e+00,0.000000e+00
1.900000e-01,9.300000e-01,0.0,1.000000e+00,0.000000e+00,0.000000e+00
2.000000e-01,9.300000e-01,0.0,1.000000e+00,0.000000e+00,0.000000e+00
2.100000e-01,9.300000e-01,0.0,1.000000e+00,0.000000e+00,0.000000e+00
2.200000e-01,9.300000e-01,0.0,1.000000e+00,0.000000e+00,0.000000e+00
2.300000e-01,9.300000e-01,0.0,1.000000e+00,0.000000e+00,0.000000e+00
2.400000e-01,9.300000e-01,0.0,1.000000e+00,0.000000e+00,0.000000e+00
2.500000e-01,9.300000e-01,0.0,1.000000e+00,0.000000e+00,0.000000e+00
2.600000e-01,9.300000e-01,0.0,1.000000e+00,0.000000e+00,0.000000e+00
2.700000e-01,9.300000e-01,0.0,1.000000e+00,0.000000e+00,0.000000e+00
2.800000e-01,9.300000e-01,0.0,1.000000e+00,0.000000e+00,0.000000e+00
2.900000e-01,9.300000e-01,0.0,1.000000e+00,0.000000e+00,0.000000e+00
3.000000e-01,9.300000e-01,0.0,1.000000e+00,0.000000e+00,0.000000e+00
3.100000e-01,9.300000e-01,0.0,1.000000e+00,0.000000e+00,0.000000e+00
3.200000e-01,9.300000e-01,0.0,1.000000e+00,0.000000e+00,0.000000e+00
3.300000e-01,9.300000e-01,0.0,1.000000e+00,0.000000e+00,0.000000e+00
3.400000e-01,9.300000e-01,0.0,1.000000e+00,0.000000e+00,0.000000e+00
3.500000e-01,9.300000e-01,0.0,1.000000e+00,0.000000e+00,0.000000e+00
3.600000e-01,9.300000e-01,0.0,1.000000e+00,0.000000e+00,0.000000e+00
3.700000e-01,9.300000e-01,0.0,1.000000e+00,0.000000e+00,0.000000e+00
3.800000e-01,9.300000e-01,0.0,1.000000e+00,0.000000e+00,0.000000e+00
3.900000e-01,9.300000e-01,0.0,1.000000e+00,0.000000e+00,0.000000e+00
4.000000e-01,9.300000e-01,0.0,1.000000e+00,0.000000e+00,0.000000e+00
4.100000e-01,9.300000e-01,0.0,1.000000e+00,0.000000e+00,0.000000e+00
4.200000e-01,9.300000e-01,0.0,1.000000e+00,0.000000e+00,0.000000e+00
4.300000e-01,9.300000e-01,0.0,1.000000e+00,0.000000e+00,0.000000e+00
4.400000e-01,9.300000e-01,0.0,1.000000e+00,0.000000e+00,0.000000e+00
4.500000e-01,9.300000e-01,0.0,1.000000e+00,0.000000e+00,0.000000e+00
4.600000e-01,9.300000e-01,0.0,1.000000e+00,0.000000e+00,0.000000e+00
4.700000e-01,9.300000e-01,0.0,1.000000e+00,0.000000e+00,0.000000e+00
4.800000e-01,9.300000e-01,0.0,1.000000e+00,0.000000e+00,0.000000e+00
4.900000e-01,9.300000e-01,0.0,1.000000e+00,0.000000e+00,0.000000e+00
5.000000e-01,9.300000e-01,0.0,1.000000e+00,0.000000e+00,0.000000e+00
5.100000e-01,9.300000e-01,0.0,1.000000e+00,0.000000e+00,0.000000e+00
5.200000e-01,9.300000e-01,0.0,1.000000e+00,0.000000e+00,0.000000e+00
5.300000e-01,9.300000e-01,0.0,1.000000e+00,0.000000e+00,0.000000e+00
5.400000e-01,9.300000e-01,0.0,1.000000e+00,0.000000e+00,0.000000e+00
5.500000e-01,9.300000e-01,0.0,1.000000e+00,0.000000e+00,0.000000e+00
5.600000e-01,9.300000e-01,0.0,1.000000e+00,0.000000e+00,0.000000e+00
5.700000e-01,9.300000e-01,0.0,1.000000e+00,0.000000e+00,0.000000e+00
5.800000e-01,9.300000e-01,0.0,1.000000e+00,0.000000e+00,0.000000e+00
5.900000e-01,9.300000e-01,0.0,1.000000e+00,0.000000e+00,0.000000e+00
6.000000e-01,9.300000e-01,0.0,1.000000e+00,0.000000e+00,0.000000e+00
6.100000e-01,9.300000e-01,0.0,1.000000e+00,0.000000e+00,0.000000e+00
6.200000e-01,9.300000e-01,0.0,1.000000e+00,0.000000e+00,0.000000e+00
6.300000e-01,9.300000e-01,0.0,1.000000e+00,0.000000e+00,0.000000e+00
6.400000e-01,9.300000e-01,0.0,1.000000e+00,0.000000e+00,0.000000e+00
6.500000e-01,9.300000e-01,0.0,1.000000e+00,0.000000e+00,0.000000e+00
6.600000e-01,9.300000e-01,0.0,1.000000e+00,0.000000e+00,0.000000e+00
6.700000e-01,9.300000e-01,0.0,1.000000e+00,0.000000e+00,0.000000e+00
6.800000e-01,9.300000e-01,0.0,1.000000e+00,0.000000e+00,0.000000e+00
6.900000e-01,9.300000e-01,0.0,1.000000e+00,0.000000e+00,0.000000e+00
7.000000e-01,9.300000e-01,0.0,1.000000e+00,0.000000e+00,0.000000e+00
7.100000e-01,9.300000e-01,0.0,1.000000e+00,0.000000e+00,0.000000e+00
7.200000e-01,9.300000e-01,0.0,1.000000e+00,0.000000e+00,0.000000e+00
7.300000e-01,9.300000e-01,0.0,1.000000e+00,0.000000e+00,0.000000e+00
7.400000e-01,9.300000e-01,0.0,1.000000e+00,0.000000e+00,0.000000e+00
7.500000e-01,9.300000e-01,0.0,1.000000e+00,0.000000e+00,0.000000e+00
7.600000e-01,9.300000e-01,0.0,1.000000e+00,0.000000e+00,0.000000e+00
7.700000e-01,9.300000e-01,0.0,1.000000e+00,0.000000e+00,0.000000e+00
7.800000e-01,9.300000e-01,0.0,1.000000e+00,0.000000e+00,0.000000e+00
7.900000e-01,9.300000e-01,0.0,1.000000e+00,0.000000e+00,0.000000e+00
8.000000e-01,9.300000e-01,0.0,1.000000e+00,0.000000e+00,0.000000e+00
8.100000e-01,9.300000e-01,0.0,1.000000e+00,0.000000e+00,0.000000e+00
8.200000e-01,9.300000e-01,0.0,1.000000e+00,0.000000e+00,0.000000e+00
8.300000e-01,9.300000e-01,0.0,1.000000e+00,0.000000e+00,0.000000e+00
8.400000e-01,9.300000e-01,0.0,1.000000e+00,0.000000e+00,0.000000e+00
8.500000e-01,9.300000e-01,0.0,1.000000e+00,0.000000e+00,0.000000e+00
8.600000e-01,9.300000e-01,0.0,1.000000e+00,0.000000e+00,0.000000e+00
8.700000e-01,9.300000e-01,0.0,1.000000e+00,0.000000e+00,0.000000e+00
8.800000e-01,9.300000e-01,0.0,1.000000e+00,0.000000e+00,0.000000e+00
8.900000e-01,9.300000e-01,0.0,1.000000e+00,0.000000e+00,0.000000e+00
9.000000e-01,9.300000e-01,0.0,1.000000e+00,0.000000e+00,0.000000e+00
9.100000e-01,9.300000e-01,0.0,1.000000e+00,0.000000e+00,0.000000e+00
9.200000e-01,9.300000e-01,0.0,1.000000e+00,0.000000e+00,0.000000e+00
9.300000e-01,9.300000e-01,0.0,1.000000e+00,0.000000e+00,0.000000e+00
9.400000e-01,9.300000e-01,0.0,1.000000e+00,0.000000e+00,0.000000e+00
9.500000e-01,9.300000e-01,0.0,1.000000e+00,0.000000e+00,0.000000e+00
9.600000e-01,9.300000e-01,0.0,1.000000e+00,0.000000e+00,0.000000e+00
9.700000e-01,9.300000e-01,0.0,1.000000e+00,0.000000e+00,0.000000e+00
9.800000e-01,9.300000e-01,0.0,1.000000e+00,0.000000e+00,0.000000e+00
9.900000e-01,9.300000e-01,0.0,1.000000e+00,0.000000e+00,0.000000e+00
1.000000e+00,9.300000e-01,0.0,1.000000e+00,0.000000e+00,0.000000e+00
0.000000e+00,9.400000e-01,0.0,1.000000e+00,0.000000e+00,0.000000e+00
1.000000e-02,9.400000e-01,0.0,1.000000e+00,0.000000e+00,0.000000e+00
2.000000e-02,9.400000e-01,0.0,1.000000e+00,0.000000e+00,0.000000e+00
3.000000e-02,9.400000e-01,0.0,1.000000e+00,0.000000e+00,0.000000e+00
4.000000e-02,9.400000e-01,0.0,1.000000e+00,0.000000e+00,0.000000e+00
5.000000e-02,9.400000e-01,0.0,1.000000e+00,0.000000e+00,0.000000e+00
6.000000e-02,9.400000e-01,0.0,1.000000e+00,0.000000e+00,0.000000e+00
7.000000e-02,9.400000e-01,0.0,1.000000e+00,0.000000e+00,0.000000e+00
8.000000e-02,9.400000e-01,0.0,1.000000e+00,0.000000e+00,0.000000e+00
9.000000e-02,9.400000e-01,0.0,1.000000e+00,0.000000e+00,0.000000e+00
1.000000e-01,9.400000e-01,0.0,1.000000e+00,0.000000e+00,0.000000e+00
1.100000e-01,9.400000e-01,0.0,1.000000e+00,0.000000e+00,0.000000e+00
1.200000e-01,9.400000e-01,0.0,1.000000e+00,0.000000e+00,0.000000e+00
1.300000e-01,9.400000e-01,0.0,1.000000e+00,0.000000e+00,0.000000e+00
1.400000e-01,9.400000e-01,0.0,1.000000e+00,0.000000e+00,0.000000e+00
1.500000e-01,9.400000e-01,0.0,1.000000e+00,0.000000e+00,0.000000e+00
1.600000e-01,9.400000e-01,0.0,1.000000e+00,0.000000e+00,0.000000e+00
1.700000e-01,9.400000e-01,0.0,1.000000e+00,0.000000e+00,0.000000e+00
1.800000e-01,9.400000e-01,0.0,1.000000e+00,0.000000e+00,0.000000e+00
1.900000e-01,9.400000e-01,0.0,1.000000e+00,0.000000e+00,0.000000e+00
2.000000e-01,9.400000e-01,0.0,1.000000e+00,0.000000e+00,0.000000e+00
2.100000e-01,9.400000e-01,0.0,1.000000e+00,0.000000e+00,0.000000e+00
2.200000e-01,9.400000e-01,0.0,1.000000e+00,0.000000e+00,0.000000e+00
2.300000e-01,9.400000e-01,0.0,1.000000e+00,0.000000e+00,0.000000e+00
2.400000e-01,9.400000e-01,0.0,1.000000e+00,0.000000e+00,0.000000e+00
2.500000e-01,9.400000e-01,0.0,1.000000e+00,0.000000e+00,0.000000e+00
2.600000e-01,9.400000e-01,0.0,1.000000e+00,0.000000e+00,0.000000e+00
2.700000e-01,9.400000e-01,0.0,1.000000e+00,0.000000e+00,0.000000e+00
2.800000e-01,9.400000e-01,0.0,1.000000e+00,0.000000e+00,0.000000e+00
2.900000e-01,9.400000e-01,0.0,1.000000e+00,0.000000e+00,0.000000e+00
3.000000e-01,9.400000e-01,0.0,1.000000e+00,0.000000e+00,0.000000e+00
3.100000e-01,9.400000e-01,0.0,1.000000e+00,0.000000e+00,0.000000e+00
3.200000e-01,9.400000e-01,0.0,1.000000e+00,0.000000e+00,0.000000e+00
3.300000e-01,9.400000e-01,0.0,1.000000e+00,0.000000e+00,0.000000e+00
3.400000e-01,9.400000e-01,0.0,1.000000e+00,0.000000e+00,0.000000e+00
3.500000e-01,9.400000e-01,0.0,1.000000e+00,0.000000e+00,0.000000e+00
3.600000e-01,9.400000e-01,0.0,1.000000e+00,0.000000e+00,0.000000e+00
3.700000e-01,9.400000e-01,0.0,1.000000e+00,0.000000e+00,0.000000e+00
3.800000e-01,9.400000e-01,0.0,1.000000e+00,0.000000e+00,0.000000e+00
3.900000e-01,9.400000e-01,0.0,1.000000e+00,0.000000e+00,0.000000e+00
4.000000e-01,9.400000e-01,0.0,1.000000e+00,0.000000e+00,0.000000e+00
4.100000e-01,9.400000e-01,0.0,1.000000e+00,0.000000e+00,0.000000e+00
4.200000e-01,9.400000e-01,0.0,1.000000e+00,0.000000e+00,0.000000e+00
4.300000e-01,9.400000e-01,0.0,1.000000e+00,0.000000e+00,0.000000e+00
4.400000e-01,9.400000e-01,0.0,1.000000e+00,0.000000e+00,0.000000e+00
4.500000e-01,9.400000e-01,0.0,1.000000e+00,0.000000e+00,0.000000e+00
4.600000e-01,9.400000e-01,0.0,1.000000e+00,0.000000e+00,0.000000e+00
4.700000e-01,9.400000e-01,0.0,1.000000e+00,0.000000e+00,0.000000e+00
4.800000e-01,9.400000e-01,0.0,1.000000e+00,0.000000e+00,0.000000e+00
4.900000e-01,9.400000e-01,0.0,1.000000e+00,0.000000e+00,0.000000e+00
5.000000e-01,9.400000e-01,0.0,1.000000e+00,0.000000e+00,0.000000e+00
5.100000e-01,9.400000e-01,0.0,1.000000e+00,0.000000e+00,0.000000e+00
5.200000e-01,9.400000e-01,0.0,1.000000e+00,0.000000e+00,0.000000e+00
5.300000e-01,9.400000e-01,0.0,1.000000e+00,0.000000e+00,0.000000e+00
5.400000e-01,9.400000e-01,0.0,1.000000e+00,0.000000e+00,0.000000e+00
5.500000e-01,9.400000e-01,0.0,1.000000e+00,0.000000e+00,0.000000e+00
5.600000e-01,9.400000e-01,0.0,1.000000e+00,0.000000e+00,0.000000e+00
5.700000e-01,9.400000e-01,0.0,1.000000e+00,0.000000e+00,0.000000e+00
5.800000e-01,9.400000e-01,0.0,1.000000e+00,0.000000e+00,0.000000e+00
5.900000e-01,9.400000e-01,0.0,1.000000e+00,0.000000e+00,0.000000e+00
6.000000e-01,9.400000e-01,0.0,1.000000e+00,0.000000e+00,0.000000e+00
6.100000e-01,9.400000e-01,0.0,1.000000e+00,0.000000e+00,0.000000e+00
6.200000e-01,9.400000e-01,0.0,1.000000e+00,0.000000e+00,0.000000e+00
6.300000e-01,9.400000e-01,0.0,1.000000e+00,0.000000e+00,0.000000e+00
6.400000e-01,9.400000e-01,0.0,1.000000e+00,0.000000e+00,0.000000e+00
6.500000e-01,9.400000e-01,0.0,1.000000e+00,0.000000e+00,0.000000e+00
6.600000e-01,9.400000e-01,0.0,1.000000e+00,0.000000e+00,0.000000e+00
6.700000e-01,9.400000e-01,0.0,1.000000e+00,0.000000e+00,0.000000e+00
6.800000e-01,9.400000e-01,0.0,1.000000e+00,0.000000e+00,0.000000e+00
6.900000e-01,9.400000e-01,0.0,1.000000e+00,0.000000e+00,0.000000e+00
7.000000e-01,9.400000e-01,0.0,1.000000e+00,0.000000e+00,0.000000e+00
7.100000e-01,9.400000e-01,0.0,1.000000e+00,0.000000e+00,0.000000e+00
7.200000e-01,9.400000e-01,0.0,1.000000e+00,0.000000e+00,0.000000e+00
7.300000e-01,9.400000e-01,0.0,1.000000e+00,0.000000e+00,0.000000e+00
7.400000e-01,9.400000e-01,0.0,1.000000e+00,0.000000e+00,0.000000e+00
7.500000e-01,9.400000e-01,0.0,1.000000e+00,0.000000e+00,0.000000e+00
7.600000e-01,9.400000e-01,0.0,1.000000e+00,0.000000e+00,0.000000e+00
7.700000e-01,9.400000e-01,0.0,1.000000e+00,0.000000e+00,0.000000e+00
7.800000e-01,9.400000e-01,0.0,1.000000e+00,0.000000e+00,0.000000e+00
7.900000e-01,9.400000e-01,0.0,1.000000e+00,0.000000e+00,0.000000e+00
8.000000e-01,9.400000e-01,0.0,1.000000e+00,0.000000e+00,0.000000e+00
8.100000e-01,9.400000e-01,0.0,1.000000e+00,0.000000e+00,0.000000e+00
8.200000e-01,9.400000e-01,0.0,1.000000e+00,0.000000e+00,0.000000e+00
8.300000e-01,9.400000e-01,0.0,1.000000e+00,0.000000e+00,0.000000e+00
8.400000e-01,9.400000e-01,0.0,1.000000e+00,0.000000e+00,0.000000e+00
8.500000e-01,9.400000e-01,0.0,1.000000e+00,0.000000e+00,0.000000e+00
8.600000e-01,9.400000e-01,0.0,1.000000e+00,0.000000e+00,0.000000e+00
8.700000e-01,9.400000e-01,0.0,1.000000e+00,0.000000e+00,0.000000e+00
8.800000e-01,9.400000e-01,0.0,1.000000e+00,0.000000e+00,0.000000e+00
8.900000e-01,9.400000e-01,0.0,1.000000e+00,0.000000e+00,0.000000e+00
9.000000e-01,9.400000e-01,0.0,1.000000e+00,0.000000e+00,0.000000e+00
9.100000e-01,9.400000e-01,0.0,1.000000e+00,0.000000e+00,0.000000e+00
9.200000e-01,9.400000e-01,0.0,1.000000e+00,0.000000e+00,0.000000e+00
9.300000e-01,9.400000e-01,0.0,1.000000e+00,0.000000e+00,0.000000e+00
9.400000e-01,9.400000e-01,0.0,1.000000e+00,0.000000e+00,0.000000e+00
9.500000e-01,9.400000e-01,0.0,1.000000e+00,0.000000e+00,0.000000e+00
9.600000e-01,9.400000e-01,0.0,1.000000e+00,0.000000e+00,0.000000e+00
9.700000e-01,9.400000e-01,0.0,1.000000e+00,0.000000e+00,0.000000e+00
9.800000e-01,9.400000e-01,0.0,1.000000e+00,0.000000e+00,0.000000e+00
9.900000e-01,9.400000e-01,0.0,1.000000e+00,0.000000e+00,0.000000e+00
1.000000e+00,9.400000e-01,0.0,1.000000e+00,0.000000e+00,0.000000e+00
0.000000e+00,9.500000e-01,0.0,1.000000e+00,0.000000e+00,0.000000e+00
1.000000e-02,9.500000e-01,0.0,1.000000e+00,0.000000e+00,0.000000e+00
2.000000e-02,9.500000e-01,0.0,1.000000e+00,0.000000e+00,0.000000e+00
3.000000e-02,9.500000e-01,0.0,1.000000e+00,0.000000e+00,0.000000e+00
4.000000e-02,9.500000e-01,0.0,1.000000e+00,0.000000e+00,0.000000e+00
5.000000e-02,9.500000e-01,0.0,1.000000e+00,0.000000e+00,0.000000e+00
6.000000e-02,9.500000e-01,0.0,1.000000e+00,0.000000e+00,0.000000e+00
7.000000e-02,9.500000e-01,0.0,1.000000e+00,0.000000e+00,0.000000e+00
8.000000e-02,9.500000e-01,0.0,1.000000e+00,0.000000e+00,0.000000e+00
9.000000e-02,9.500000e-01,0.0,1.000000e+00,0.000000e+00,0.000000e+00
1.000000e-01,9.500000e-01,0.0,1.000000e+00,0.000000e+00,0.000000e+00
1.100000e-01,9.500000e-01,0.0,1.000000e+00,0.000000e+00,0.000000e+00
1.200000e-01,9.500000e-01,0.0,1.000000e+00,0.000000e+00,0.000000e+00
1.300000e-01,9.500000e-01,0.0,1.000000e+00,0.000000e+00,0.000000e+00
1.400000e-01,9.500000e-01,0.0,1.000000e+00,0.000000e+00,0.000000e+00
1.500000e-01,9.500000e-01,0.0,1.000000e+00,0.000000e+00,0.000000e+00
1.600000e-01,9.500000e-01,0.0,1.000000e+00,0.000000e+00,0.000000e+00
1.700000e-01,9.500000e-01,0.0,1.000000e+00,0.000000e+00,0.000000e+00
1.800000e-01,9.500000e-01,0.0,1.000000e+00,0.000000e+00,0.000000e+00
1.900000e-01,9.500000e-01,0.0,1.000000e+00,0.000000e+00,0.000000e+00
2.000000e-01,9.500000e-01,0.0,1.000000e+00,0.000000e+00,0.000000e+00
2.100000e-01,9.500000e-01,0.0,1.000000e+00,0.000000e+00,0.000000e+00
2.200000e-01,9.500000e-01,0.0,1.000000e+00,0.000000e+00,0.000000e+00
2.300000e-01,9.500000e-01,0.0,1.000000e+00,0.000000e+00,0.000000e+00
2.400000e-01,9.500000e-01,0.0,1.000000e+00,0.000000e+00,0.000000e+00
2.500000e-01,9.500000e-01,0.0,1.000000e+00,0.000000e+00,0.000000e+00
2.600000e-01,9.500000e-01,0.0,1.000000e+00,0.000000e+00,0.000000e+00
2.700000e-01,9.500000e-01,0.0,1.000000e+00,0.000000e+00,0.000000e+00
2.800000e-01,9.500000e-01,0.0,1.000000e+00,0.000000e+00,0.000000e+00
2.900000e-01,9.500000e-01,0.0,1.000000e+00,0.000000e+00,0.000000e+00
3.000000e-01,9.500000e-01,0.0,1.000000e+00,0.000000e+00,0.000000e+00
3.100000e-01,9.500000e-01,0.0,1.000000e+00,0.000000e+00,0.000000e+00
3.200000e-01,9.500000e-01,0.0,1.000000e+00,0.000000e+00,0.000000e+00
3.300000e-01,9.500000e-01,0.0,1.000000e+00,0.000000e+00,0.000000e+00
3.400000e-01,9.500000e-01,0.0,1.000000e+00,0.000000e+00,0.000000e+00
3.500000e-01,9.500000e-01,0.0,1.000000e+00,0.000000e+00,0.000000e+00
3.600000e-01,9.500000e-01,0.0,1.000000e+00,0.000000e+00,0.000000e+00
3.700000e-01,9.500000e-01,0.0,1.000000e+00,0.000000e+00,0.000000e+00
3.800000e-01,9.500000e-01,0.0,1.000000e+00,0.000000e+00,0.000000e+00
3.900000e-01,9.500000e-01,0.0,1.000000e+00,0.000000e+00,0.000000e+00
4.000000e-01,9.500000e-01,0.0,1.000000e+00,0.000000e+00,0.000000e+00
4.100000e-01,9.500000e-01,0.0,1.000000e+00,0.000000e+00,0.000000e+00
4.200000e-01,9.500000e-01,0.0,1.000000e+00,0.000000e+00,0.000000e+00
4.300000e-01,9.500000e-01,0.0,1.000000e+00,0.000000e+00,0.000000e+00
4.400000e-01,9.500000e-01,0.0,1.000000e+00,0.000000e+00,0.000000e+00
4.500000e-01,9.500000e-01,0.0,1.000000e+00,0.000000e+00,0.000000e+00
4.600000e-01,9.500000e-01,0.0,1.000000e+00,0.000000e+00,0.000000e+00
4.700000e-01,9.500000e-01,0.0,1.000000e+00,0.000000e+00,0.000000e+00
4.800000e-01,9.500000e-01,0.0,1.000000e+00,0.000000e+00,0.000000e+00
4.900000e-01,9.500000e-01,0.0,1.000000e+00,0.000000e+00,0.000000e+00
5.000000e-01,9.500000e-01,0.0,1.000000e+00,0.000000e+00,0.000000e+00
5.100000e-01,9.500000e-01,0.0,1.000000e+00,0.000000e+00,0.000000e+00
5.200000e-01,9.500000e-01,0.0,1.000000e+00,0.000000e+00,0.000000e+00
5.300000e-01,9.500000e-01,0.0,1.000000e+00,0.000000e+00,0.000000e+00
5.400000e-01,9.500000e-01,0.0,1.000000e+00,0.000000e+00,0.000000e+00
5.500000e-01,9.500000e-01,0.0,1.000000e+00,0.000000e+00,0.000000e+00
5.600000e-01,9.500000e-01,0.0,1.000000e+00,0.000000e+00,0.000000e+00
5.700000e-01,9.500000e-01,0.0,1.000000e+00,0.000000e+00,0.000000e+00
5.800000e-01,9.500000e-01,0.0,1.000000e+00,0.000000e+00,0.000000e+00
5.900000e-01,9.500000e-01,0.0,1.000000e+00,0.000000e+00,0.000000e+00
6.000000e-01,9.500000e-01,0.0,1.000000e+00,0.000000e+00,0.000000e+00
6.100000e-01,9.500000e-01,0.0,1.000000e+00,0.000000e+00,0.000000e+00
6.200000e-01,9.500000e-01,0.0,1.000000e+00,0.000000e+00,0.000000e+00
6.300000e-01,9.500000e-01,0.0,1.000000e+00,0.000000e+00,0.000000e+00
6.400000e-01,9.500000e-01,0.0,1.000000e+00,0.000000e+00,0.000000e+00
6.500000e-01,9.500000e-01,0.0,1.000000e+00,0.000000e+00,0.000000e+00
6.600000e-01,9.500000e-01,0.0,1.000000e+00,0.000000e+00,0.000000e+00
6.700000e-01,9.500000e-01,0.0,1.000000e+00,0.000000e+00,0.000000e+00
6.800000e-01,9.500000e-01,0.0,1.000000e+00,0.000000e+00,0.000000e+00
6.900000e-01,9.500000e-01,0.0,1.000000e+00,0.000000e+00,0.000000e+00
7.000000e-01,9.500000e-01,0.0,1.000000e+00,0.000000e+00,0.000000e+00
7.100000e-01,9.500000e-01,0.0,1.000000e+00,0.000000e+00,0.000000e+00
7.200000e-01,9.500000e-01,0.0,1.000000e+00,0.000000e+00,0.000000e+00
7.300000e-01,9.500000e-01,0.0,1.000000e+00,0.000000e+00,0.000000e+00
7.400000e-01,9.500000e-01,0.0,1.000000e+00,0.000000e+00,0.000000e+00
7.500000e-01,9.500000e-01,0.0,1.000000e+00,0.000000e+00,0.000000e+00
7.600000e-01,9.500000e-01,0.0,1.000000e+00,0.000000e+00,0.000000e+00
7.700000e-01,9.500000e-01,0.0,1.000000e+00,0.000000e+00,0.000000e+00
7.800000e-01,9.500000e-01,0.0,1.000000e+00,0.000000e+00,0.000000e+00
7.900000e-01,9.500000e-01,0.0,1.000000e+00,0.000000e+00,0.000000e+00
8.000000e-01,9.500000e-01,0.0,1.000000e+00,0.000000e+00,0.000000e+00
8.100000e-01,9.500000e-01,0.0,1.000000e+00,0.000000e+00,0.000000e+00
8.200000e-01,9.500000e-01,0.0,1.000000e+00,0.000000e+00,0.000000e+00
8.300000e-01,9.500000e-01,0.0,1.000000e+00,0.000000e+00,0.000000e+00
8.400000e-01,9.500000e-01,0.0,1.000000e+00,0.000000e+00,0.000000e+00
8.500000e-01,9.500000e-01,0.0,1.000000e+00,0.000000e+00,0.000000e+00
8.600000e-01,9.500000e-01,0.0,1.000000e+00,0.000000e+00,0.000000e+00
8.700000e-01,9.500000e-01,0.0,1.000000e+00,0.000000e+00,0.000000e+00
8.800000e-01,9.500000e-01,0.0,1.000000e+00,0.000000e+00,0.000000e+00
8.900000e-01,9.500000e-01,0.0,1.000000e+00,0.000000e+00,0.000000e+00
9.000000e-01,9.500000e-01,0.0,1.000000e+00,0.000000e+00,0.000000e+00
9.100000e-01,9.500000e-01,0.0,1.000000e+00,0.000000e+00,0.000000e+00
9.200000e-01,9.500000e-01,0.0,1.000000e+00,0.000000e+00,0.000000e+00
9.300000e-01,9.500000e-01,0.0,1.000000e+00,0.000000e+00,0.000000e+00
9.400000e-01,9.500000e-01,0.0,1.000000e+00,0.000000e+00,0.000000e+00
9.500000e-01,9.500000e-01,0.0,1.000000e+00,0.000000e+00,0.000000e+00
9.600000e-01,9.500000e-01,0.0,1.000000e+00,0.000000e+00,0.000000e+00
9.700000e-01,9.500000e-01,0.0,1.000000e+00,0.000000e+00,0.000000e+00
9.800000e-01,9.500000e-01,0.0,1.000000e+00,0.000000e+00,0.000000e+00
9.900000e-01,9.500000e-01,0.0,1.000000e+00,0.000000e+00,0.000000e+00
1.000000e+00,9.500000e-01,0.0,1.000000e+00,0.000000e+00,0.000000e+00
0.000000e+00,9.600000e-01,0.0,1.000000e+00,0.000000e+00,0.000000e+00
1.000000e-02,9.600000e-01,0.0,1.000000e+00,0.000000e+00,0.000000e+00
2.000000e-02,9.600000e-01,0.0,1.000000e+00,0.000000e+00,0.000000e+00
3.000000e-02,9.600000e-01,0.0,1.000000e+00,0.000000e+00,0.000000e+00
4.000000e-02,9.600000e-01,0.0,1.000000e+00,0.000000e+00,0.000000e+00
5.000000e-02,9.600000e-01,0.0,1.000000e+00,0.000000e+00,0.000000e+00
6.000000e-02,9.600000e-01,0.0,1.000000e+00,0.000000e+00,0.000000e+00
7.000000e-02,9.600000e-01,0.0,1.000000e+00,0.000000e+00,0.000000e+00
8.000000e-02,9.600000e-01,0.0,1.000000e+00,0.000000e+00,0.000000e+00
9.000000e-02,9.600000e-01,0.0,1.000000e+00,0.000000e+00,0.000000e+00
1.000000e-01,9.600000e-01,0.0,1.000000e+00,0.000000e+00,0.000000e+00
1.100000e-01,9.600000e-01,0.0,1.000000e+00,0.000000e+00,0.000000e+00
1.200000e-01,9.600000e-01,0.0,1.000000e+00,0.000000e+00,0.000000e+00
1.300000e-01,9.600000e-01,0.0,1.000000e+00,0.000000e+00,0.000000e+00
1.400000e-01,9.600000e-01,0.0,1.000000e+00,0.000000e+00,0.000000e+00
1.500000e-01,9.600000e-01,0.0,1.000000e+00,0.000000e+00,0.000000e+00
1.600000e-01,9.600000e-01,0.0,1.000000e+00,0.000000e+00,0.000000e+00
1.700000e-01,9.600000e-01,0.0,1.000000e+00,0.000000e+00,0.000000e+00
1.800000e-01,9.600000e-01,0.0,1.000000e+00,0.000000e+00,0.000000e+00
1.900000e-01,9.600000e-01,0.0,1.000000e+00,0.000000e+00,0.000000e+00
2.000000e-01,9.600000e-01,0.0,1.000000e+00,0.000000e+00,0.000000e+00
2.100000e-01,9.600000e-01,0.0,1.000000e+00,0.000000e+00,0.000000e+00
2.200000e-01,9.600000e-01,0.0,1.000000e+00,0.000000e+00,0.000000e+00
2.300000e-01,9.600000e-01,0.0,1.000000e+00,0.000000e+00,0.000000e+00
2.400000e-01,9.600000e-01,0.0,1.000000e+00,0.000000e+00,0.000000e+00
2.500000e-01,9.600000e-01,0.0,1.000000e+00,0.000000e+00,0.000000e+00
2.600000e-01,9.600000e-01,0.0,1.000000e+00,0.000000e+00,0.000000e+00
2.700000e-01,9.600000e-01,0.0,1.000000e+00,0.000000e+00,0.000000e+00
2.800000e-01,9.600000e-01,0.0,1.000000e+00,0.000000e+00,0.000000e+00
2.900000e-01,9.600000e-01,0.0,1.000000e+00,0.000000e+00,0.000000e+00
3.000000e-01,9.600000e-01,0.0,1.000000e+00,0.000000e+00,0.000000e+00
3.100000e-01,9.600000e-01,0.0,1.000000e+00,0.000000e+00,0.000000e+00
3.200000e-01,9.600000e-01,0.0,1.000000e+00,0.000000e+00,0.000000e+00
3.300000e-01,9.600000e-01,0.0,1.000000e+00,0.000000e+00,0.000000e+00
3.400000e-01,9.600000e-01,0.0,1.000000e+00,0.000000e+00,0.000000e+00
3.500000e-01,9.600000e-01,0.0,1.000000e+00,0.000000e+00,0.000000e+00
3.600000e-01,9.600000e-01,0.0,1.000000e+00,0.000000e+00,0.000000e+00
3.700000e-01,9.600000e-01,0.0,1.000000e+00,0.000000e+00,0.000000e+00
3.800000e-01,9.600000e-01,0.0,1.000000e+00,0.000000e+00,0.000000e+00
3.900000e-01,9.600000e-01,0.0,1.000000e+00,0.000000e+00,0.000000e+00
4.000000e-01,9.600000e-01,0.0,1.000000e+00,0.000000e+00,0.000000e+00
4.100000e-01,9.600000e-01,0.0,1.000000e+00,0.000000e+00,0.000000e+00
4.200000e-01,9.600000e-01,0.0,1.000000e+00,0.000000e+00,0.000000e+00
4.300000e-01,9.600000e-01,0.0,1.000000e+00,0.000000e+00,0.000000e+00
4.400000e-01,9.600000e-01,0.0,1.000000e+00,0.000000e+00,0.000000e+00
4.500000e-01,9.600000e-01,0.0,1.000000e+00,0.000000e+00,0.000000e+00
4.600000e-01,9.600000e-01,0.0,1.000000e+00,0.000000e+00,0.000000e+00
4.700000e-01,9.600000e-01,0.0,1.000000e+00,0.000000e+00,0.000000e+00
4.800000e-01,9.600000e-01,0.0,1.000000e+00,0.000000e+00,0.000000e+00
4.900000e-01,9.600000e-01,0.0,1.000000e+00,0.000000e+00,0.000000e+00
5.000000e-01,9.600000e-01,0.0,1.000000e+00,0.000000e+00,0.000000e+00
5.100000e-01,9.600000e-01,0.0,1.000000e+00,0.000000e+00,0.000000e+00
5.200000e-01,9.600000e-01,0.0,1.000000e+00,0.000000e+00,0.000000e+00
5.300000e-01,9.600000e-01,0.0,1.000000e+00,0.000000e+00,0.000000e+00
5.400000e-01,9.600000e-01,0.0,1.000000e+00,0.000000e+00,0.000000e+00
5.500000e-01,9.600000e-01,0.0,1.000000e+00,0.000000e+00,0.000000e+00
5.600000e-01,9.600000e-01,0.0,1.000000e+00,0.000000e+00,0.000000e+00
5.700000e-01,9.600000e-01,0.0,1.000000e+00,0.000000e+00,0.000000e+00
5.800000e-01,9.600000e-01,0.0,1.000000e+00,0.000000e+00,0.000000e+00
5.900000e-01,9.600000e-01,0.0,1.000000e+00,0.000000e+00,0.000000e+00
6.000000e-01,9.600000e-01,0.0,1.000000e+00,0.000000e+00,0.000000e+00
6.100000e-01,9.600000e-01,0.0,1.000000e+00,0.000000e+00,0.000000e+00
6.200000e-01,9.600000e-01,0.0,1.000000e+00,0.000000e+00,0.000000e+00
6.300000e-01,9.600000e-01,0.0,1.000000e+00,0.000000e+00,0.000000e+00
6.400000e-01,9.600000e-01,0.0,1.000000e+00,0.000000e+00,0.000000e+00
6.500000e-01,9.600000e-01,0.0,1.000000e+00,0.000000e+00,0.000000e+00
6.600000e-01,9.600000e-01,0.0,1.000000e+00,0.000000e+00,0.000000e+00
6.700000e-01,9.600000e-01,0.0,1.000000e+00,0.000000e+00,0.000000e+00
6.800000e-01,9.600000e-01,0.0,1.000000e+00,0.000000e+00,0.000000e+00
6.900000e-01,9.600000e-01,0.0,1.000000e+00,0.000000e+00,0.000000e+00
7.000000e-01,9.600000e-01,0.0,1.000000e+00,0.000000e+00,0.000000e+00
7.100000e-01,9.600000e-01,0.0,1.000000e+00,0.000000e+00,0.000000e+00
7.200000e-01,9.600000e-01,0.0,1.000000e+00,0.000000e+00,0.000000e+00
7.300000e-01,9.600000e-01,0.0,1.000000e+00,0.000000e+00,0.000000e+00
7.400000e-01,9.600000e-01,0.0,1.000000e+00,0.000000e+00,0.000000e+00
7.500000e-01,9.600000e-01,0.0,1.000000e+00,0.000000e+00,0.000000e+00
7.600000e-01,9.600000e-01,0.0,1.000000e+00,0.000000e+00,0.000000e+00
7.700000e-01,9.600000e-01,0.0,1.000000e+00,0.000000e+00,0.000000e+00
7.800000e-01,9.600000e-01,0.0,1.000000e+00,0.000000e+00,0.000000e+00
7.900000e-01,9.600000e-01,0.0,1.000000e+00,0.000000e+00,0.000000e+00
8.000000e-01,9.600000e-01,0.0,1.000000e+00,0.000000e+00,0.000000e+00
8.100000e-01,9.600000e-01,0.0,1.000000e+00,0.000000e+00,0.000000e+00
8.200000e-01,9.600000e-01,0.0,1.000000e+00,0.000000e+00,0.000000e+00
8.300000e-01,9.600000e-01,0.0,1.000000e+00,0.000000e+00,0.000000e+00
8.400000e-01,9.600000e-01,0.0,1.000000e+00,0.000000e+00,0.000000e+00
8.500000e-01,9.600000e-01,0.0,1.000000e+00,0.000000e+00,0.000000e+00
8.600000e-01,9.600000e-01,0.0,1.000000e+00,0.000000e+00,0.000000e+00
8.700000e-01,9.600000e-01,0.0,1.000000e+00,0.000000e+00,0.000000e+00
8.800000e-01,9.600000e-01,0.0,1.000000e+00,0.000000e+00,0.000000e+00
8.900000e-01,9.600000e-01,0.0,1.000000e+00,0.000000e+00,0.000000e+00
9.000000e-01,9.600000e-01,0.0,1.000000e+00,0.000000e+00,0.000000e+00
9.100000e-01,9.600000e-01,0.0,1.000000e+00,0.000000e+00,0.000000e+00
9.200000e-01,9.600000e-01,0.0,1.000000e+00,0.000000e+00,0.000000e+00
9.300000e-01,9.600000e-01,0.0,1.000000e+00,0.000000e+00,0.000000e+00
9.400000e-01,9.600000e-01,0.0,1.000000e+00,0.000000e+00,0.000000e+00
9.500000e-01,9.600000e-01,0.0,1.000000e+00,0.000000e+00,0.000000e+00
9.600000e-01,9.600000e-01,0.0,1.000000e+00,0.000000e+00,0.000000e+00
9.700000e-01,9.600000e-01,0.0,1.000000e+00,0.000000e+00,0.000000e+00
9.800000e-01,9.600000e-01,0.0,1.000000e+00,0.000000e+00,0.000000e+00
9.900000e-01,9.600000e-01,0.0,1.000000e+00,0.000000e+00,0.000000e+00
1.000000e+00,9.600000e-01,0.0,1.000000e+00,0.000000e+00,0.000000e+00
0.000000e+00,9.700000e-01,0.0,1.000000e+00,0.000000e+00,0.000000e+00
1.000000e-02,9.700000e-01,0.0,1.000000e+00,0.000000e+00,0.000000e+00
2.000000e-02,9.700000e-01,0.0,1.000000e+00,0.000000e+00,0.000000e+00
3.000000e-02,9.700000e-01,0.0,1.000000e+00,0.000000e+00,0.000000e+00
4.000000e-02,9.700000e-01,0.0,1.000000e+00,0.000000e+00,0.000000e+00
5.000000e-02,9.700000e-01,0.0,1.000000e+00,0.000000e+00,0.000000e+00
6.000000e-02,9.700000e-01,0.0,1.000000e+00,0.000000e+00,0.000000e+00
7.000000e-02,9.700000e-01,0.0,1.000000e+00,0.000000e+00,0.000000e+00
8.000000e-02,9.700000e-01,0.0,1.000000e+00,0.000000e+00,0.000000e+00
9.000000e-02,9.700000e-01,0.0,1.000000e+00,0.000000e+00,0.000000e+00
1.000000e-01,9.700000e-01,0.0,1.000000e+00,0.000000e+00,0.000000e+00
1.100000e-01,9.700000e-01,0.0,1.000000e+00,0.000000e+00,0.000000e+00
1.200000e-01,9.700000e-01,0.0,1.000000e+00,0.000000e+00,0.000000e+00
1.300000e-01,9.700000e-01,0.0,1.000000e+00,0.000000e+00,0.000000e+00
1.400000e-01,9.700000e-01,0.0,1.000000e+00,0.000000e+00,0.000000e+00
1.500000e-01,9.700000e-01,0.0,1.000000e+00,0.000000e+00,0.000000e+00
1.600000e-01,9.700000e-01,0.0,1.000000e+00,0.000000e+00,0.000000e+00
1.700000e-01,9.700000e-01,0.0,1.000000e+00,0.000000e+00,0.000000e+00
1.800000e-01,9.700000e-01,0.0,1.000000e+00,0.000000e+00,0.000000e+00
1.900000e-01,9.700000e-01,0.0,1.000000e+00,0.000000e+00,0.000000e+00
2.000000e-01,9.700000e-01,0.0,1.000000e+00,0.000000e+00,0.000000e+00
2.100000e-01,9.700000e-01,0.0,1.000000e+00,0.000000e+00,0.000000e+00
2.200000e-01,9.700000e-01,0.0,1.000000e+00,0.000000e+00,0.000000e+00
2.300000e-01,9.700000e-01,0.0,1.000000e+00,0.000000e+00,0.000000e+00
2.400000e-01,9.700000e-01,0.0,1.000000e+00,0.000000e+00,0.000000e+00
2.500000e-01,9.700000e-01,0.0,1.000000e+00,0.000000e+00,0.000000e+00
2.600000e-01,9.700000e-01,0.0,1.000000e+00,0.000000e+00,0.000000e+00
2.700000e-01,9.700000e-01,0.0,1.000000e+00,0.000000e+00,0.000000e+00
2.800000e-01,9.700000e-01,0.0,1.000000e+00,0.000000e+00,0.000000e+00
2.900000e-01,9.700000e-01,0.0,1.000000e+00,0.000000e+00,0.000000e+00
3.000000e-01,9.700000e-01,0.0,1.000000e+00,0.000000e+00,0.000000e+00
3.100000e-01,9.700000e-01,0.0,1.000000e+00,0.000000e+00,0.000000e+00
3.200000e-01,9.700000e-01,0.0,1.000000e+00,0.000000e+00,0.000000e+00
3.300000e-01,9.700000e-01,0.0,1.000000e+00,0.000000e+00,0.000000e+00
3.400000e-01,9.700000e-01,0.0,1.000000e+00,0.000000e+00,0.000000e+00
3.500000e-01,9.700000e-01,0.0,1.000000e+00,0.000000e+00,0.000000e+00
3.600000e-01,9.700000e-01,0.0,1.000000e+00,0.000000e+00,0.000000e+00
3.700000e-01,9.700000e-01,0.0,1.000000e+00,0.000000e+00,0.000000e+00
3.800000e-01,9.700000e-01,0.0,1.000000e+00,0.000000e+00,0.000000e+00
3.900000e-01,9.700000e-01,0.0,1.000000e+00,0.000000e+00,0.000000e+00
4.000000e-01,9.700000e-01,0.0,1.000000e+00,0.000000e+00,0.000000e+00
4.100000e-01,9.700000e-01,0.0,1.000000e+00,0.000000e+00,0.000000e+00
4.200000e-01,9.700000e-01,0.0,1.000000e+00,0.000000e+00,0.000000e+00
4.300000e-01,9.700000e-01,0.0,1.000000e+00,0.000000e+00,0.000000e+00
4.400000e-01,9.700000e-01,0.0,1.000000e+00,0.000000e+00,0.000000e+00
4.500000e-01,9.700000e-01,0.0,1.000000e+00,0.000000e+00,0.000000e+00
4.600000e-01,9.700000e-01,0.0,1.000000e+00,0.000000e+00,0.000000e+00
4.700000e-01,9.700000e-01,0.0,1.000000e+00,0.000000e+00,0.000000e+00
4.800000e-01,9.700000e-01,0.0,1.000000e+00,0.000000e+00,0.000000e+00
4.900000e-01,9.700000e-01,0.0,1.000000e+00,0.000000e+00,0.000000e+00
5.000000e-01,9.700000e-01,0.0,1.000000e+00,0.000000e+00,0.000000e+00
5.100000e-01,9.700000e-01,0.0,1.000000e+00,0.000000e+00,0.000000e+00
5.200000e-01,9.700000e-01,0.0,1.000000e+00,0.000000e+00,0.000000e+00
5.300000e-01,9.700000e-01,0.0,1.000000e+00,0.000000e+00,0.000000e+00
5.400000e-01,9.700000e-01,0.0,1.000000e+00,0.000000e+00,0.000000e+00
5.500000e-01,9.700000e-01,0.0,1.000000e+00,0.000000e+00,0.000000e+00
5.600000e-01,9.700000e-01,0.0,1.000000e+00,0.000000e+00,0.000000e+00
5.700000e-01,9.700000e-01,0.0,1.000000e+00,0.000000e+00,0.000000e+00
5.800000e-01,9.700000e-01,0.0,1.000000e+00,0.000000e+00,0.000000e+00
5.900000e-01,9.700000e-01,0.0,1.000000e+00,0.000000e+00,0.000000e+00
6.000000e-01,9.700000e-01,0.0,1.000000e+00,0.000000e+00,0.000000e+00
6.100000e-01,9.700000e-01,0.0,1.000000e+00,0.000000e+00,0.000000e+00
6.200000e-01,9.700000e-01,0.0,1.000000e+00,0.000000e+00,0.000000e+00
6.300000e-01,9.700000e-01,0.0,1.000000e+00,0.000000e+00,0.000000e+00
6.400000e-01,9.700000e-01,0.0,1.000000e+00,0.000000e+00,0.000000e+00
6.500000e-01,9.700000e-01,0.0,1.000000e+00,0.000000e+00,0.000000e+00
6.600000e-01,9.700000e-01,0.0,1.000000e+00,0.000000e+00,0.000000e+00
6.700000e-01,9.700000e-01,0.0,1.000000e+00,0.000000e+00,0.000000e+00
6.800000e-01,9.700000e-01,0.0,1.000000e+00,0.000000e+00,0.000000e+00
6.900000e-01,9.700000e-01,0.0,1.000000e+00,0.000000e+00,0.000000e+00
7.000000e-01,9.700000e-01,0.0,1.000000e+00,0.000000e+00,0.000000e+00
7.100000e-01,9.700000e-01,0.0,1.000000e+00,0.000000e+00,0.000000e+00
7.200000e-01,9.700000e-01,0.0,1.000000e+00,0.000000e+00,0.000000e+00
7.300000e-01,9.700000e-01,0.0,1.000000e+00,0.000000e+00,0.000000e+00
7.400000e-01,9.700000e-01,0.0,1.000000e+00,0.000000e+00,0.000000e+00
7.500000e-01,9.700000e-01,0.0,1.000000e+00,0.000000e+00,0.000000e+00
7.600000e-01,9.700000e-01,0.0,1.000000e+00,0.000000e+00,0.000000e+00
7.700000e-01,9.700000e-01,0.0,1.000000e+00,0.000000e+00,0.000000e+00
7.800000e-01,9.700000e-01,0.0,1.000000e+00,0.000000e+00,0.000000e+00
7.900000e-01,9.700000e-01,0.0,1.000000e+00,0.000000e+00,0.000000e+00
8.000000e-01,9.700000e-01,0.0,1.000000e+00,0.000000e+00,0.000000e+00
8.100000e-01,9.700000e-01,0.0,1.000000e+00,0.000000e+00,0.000000e+00
8.200000e-01,9.700000e-01,0.0,1.000000e+00,0.000000e+00,0.000000e+00
8.300000e-01,9.700000e-01,0.0,1.000000e+00,0.000000e+00,0.000000e+00
8.400000e-01,9.700000e-01,0.0,1.000000e+00,0.000000e+00,0.000000e+00
8.500000e-01,9.700000e-01,0.0,1.000000e+00,0.000000e+00,0.000000e+00
8.600000e-01,9.700000e-01,0.0,1.000000e+00,0.000000e+00,0.000000e+00
8.700000e-01,9.700000e-01,0.0,1.000000e+00,0.000000e+00,0.000000e+00
8.800000e-01,9.700000e-01,0.0,1.000000e+00,0.000000e+00,0.000000e+00
8.900000e-01,9.700000e-01,0.0,1.000000e+00,0.000000e+00,0.000000e+00
9.000000e-01,9.700000e-01,0.0,1.000000e+00,0.000000e+00,0.000000e+00
9.100000e-01,9.700000e-01,0.0,1.000000e+00,0.000000e+00,0.000000e+00
9.200000e-01,9.700000e-01,0.0,1.000000e+00,0.000000e+00,0.000000e+00
9.300000e-01,9.700000e-01,0.0,1.000000e+00,0.000000e+00,0.000000e+00
9.400000e-01,9.700000e-01,0.0,1.000000e+00,0.000000e+00,0.000000e+00
9.500000e-01,9.700000e-01,0.0,1.000000e+00,0.000000e+00,0.000000e+00
9.600000e-01,9.700000e-01,0.0,1.000000e+00,0.000000e+00,0.000000e+00
9.700000e-01,9.700000e-01,0.0,1.000000e+00,0.000000e+00,0.000000e+00
9.800000e-01,9.700000e-01,0.0,1.000000e+00,0.000000e+00,0.000000e+00
9.900000e-01,9.700000e-01,0.0,1.000000e+00,0.000000e+00,0.000000e+00
1.000000e+00,9.700000e-01,0.0,1.000000e+00,0.000000e+00,0.000000e+00
0.000000e+00,9.800000e-01,0.0,1.000000e+00,0.000000e+00,0.000000e+00
1.000000e-02,9.800000e-01,0.0,1.000000e+00,0.000000e+00,0.000000e+00
2.000000e-02,9.800000e-01,0.0,1.000000e+00,0.000000e+00,0.000000e+00
3.000000e-02,9.800000e-01,0.0,1.000000e+00,0.000000e+00,0.000000e+00
4.000000e-02,9.800000e-01,0.0,1.000000e+00,0.000000e+00,0.000000e+00
5.000000e-02,9.800000e-01,0.0,1.000000e+00,0.000000e+00,0.000000e+00
6.000000e-02,9.800000e-01,0.0,1.000000e+00,0.000000e+00,0.000000e+00
7.000000e-02,9.800000e-01,0.0,1.000000e+00,0.000000e+00,0.000000e+00
8.000000e-02,9.800000e-01,0.0,1.000000e+00,0.000000e+00,0.000000e+00
9.000000e-02,9.800000e-01,0.0,1.000000e+00,0.000000e+00,0.000000e+00
1.000000e-01,9.800000e-01,0.0,1.000000e+00,0.000000e+00,0.000000e+00
1.100000e-01,9.800000e-01,0.0,1.000000e+00,0.000000e+00,0.000000e+00
1.200000e-01,9.800000e-01,0.0,1.000000e+00,0.000000e+00,0.000000e+00
1.300000e-01,9.800000e-01,0.0,1.000000e+00,0.000000e+00,0.000000e+00
1.400000e-01,9.800000e-01,0.0,1.000000e+00,0.000000e+00,0.000000e+00
1.500000e-01,9.800000e-01,0.0,1.000000e+00,0.000000e+00,0.000000e+00
1.600000e-01,9.800000e-01,0.0,1.000000e+00,0.000000e+00,0.000000e+00
1.700000e-01,9.800000e-01,0.0,1.000000e+00,0.000000e+00,0.000000e+00
1.800000e-01,9.800000e-01,0.0,1.000000e+00,0.000000e+00,0.000000e+00
1.900000e-01,9.800000e-01,0.0,1.000000e+00,0.000000e+00,0.000000e+00
2.000000e-01,9.800000e-01,0.0,1.000000e+00,0.000000e+00,0.000000e+00
2.100000e-01,9.800000e-01,0.0,1.000000e+00,0.000000e+00,0.000000e+00
2.200000e-01,9.800000e-01,0.0,1.000000e+00,0.000000e+00,0.000000e+00
2.300000e-01,9.800000e-01,0.0,1.000000e+00,0.000000e+00,0.000000e+00
2.400000e-01,9.800000e-01,0.0,1.000000e+00,0.000000e+00,0.000000e+00
2.500000e-01,9.800000e-01,0.0,1.000000e+00,0.000000e+00,0.000000e+00
2.600000e-01,9.800000e-01,0.0,1.000000e+00,0.000000e+00,0.000000e+00
2.700000e-01,9.800000e-01,0.0,1.000000e+00,0.000000e+00,0.000000e+00
2.800000e-01,9.800000e-01,0.0,1.000000e+00,0.000000e+00,0.000000e+00
2.900000e-01,9.800000e-01,0.0,1.000000e+00,0.000000e+00,0.000000e+00
3.000000e-01,9.800000e-01,0.0,1.000000e+00,0.000000e+00,0.000000e+00
3.100000e-01,9.800000e-01,0.0,1.000000e+00,0.000000e+00,0.000000e+00
3.200000e-01,9.800000e-01,0.0,1.000000e+00,0.000000e+00,0.000000e+00
3.300000e-01,9.800000e-01,0.0,1.000000e+00,0.000000e+00,0.000000e+00
3.400000e-01,9.800000e-01,0.0,1.000000e+00,0.000000e+00,0.000000e+00
3.500000e-01,9.800000e-01,0.0,1.000000e+00,0.000000e+00,0.000000e+00
3.600000e-01,9.800000e-01,0.0,1.000000e+00,0.000000e+00,0.000000e+00
3.700000e-01,9.800000e-01,0.0,1.000000e+00,0.000000e+00,0.000000e+00
3.800000e-01,9.800000e-01,0.0,1.000000e+00,0.000000e+00,0.000000e+00
3.900000e-01,9.800000e-01,0.0,1.000000e+00,0.000000e+00,0.000000e+00
4.000000e-01,9.800000e-01,0.0,1.000000e+00,0.000000e+00,0.000000e+00
4.100000e-01,9.800000e-01,0.0,1.000000e+00,0.000000e+00,0.000000e+00
4.200000e-01,9.800000e-01,0.0,1.000000e+00,0.000000e+00,0.000000e+00
4.300000e-01,9.800000e-01,0.0,1.000000e+00,0.000000e+00,0.000000e+00
4.400000e-01,9.800000e-01,0.0,1.000000e+00,0.000000e+00,0.000000e+00
4.500000e-01,9.800000e-01,0.0,1.000000e+00,0.000000e+00,0.000000e+00
4.600000e-01,9.800000e-01,0.0,1.000000e+00,0.000000e+00,0.000000e+00
4.700000e-01,9.800000e-01,0.0,1.000000e+00,0.000000e+00,0.000000e+00
4.800000e-01,9.800000e-01,0.0,1.000000e+00,0.000000e+00,0.000000e+00
4.900000e-01,9.800000e-01,0.0,1.000000e+00,0.000000e+00,0.000000e+00
5.000000e-01,9.800000e-01,0.0,1.000000e+00,0.000000e+00,0.000000e+00
5.100000e-01,9.800000e-01,0.0,1.000000e+00,0.000000e+00,0.000000e+00
5.200000e-01,9.800000e-01,0.0,1.000000e+00,0.000000e+00,0.000000e+00
5.300000e-01,9.800000e-01,0.0,1.000000e+00,0.000000e+00,0.000000e+00
5.400000e-01,9.800000e-01,0.0,1.000000e+00,0.000000e+00,0.000000e+00
5.500000e-01,9.800000e-01,0.0,1.000000e+00,0.000000e+00,0.000000e+00
5.600000e-01,9.800000e-01,0.0,1.000000e+00,0.000000e+00,0.000000e+00
5.700000e-01,9.800000e-01,0.0,1.000000e+00,0.000000e+00,0.000000e+00
5.800000e-01,9.800000e-01,0.0,1.000000e+00,0.000000e+00,0.000000e+00
5.900000e-01,9.800000e-01,0.0,1.000000e+00,0.000000e+00,0.000000e+00
6.000000e-01,9.800000e-01,0.0,1.000000e+00,0.000000e+00,0.000000e+00
6.100000e-01,9.800000e-01,0.0,1.000000e+00,0.000000e+00,0.000000e+00
6.200000e-01,9.800000e-01,0.0,1.000000e+00,0.000000e+00,0.000000e+00
6.300000e-01,9.800000e-01,0.0,1.000000e+00,0.000000e+00,0.000000e+00
6.400000e-01,9.800000e-01,0.0,1.000000e+00,0.000000e+00,0.000000e+00
6.500000e-01,9.800000e-01,0.0,1.000000e+00,0.000000e+00,0.000000e+00
6.600000e-01,9.800000e-01,0.0,1.000000e+00,0.000000e+00,0.000000e+00
6.700000e-01,9.800000e-01,0.0,1.000000e+00,0.000000e+00,0.000000e+00
6.800000e-01,9.800000e-01,0.0,1.000000e+00,0.000000e+00,0.000000e+00
6.900000e-01,9.800000e-01,0.0,1.000000e+00,0.000000e+00,0.000000e+00
7.000000e-01,9.800000e-01,0.0,1.000000e+00,0.000000e+00,0.000000e+00
7.100000e-01,9.800000e-01,0.0,1.000000e+00,0.000000e+00,0.000000e+00
7.200000e-01,9.800000e-01,0.0,1.000000e+00,0.000000e+00,0.000000e+00
7.300000e-01,9.800000e-01,0.0,1.000000e+00,0.000000e+00,0.000000e+00
7.400000e-01,9.800000e-01,0.0,1.000000e+00,0.000000e+00,0.000000e+00
7.500000e-01,9.800000e-01,0.0,1.000000e+00,0.000000e+00,0.000000e+00
7.600000e-01,9.800000e-01,0.0,1.000000e+00,0.000000e+00,0.000000e+00
7.700000e-01,9.800000e-01,0.0,1.000000e+00,0.000000e+00,0.000000e+00
7.800000e-01,9.800000e-01,0.0,1.000000e+00,0.000000e+00,0.000000e+00
7.900000e-01,9.800000e-01,0.0,1.000000e+00,0.000000e+00,0.000000e+00
8.000000e-01,9.800000e-01,0.0,1.000000e+00,0.000000e+00,0.000000e+00
8.100000e-01,9.800000e-01,0.0,1.000000e+00,0.000000e+00,0.000000e+00
8.200000e-01,9.800000e-01,0.0,1.000000e+00,0.000000e+00,0.000000e+00
8.300000e-01,9.800000e-01,0.0,1.000000e+00,0.000000e+00,0.000000e+00
8.400000e-01,9.800000e-01,0.0,1.000000e+00,0.000000e+00,0.000000e+00
8.500000e-01,9.800000e-01,0.0,1.000000e+00,0.000000e+00,0.000000e+00
8.600000e-01,9.800000e-01,0.0,1.000000e+00,0.000000e+00,0.000000e+00
8.700000e-01,9.800000e-01,0.0,1.000000e+00,0.000000e+00,0.000000e+00
8.800000e-01,9.800000e-01,0.0,1.000000e+00,0.000000e+00,0.000000e+00
8.900000e-01,9.800000e-01,0.0,1.000000e+00,0.000000e+00,0.000000e+00
9.000000e-01,9.800000e-01,0.0,1.000000e+00,0.000000e+00,0.000000e+00
9.100000e-01,9.800000e-01,0.0,1.000000e+00,0.000000e+00,0.000000e+00
9.200000e-01,9.800000e-01,0.0,1.000000e+00,0.000000e+00,0.000000e+00
9.300000e-01,9.800000e-01,0.0,1.000000e+00,0.000000e+00,0.000000e+00
9.400000e-01,9.800000e-01,0.0,1.000000e+00,0.000000e+00,0.000000e+00
9.500000e-01,9.800000e-01,0.0,1.000000e+00,0.000000e+00,0.000000e+00
9.600000e-01,9.800000e-01,0.0,1.000000e+00,0.000000e+00,0.000000e+00
9.700000e-01,9.800000e-01,0.0,1.000000e+00,0.000000e+00,0.000000e+00
9.800000e-01,9.800000e-01,0.0,1.000000e+00,0.000000e+00,0.000000e+00
9.900000e-01,9.800000e-01,0.0,1.000000e+00,0.000000e+00,0.000000e+00
1.000000e+00,9.800000e-01,0.0,1.000000e+00,0.000000e+00,0.000000e+00
0.000000e+00,9.900000e-01,0.0,1.000000e+00,0.000000e+00,0.000000e+00
1.000000e-02,9.900000e-01,0.0,1.000000e+00,0.000000e+00,0.000000e+00
2.000000e-02,9.900000e-01,0.0,1.000000e+00,0.000000e+00,0.000000e+00
3.000000e-02,9.900000e-01,0.0,1.000000e+00,0.000000e+00,0.000000e+00
4.000000e-02,9.900000e-01,0.0,1.000000e+00,0.000000e+00,0.000000e+00
5.000000e-02,9.900000e-01,0.0,1.000000e+00,0.000000e+00,0.000000e+00
6.000000e-02,9.900000e-01,0.0,1.000000e+00,0.000000e+00,0.000000e+00
7.000000e-02,9.900000e-01,0.0,1.000000e+00,0.000000e+00,0.000000e+00
8.000000e-02,9.900000e-01,0.0,1.000000e+00,0.000000e+00,0.000000e+00
9.000000e-02,9.900000e-01,0.0,1.000000e+00,0.000000e+00,0.000000e+00
1.000000e-01,9.900000e-01,0.0,1.000000e+00,0.000000e+00,0.000000e+00
1.100000e-01,9.900000e-01,0.0,1.000000e+00,0.000000e+00,0.000000e+00
1.200000e-01,9.900000e-01,0.0,1.000000e+00,0.000000e+00,0.000000e+00
1.300000e-01,9.900000e-01,0.0,1.000000e+00,0.000000e+00,0.000000e+00
1.400000e-01,9.900000e-01,0.0,1.000000e+00,0.000000e+00,0.000000e+00
1.500000e-01,9.900000e-01,0.0,1.000000e+00,0.000000e+00,0.000000e+00
1.600000e-01,9.900000e-01,0.0,1.000000e+00,0.000000e+00,0.000000e+00
1.700000e-01,9.900000e-01,0.0,1.000000e+00,0.000000e+00,0.000000e+00
1.800000e-01,9.900000e-01,0.0,1.000000e+00,0.000000e+00,0.000000e+00
1.900000e-01,9.900000e-01,0.0,1.000000e+00,0.000000e+00,0.000000e+00
2.000000e-01,9.900000e-01,0.0,1.000000e+00,0.000000e+00,0.000000e+00
2.100000e-01,9.900000e-01,0.0,1.000000e+00,0.000000e+00,0.000000e+00
2.200000e-01,9.900000e-01,0.0,1.000000e+00,0.000000e+00,0.000000e+00
2.300000e-01,9.900000e-01,0.0,1.000000e+00,0.000000e+00,0.000000e+00
2.400000e-01,9.900000e-01,0.0,1.000000e+00,0.000000e+00,0.000000e+00
2.500000e-01,9.900000e-01,0.0,1.000000e+00,0.000000e+00,0.000000e+00
2.600000e-01,9.900000e-01,0.0,1.000000e+00,0.000000e+00,0.000000e+00
2.700000e-01,9.900000e-01,0.0,1.000000e+00,0.000000e+00,0.000000e+00
2.800000e-01,9.900000e-01,0.0,1.000000e+00,0.000000e+00,0.000000e+00
2.900000e-01,9.900000e-01,0.0,1.000000e+00,0.000000e+00,0.000000e+00
3.000000e-01,9.900000e-01,0.0,1.000000e+00,0.000000e+00,0.000000e+00
3.100000e-01,9.900000e-01,0.0,1.000000e+00,0.000000e+00,0.000000e+00
3.200000e-01,9.900000e-01,0.0,1.000000e+00,0.000000e+00,0.000000e+00
3.300000e-01,9.900000e-01,0.0,1.000000e+00,0.000000e+00,0.000000e+00
3.400000e-01,9.900000e-01,0.0,1.000000e+00,0.000000e+00,0.000000e+00
3.500000e-01,9.900000e-01,0.0,1.000000e+00,0.000000e+00,0.000000e+00
3.600000e-01,9.900000e-01,0.0,1.000000e+00,0.000000e+00,0.000000e+00
3.700000e-01,9.900000e-01,0.0,1.000000e+00,0.000000e+00,0.000000e+00
3.800000e-01,9.900000e-01,0.0,1.000000e+00,0.000000e+00,0.000000e+00
3.900000e-01,9.900000e-01,0.0,1.000000e+00,0.000000e+00,0.000000e+00
4.000000e-01,9.900000e-01,0.0,1.000000e+00,0.000000e+00,0.000000e+00
4.100000e-01,9.900000e-01,0.0,1.000000e+00,0.000000e+00,0.000000e+00
4.200000e-01,9.900000e-01,0.0,1.000000e+00,0.000000e+00,0.000000e+00
4.300000e-01,9.900000e-01,0.0,1.000000e+00,0.000000e+00,0.000000e+00
4.400000e-01,9.900000e-01,0.0,1.000000e+00,0.000000e+00,0.000000e+00
4.500000e-01,9.900000e-01,0.0,1.000000e+00,0.000000e+00,0.000000e+00
4.600000e-01,9.900000e-01,0.0,1.000000e+00,0.000000e+00,0.000000e+00
4.700000e-01,9.900000e-01,0.0,1.000000e+00,0.000000e+00,0.000000e+00
4.800000e-01,9.900000e-01,0.0,1.000000e+00,0.000000e+00,0.000000e+00
4.900000e-01,9.900000e-01,0.0,1.000000e+00,0.000000e+00,0.000000e+00
5.000000e-01,9.900000e-01,0.0,1.000000e+00,0.000000e+00,0.000000e+00
5.100000e-01,9.900000e-01,0.0,1.000000e+00,0.000000e+00,0.000000e+00
5.200000e-01,9.900000e-01,0.0,1.000000e+00,0.000000e+00,0.000000e+00
5.300000e-01,9.900000e-01,0.0,1.000000e+00,0.000000e+00,0.000000e+00
5.400000e-01,9.900000e-01,0.0,1.000000e+00,0.000000e+00,0.000000e+00
5.500000e-01,9.900000e-01,0.0,1.000000e+00,0.000000e+00,0.000000e+00
5.600000e-01,9.900000e-01,0.0,1.000000e+00,0.000000e+00,0.000000e+00
5.700000e-01,9.900000e-01,0.0,1.000000e+00,0.000000e+00,0.000000e+00
5.800000e-01,9.900000e-01,0.0,1.000000e+00,0.000000e+00,0.000000e+00
5.900000e-01,9.900000e-01,0.0,1.000000e+00,0.000000e+00,0.000000e+00
6.000000e-01,9.900000e-01,0.0,1.000000e+00,0.000000e+00,0.000000e+00
6.100000e-01,9.900000e-01,0.0,1.000000e+00,0.000000e+00,0.000000e+00
6.200000e-01,9.900000e-01,0.0,1.000000e+00,0.000000e+00,0.000000e+00
6.300000e-01,9.900000e-01,0.0,1.000000e+00,0.000000e+00,0.000000e+00
6.400000e-01,9.900000e-01,0.0,1.000000e+00,0.000000e+00,0.000000e+00
6.500000e-01,9.900000e-01,0.0,1.000000e+00,0.000000e+00,0.000000e+00
6.600000e-01,9.900000e-01,0.0,1.000000e+00,0.000000e+00,0.000000e+00
6.700000e-01,9.900000e-01,0.0,1.000000e+00,0.000000e+00,0.000000e+00
6.800000e-01,9.900000e-01,0.0,1.000000e+00,0.000000e+00,0.000000e+00
6.900000e-01,9.900000e-01,0.0,1.000000e+00,0.000000e+00,0.000000e+00
7.000000e-01,9.900000e-01,0.0,1.000000e+00,0.000000e+00,0.000000e+00
7.100000e-01,9.900000e-01,0.0,1.000000e+00,0.000000e+00,0.000000e+00
7.200000e-01,9.900000e-01,0.0,1.000000e+00,0.000000e+00,0.000000e+00
7.300000e-01,9.900000e-01,0.0,1.000000e+00,0.000000e+00,0.000000e+00
7.400000e-01,9.900000e-01,0.0,1.000000e+00,0.000000e+00,0.000000e+00
7.500000e-01,9.900000e-01,0.0,1.000000e+00,0.000000e+00,0.000000e+00
7.600000e-01,9.900000e-01,0.0,1.000000e+00,0.000000e+00,0.000000e+00
7.700000e-01,9.900000e-01,0.0,1.000000e+00,0.000000e+00,0.000000e+00
7.800000e-01,9.900000e-01,0.0,1.000000e+00,0.000000e+00,0.000000e+00
7.900000e-01,9.900000e-01,0.0,1.000000e+00,0.000000e+00,0.000000e+00
8.000000e-01,9.900000e-01,0.0,1.000000e+00,0.000000e+00,0.000000e+00
8.100000e-01,9.900000e-01,0.0,1.000000e+00,0.000000e+00,0.000000e+00
8.200000e-01,9.900000e-01,0.0,1.000000e+00,0.000000e+00,0.000000e+00
8.300000e-01,9.900000e-01,0.0,1.000000e+00,0.000000e+00,0.000000e+00
8.400000e-01,9.900000e-01,0.0,1.000000e+00,0.000000e+00,0.000000e+00
8.500000e-01,9.900000e-01,0.0,1.000000e+00,0.000000e+00,0.000000e+00
8.600000e-01,9.900000e-01,0.0,1.000000e+00,0.000000e+00,0.000000e+00
8.700000e-01,9.900000e-01,0.0,1.000000e+00,0.000000e+00,0.000000e+00
8.800000e-01,9.900000e-01,0.0,1.000000e+00,0.000000e+00,0.000000e+00
8.900000e-01,9.900000e-01,0.0,1.000000e+00,0.000000e+00,0.000000e+00
9.000000e-01,9.900000e-01,0.0,1.000000e+00,0.000000e+00,0.000000e+00
9.100000e-01,9.900000e-01,0.0,1.000000e+00,0.000000e+00,0.000000e+00
9.200000e-01,9.900000e-01,0.0,1.000000e+00,0.000000e+00,0.000000e+00
9.300000e-01,9.900000e-01,0.0,1.000000e+00,0.000000e+00,0.000000e+00
9.400000e-01,9.900000e-01,0.0,1.000000e+00,0.000000e+00,0.000000e+00
9.500000e-01,9.900000e-01,0.0,1.000000e+00,0.000000e+00,0.000000e+00
9.600000e-01,9.900000e-01,0.0,1.000000e+00,0.000000e+00,0.000000e+00
9.700000e-01,9.900000e-01,0.0,1.000000e+00,0.000000e+00,0.000000e+00
9.800000e-01,9.900000e-01,0.0,1.000000e+00,0.000000e+00,0.000000e+00
9.900000e-01,9.900000e-01,0.0,1.000000e+00,0.000000e+00,0.000000e+00
1.000000e+00,9.900000e-01,0.0,1.000000e+00,0.000000e+00,0.000000e+00
0.000000e+00,1.000000e+00,0.0,1.000000e+00,0.000000e+00,0.000000e+00
1.000000e-02,1.000000e+00,0.0,1.000000e+00,0.000000e+00,0.000000e+00
2.000000e-02,1.000000e+00,0.0,1.000000e+00,0.000000e+00,0.000000e+00
3.000000e-02,1.000000e+00,0.0,1.000000e+00,0.000000e+00,0.000000e+00
4.000000e-02,1.000000e+00,0.0,1.000000e+00,0.000000e+00,0.000000e+00
5.000000e-02,1.000000e+00,0.0,1.000000e+00,0.000000e+00,0.000000e+00
6.000000e-02,1.000000e+00,0.0,1.000000e+00,0.000000e+00,0.000000e+00
7.000000e-02,1.000000e+00,0.0,1.000000e+00,0.000000e+00,0.000000e+00
8.000000e-02,1.000000e+00,0.0,1.000000e+00,0.000000e+00,0.000000e+00
9.000000e-02,1.000000e+00,0.0,1.000000e+00,0.000000e+00,0.000000e+00
1.000000e-01,1.000000e+00,0.0,1.000000e+00,0.000000e+00,0.000000e+00
1.100000e-01,1.000000e+00,0.0,1.000000e+00,0.000000e+00,0.000000e+00
1.200000e-01,1.000000e+00,0.0,1.000000e+00,0.000000e+00,0.000000e+00
1.300000e-01,1.000000e+00,0.0,1.000000e+00,0.000000e+00,0.000000e+00
1.400000e-01,1.000000e+00,0.0,1.000000e+00,0.000000e+00,0.000000e+00
1.500000e-01,1.000000e+00,0.0,1.000000e+00,0.000000e+00,0.000000e+00
1.600000e-01,1.000000e+00,0.0,1.000000e+00,0.000000e+00,0.000000e+00
1.700000e-01,1.000000e+00,0.0,1.000000e+00,0.000000e+00,0.000000e+00
1.800000e-01,1.000000e+00,0.0,1.000000e+00,0.000000e+00,0.000000e+00
1.900000e-01,1.000000e+00,0.0,1.000000e+00,0.000000e+00,0.000000e+00
2.000000e-01,1.000000e+00,0.0,1.000000e+00,0.000000e+00,0.000000e+00
2.100000e-01,1.000000e+00,0.0,1.000000e+00,0.000000e+00,0.000000e+00
2.200000e-01,1.000000e+00,0.0,1.000000e+00,0.000000e+00,0.000000e+00
2.300000e-01,1.000000e+00,0.0,1.000000e+00,0.000000e+00,0.000000e+00
2.400000e-01,1.000000e+00,0.0,1.000000e+00,0.000000e+00,0.000000e+00
2.500000e-01,1.000000e+00,0.0,1.000000e+00,0.000000e+00,0.000000e+00
2.600000e-01,1.000000e+00,0.0,1.000000e+00,0.000000e+00,0.000000e+00
2.700000e-01,1.000000e+00,0.0,1.000000e+00,0.000000e+00,0.000000e+00
2.800000e-01,1.000000e+00,0.0,1.000000e+00,0.000000e+00,0.000000e+00
2.900000e-01,1.000000e+00,0.0,1.000000e+00,0.000000e+00,0.000000e+00
3.000000e-01,1.000000e+00,0.0,1.000000e+00,0.000000e+00,0.000000e+00
3.100000e-01,1.000000e+00,0.0,1.000000e+00,0.000000e+00,0.000000e+00
3.200000e-01,1.000000e+00,0.0,1.000000e+00,0.000000e+00,0.000000e+00
3.300000e-01,1.000000e+00,0.0,1.000000e+00,0.000000e+00,0.000000e+00
3.400000e-01,1.000000e+00,0.0,1.000000e+00,0.000000e+00,0.000000e+00
3.500000e-01,1.000000e+00,0.0,1.000000e+00,0.000000e+00,0.000000e+00
3.600000e-01,1.000000e+00,0.0,1.000000e+00,0.000000e+00,0.000000e+00
3.700000e-01,1.000000e+00,0.0,1.000000e+00,0.000000e+00,0.000000e+00
3.800000e-01,1.000000e+00,0.0,1.000000e+00,0.000000e+00,0.000000e+00
3.900000e-01,1.000000e+00,0.0,1.000000e+00,0.000000e+00,0.000000e+00
4.000000e-01,1.000000e+00,0.0,1.000000e+00,0.000000e+00,0.000000e+00
4.100000e-01,1.000000e+00,0.0,1.000000e+00,0.000000e+00,0.000000e+00
4.200000e-01,1.000000e+00,0.0,1.000000e+00,0.000000e+00,0.000000e+00
4.300000e-01,1.000000e+00,0.0,1.000000e+00,0.000000e+00,0.000000e+00
4.400000e-01,1.000000e+00,0.0,1.000000e+00,0.000000e+00,0.000000e+00
4.500000e-01,1.000000e+00,0.0,1.000000e+00,0.000000e+00,0.000000e+00
4.600000e-01,1.000000e+00,0.0,1.000000e+00,0.000000e+00,0.000000e+00
4.700000e-01,1.000000e+00,0.0,1.000000e+00,0.000000e+00,0.000000e+00
4.800000e-01,1.000000e+00,0.0,1.000000e+00,0.000000e+00,0.000000e+00
4.900000e-01,1.000000e+00,0.0,1.000000e+00,0.000000e+00,0.000000e+00
5.000000e-01,1.000000e+00,0.0,1.000000e+00,0.000000e+00,0.000000e+00
5.100000e-01,1.000000e+00,0.0,1.000000e+00,0.000000e+00,0.000000e+00
5.200000e-01,1.000000e+00,0.0,1.000000e+00,0.000000e+00,0.000000e+00
5.300000e-01,1.000000e+00,0.0,1.000000e+00,0.000000e+00,0.000000e+00
5.400000e-01,1.000000e+00,0.0,1.000000e+00,0.000000e+00,0.000000e+00
5.500000e-01,1.000000e+00,0.0,1.000000e+00,0.000000e+00,0.000000e+00
5.600000e-01,1.000000e+00,0.0,1.000000e+00,0.000000e+00,0.000000e+00
5.700000e-01,1.000000e+00,0.0,1.000000e+00,0.000000e+00,0.000000e+00
5.800000e-01,1.000000e+00,0.0,1.000000e+00,0.000000e+00,0.000000e+00
5.900000e-01,1.000000e+00,0.0,1.000000e+00,0.000000e+00,0.000000e+00
6.000000e-01,1.000000e+00,0.0,1.000000e+00,0.000000e+00,0.000000e+00
6.100000e-01,1.000000e+00,0.0,1.000000e+00,0.000000e+00,0.000000e+00
6.200000e-01,1.000000e+00,0.0,1.000000e+00,0.000000e+00,0.000000e+00
6.300000e-01,1.000000e+00,0.0,1.000000e+00,0.000000e+00,0.000000e+00
6.400000e-01,1.000000e+00,0.0,1.000000e+00,0.000000e+00,0.000000e+00
6.500000e-01,1.000000e+00,0.0,1.000000e+00,0.000000e+00,0.000000e+00
6.600000e-01,1.000000e+00,0.0,1.000000e+00,0.000000e+00,0.000000e+00
6.700000e-01,1.000000e+00,0.0,1.000000e+00,0.000000e+00,0.000000e+00
6.800000e-01,1.000000e+00,0.0,1.000000e+00,0.000000e+00,0.000000e+00
6.900000e-01,1.000000e+00,0.0,1.000000e+00,0.000000e+00,0.000000e+00
7.000000e-01,1.000000e+00,0.0,1.000000e+00,0.000000e+00,0.000000e+00
7.100000e-01,1.000000e+00,0.0,1.000000e+00,0.000000e+00,0.000000e+00
7.200000e-01,1.000000e+00,0.0,1.000000e+00,0.000000e+00,0.000000e+00
7.300000e-01,1.000000e+00,0.0,1.000000e+00,0.000000e+00,0.000000e+00
7.400000e-01,1.000000e+00,0.0,1.000000e+00,0.000000e+00,0.000000e+00
7.500000e-01,1.000000e+00,0.0,1.000000e+00,0.000000e+00,0.000000e+00
7.600000e-01,1.000000e+00,0.0,1.000000e+00,0.000000e+00,0.000000e+00
7.700000e-01,1.000000e+00,0.0,1.000000e+00,0.000000e+00,0.000000e+00
7.800000e-01,1.000000e+00,0.0,1.000000e+00,0.000000e+00,0.000000e+00
7.900000e-01,1.000000e+00,0.0,1.000000e+00,0.000000e+00,0.000000e+00
8.000000e-01,1.000000e+00,0.0,1.000000e+00,0.000000e+00,0.000000e+00
8.100000e-01,1.000000e+00,0.0,1.000000e+00,0.000000e+00,0.000000e+00
8.200000e-01,1.000000e+00,0.0,1.000000e+00,0.000000e+00,0.000000e+00
8.300000e-01,1.000000e+00,0.0,1.000000e+00,0.000000e+00,0.000000e+00
8.400000e-01,1.000000e+00,0.0,1.000000e+00,0.000000e+00,0.000000e+00
8.500000e-01,1.000000e+00,0.0,1.000000e+00,0.000000e+00,0.000000e+00
8.600000e-01,1.000000e+00,0.0,1.000000e+00,0.000000e+00,0.000000e+00
8.700000e-01,1.000000e+00,0.0,1.000000e+00,0.000000e+00,0.000000e+00
8.800000e-01,1.000000e+00,0.0,1.000000e+00,0.000000e+00,0.000000e+00
8.900000e-01,1.000000e+00,0.0,1.000000e+00,0.000000e+00,0.000000e+00
9.000000e-01,1.000000e+00,0.0,1.000000e+00,0.000000e+00,0.000000e+00
9.100000e-01,1.000000e+00,0.0,1.000000e+00,0.000000e+00,0.000000e+00
9.200000e-01,1.000000e+00,0.0,1.000000e+00,0.000000e+00,0.000000e+00
9.300000e-01,1.000000e+00,0.0,1.000000e+00,0.000000e+00,0.000000e+00
9.400000e-01,1.000000e+00,0.0,1.000000e+00,0.000000e+00,0.000000e+00
9.500000e-01,1.000000e+00,0.0,1.000000e+00,0.000000e+00,0.000000e+00
9.600000e-01,1.000000e+00,0.0,1.000000e+00,0.000000e+00,0.000000e+00
9.700000e-01,1.000000e+00,0.0,1.000000e+00,0.000000e+00,0.000000e+00
9.800000e-01,1.000000e+00,0.0,1.000000e+00,0.000000e+00,0.000000e+00
9.900000e-01,1.000000e+00,0.0,1.000000e+00,0.000000e+00,0.000000e+00
1.000000e+00,1.000000e+00,0.0,1.000000e+00,0.000000e+00,0.000000e+00
