Coordinate_x[m],Coordinate_y[m],Coordinate_z[m],Conservative_1[m],Conservative_2[m^2/2],Conservative_3[m^2/s], 
0.000000e+00,0.000000e+00,0.0,9.854624e-01,-1.607527e-04,-1.607527e-04
1.000000e-02,0.000000e+00,0.0,9.851857e-01,-2.534036e-03,-2.461331e-05
2.000000e-02,0.000000e+00,0.0,9.848892e-01,-5.761666e-03,-7.297881e-05
3.000000e-02,0.000000e+00,0.0,9.838480e-01,-9.675996e-03,-8.598511e-05
4.000000e-02,0.000000e+00,0.0,9.820050e-01,-1.562468e-02,-1.368607e-04
5.000000e-02,0.000000e+00,0.0,9.793405e-01,-2.332518e-02,-2.188468e-04
6.000000e-02,0.000000e+00,0.0,9.763227e-01,-3.181984e-02,-2.336591e-04
7.000000e-02,0.000000e+00,0.0,9.735794e-01,-3.964188e-02,-1.843495e-04
8.000000e-02,0.000000e+00,0.0,9.715826e-01,-4.548751e-02,-2.303328e-04
9.000000e-02,0.000000e+00,0.0,9.706487e-01,-4.863621e-02,-3.409222e-04
1.000000e-01,0.000000e+00,0.0,9.707340e-01,-4.930586e-02,-1.788013e-04
1.100000e-01,0.000000e+00,0.0,9.721351e-01,-4.687523e-02,-1.475936e-05
1.200000e-01,0.000000e+00,0.0,9.754014e-01,-3.946441e-02,2.272524e-05
1.300000e-01,0.000000e+00,0.0,9.804459e-01,-2.728778e-02,7.277840e-05
1.400000e-01,0.000000e+00,0.0,9.874916e-01,-9.774888e-03,2.411413e-04
1.500000e-01,0.000000e+00,0.0,9.967834e-01,1.401556e-02,4.676853e-04
1.600000e-01,0.000000e+00,0.0,1.007898e+00,4.339211e-02,5.869679e-04
1.700000e-01,0.000000e+00,0.0,1.019456e+00,7.497619e-02,4.548411e-04
1.800000e-01,0.000000e+00,0.0,1.029763e+00,1.039360e-01,8.416409e-05
1.900000e-01,0.000000e+00,0.0,1.037635e+00,1.264666e-01,-1.727446e-04
2.000000e-01,0.000000e+00,0.0,1.042611e+00,1.404295e-01,3.316243e-04
2.100000e-01,0.000000e+00,0.0,1.044363e+00,1.442930e-01,4.044872e-04
2.200000e-01,0.000000e+00,0.0,1.042548e+00,1.388700e-01,-1.597323e-04
2.300000e-01,0.000000e+00,0.0,1.033477e+00,1.122506e-01,-9.695777e-04
2.400000e-01,0.000000e+00,0.0,1.018193e+00,6.710931e-02,-3.973828e-04
2.500000e-01,0.000000e+00,0.0,1.005232e+00,2.785833e-02,3.737918e-04
2.600000e-01,0.000000e+00,0.0,9.986480e-01,7.168570e-03,3.568396e-04
2.700000e-01,0.000000e+00,0.0,9.962953e-01,-6.810857e-04,1.486997e-04
2.800000e-01,0.000000e+00,0.0,9.956039e-01,-3.258760e-03,4.233838e-05
2.900000e-01,0.000000e+00,0.0,9.954114e-01,-4.179774e-03,8.103068e-06
3.000000e-01,0.000000e+00,0.0,9.953457e-01,-4.642992e-03,-4.881223e-06
3.100000e-01,0.000000e+00,0.0,9.952908e-01,-5.013313e-03,-1.417250e-05
3.200000e-01,0.000000e+00,0.0,9.951996e-01,-5.427647e-03,-2.292711e-05
3.300000e-01,0.000000e+00,0.0,9.950531e-01,-5.936813e-03,-2.885281e-05
3.400000e-01,0.000000e+00,0.0,9.948549e-01,-6.531963e-03,-3.173367e-05
3.500000e-01,0.000000e+00,0.0,9.946151e-01,-7.182318e-03,-3.689900e-05
3.600000e-01,0.000000e+00,0.0,9.943380e-01,-7.886798e-03,-3.961176e-05
3.700000e-01,0.000000e+00,0.0,9.940234e-01,-8.654580e-03,-4.248192e-05
3.800000e-01,0.000000e+00,0.0,9.936642e-01,-9.507471e-03,-4.723003e-05
3.900000e-01,0.000000e+00,0.0,9.932493e-01,-1.048196e-02,-4.620057e-05
4.000000e-01,0.000000e+00,0.0,9.927733e-01,-1.161184e-02,-3.209007e-05
4.100000e-01,0.000000e+00,0.0,9.922022e-01,-1.298216e-02,-5.273346e-06
4.200000e-01,0.000000e+00,0.0,9.914274e-01,-1.485312e-02,2.717957e-05
4.300000e-01,0.000000e+00,0.0,9.902112e-01,-1.778385e-02,2.813340e-05
4.400000e-01,0.000000e+00,0.0,9.882320e-01,-2.255634e-02,-3.494778e-05
4.500000e-01,0.000000e+00,0.0,9.853415e-01,-2.954156e-02,-1.281646e-04
4.600000e-01,0.000000e+00,0.0,9.818762e-01,-3.790915e-02,-1.798779e-04
4.700000e-01,0.000000e+00,0.0,9.785973e-01,-4.579649e-02,-2.084874e-04
4.800000e-01,0.000000e+00,0.0,9.762014e-01,-5.145012e-02,-2.889415e-04
4.900000e-01,0.000000e+00,0.0,9.750029e-01,-5.419761e-02,-3.443238e-04
5.000000e-01,0.000000e+00,0.0,9.748449e-01,-5.445909e-02,-1.858733e-04
5.100000e-01,0.000000e+00,0.0,9.759065e-01,-5.208081e-02,-2.284065e-05
5.200000e-01,0.000000e+00,0.0,9.787833e-01,-4.497214e-02,4.460385e-05
5.300000e-01,0.000000e+00,0.0,9.834345e-01,-3.312665e-02,7.772860e-05
5.400000e-01,0.000000e+00,0.0,9.901327e-01,-1.584800e-02,2.272807e-04
5.500000e-01,0.000000e+00,0.0,9.992647e-01,8.134211e-03,4.528180e-04
5.600000e-01,0.000000e+00,0.0,1.010552e+00,3.850980e-02,6.063867e-04
5.700000e-01,0.000000e+00,0.0,1.022577e+00,7.187317e-02,5.096247e-04
5.800000e-01,0.000000e+00,0.0,1.033376e+00,1.027204e-01,1.300118e-04
5.900000e-01,0.000000e+00,0.0,1.041543e+00,1.266129e-01,-2.062909e-04
6.000000e-01,0.000000e+00,0.0,1.046737e+00,1.415640e-01,2.601526e-04
6.100000e-01,0.000000e+00,0.0,1.048750e+00,1.464067e-01,4.657273e-04
6.200000e-01,0.000000e+00,0.0,1.047315e+00,1.421776e-01,-1.147714e-04
6.300000e-01,0.000000e+00,0.0,1.038812e+00,1.174717e-01,-9.327227e-04
6.400000e-01,0.000000e+00,0.0,1.023404e+00,7.223870e-02,-5.337839e-04
6.500000e-01,0.000000e+00,0.0,1.009811e+00,3.129851e-02,3.362116e-04
6.600000e-01,0.000000e+00,0.0,1.003003e+00,1.001145e-02,3.987964e-04
6.700000e-01,0.000000e+00,0.0,1.000755e+00,2.607654e-03,1.744153e-04
6.800000e-01,0.000000e+00,0.0,1.000174e+00,6.156435e-04,5.135271e-05
6.900000e-01,0.000000e+00,0.0,1.000040e+00,1.443755e-04,1.259429e-05
7.000000e-01,0.000000e+00,0.0,1.000010e+00,3.613045e-05,2.926906e-06
7.100000e-01,0.000000e+00,0.0,1.000003e+00,9.882626e-06,7.129510e-07
7.200000e-01,0.000000e+00,0.0,1.000001e+00,2.849184e-06,1.920127e-07
7.300000e-01,0.000000e+00,0.0,1.000000e+00,8.270878e-07,5.387988e-08
7.400000e-01,0.000000e+00,0.0,1.000000e+00,2.454561e-07,1.360444e-08
7.500000e-01,0.000000e+00,0.0,1.000000e+00,8.378530e-08,2.976286e-09
7.600000e-01,0.000000e+00,0.0,1.000000e+00,3.830027e-08,5.802049e-10
7.700000e-01,0.000000e+00,0.0,1.000000e+00,2.299697e-08,6.793163e-11
7.800000e-01,0.000000e+00,0.0,1.000000e+00,1.564916e-08,-3.183567e-11
7.900000e-01,0.000000e+00,0.0,1.000000e+00,1.099710e-08,-4.318225e-11
8.000000e-01,0.000000e+00,0.0,1.000000e+00,7.731890e-09,-3.716134e-11
8.100000e-01,0.000000e+00,0.0,1.000000e+00,5.388255e-09,-2.897604e-11
8.200000e-01,0.000000e+00,0.0,1.000000e+00,3.708898e-09,-2.171216e-11
8.300000e-01,0.000000e+00,0.0,1.000000e+00,2.516576e-09,-1.585380e-11
8.400000e-01,0.000000e+00,0.0,1.000000e+00,1.680696e-09,-1.132008e-11
8.500000e-01,0.000000e+00,0.0,1.000000e+00,1.103404e-09,-7.909597e-12
8.600000e-01,0.000000e+00,0.0,1.000000e+00,7.113467e-10,-5.407759e-12
8.700000e-01,0.000000e+00,0.0,1.000000e+00,4.499231e-10,-3.615989e-12
8.800000e-01,0.000000e+00,0.0,1.000000e+00,2.789878e-10,-2.364367e-12
8.900000e-01,0.000000e+00,0.0,1.000000e+00,1.694984e-10,-1.511529e-12
9.000000e-01,0.000000e+00,0.0,1.000000e+00,1.008508e-10,-9.442325e-13
9.100000e-01,0.000000e+00,0.0,1.000000e+00,5.874595e-11,-5.767065e-13
9.200000e-01,0.000000e+00,0.0,1.000000e+00,3.349270e-11,-3.440554e-13
9.300000e-01,0.000000e+00,0.0,1.000000e+00,1.868576e-11,-2.006359e-13
9.400000e-01,0.000000e+00,0.0,1.000000e+00,1.019964e-11,-1.144328e-13
9.500000e-01,0.000000e+00,0.0,1.000000e+00,5.445292e-12,-6.359779e-14
9.600000e-01,0.000000e+00,0.0,1.000000e+00,2.840439e-12,-3.482736e-14
9.700000e-01,0.000000e+00,0.0,1.000000e+00,1.440817e-12,-1.849528e-14
9.800000e-01,0.000000e+00,0.0,1.000000e+00,6.947990e-13,-9.950675e-15
9.900000e-01,0.000000e+00,0.0,1.000000e+00,2.830481e-13,-5.732454e-15
1.000000e+00,0.000000e+00,0.0,1.000000e+00,5.689190e-14,-5.191656e-15
0.000000e+00,1.000000e-02,0.0,9.851857e-01,-2.461331e-05,-2.534036e-03
1.000000e-02,1.000000e-02,0.0,9.848357e-01,-2.681526e-03,-2.681526e-03
2.000000e-02,1.000000e-02,0.0,9.844609e-01,-6.713601e-03,-3.513358e-03
3.000000e-02,1.000000e-02,0.0,9.833106e-01,-1.134223e-02,-4.247177e-03
4.000000e-02,1.000000e-02,0.0,9.813883e-01,-1.779724e-02,-5.085504e-03
5.000000e-02,1.000000e-02,0.0,9.787436e-01,-2.581880e-02,-5.566666e-03
6.000000e-02,1.000000e-02,0.0,9.757902e-01,-3.429674e-02,-5.374698e-03
7.000000e-02,1.000000e-02,0.0,9.731025e-01,-4.196401e-02,-4.703626e-03
8.000000e-02,1.000000e-02,0.0,9.712831e-01,-4.711652e-02,-3.506930e-03
9.000000e-02,1.000000e-02,0.0,9.707547e-01,-4.912480e-02,-1.813031e-03
1.000000e-01,1.000000e-02,0.0,9.709722e-01,-4.943097e-02,-1.479263e-04
1.100000e-01,1.000000e-02,0.0,9.723787e-01,-4.673833e-02,1.352435e-03
1.200000e-01,1.000000e-02,0.0,9.757855e-01,-3.856632e-02,2.835273e-03
1.300000e-01,1.000000e-02,0.0,9.810609e-01,-2.534187e-02,4.623604e-03
1.400000e-01,1.000000e-02,0.0,9.882175e-01,-6.940886e-03,6.556111e-03
1.500000e-01,1.000000e-02,0.0,9.974719e-01,1.747012e-02,7.952434e-03
1.600000e-01,1.000000e-02,0.0,1.008449e+00,4.722922e-02,8.182173e-03
1.700000e-01,1.000000e-02,0.0,1.019956e+00,7.911640e-02,7.291332e-03
1.800000e-01,1.000000e-02,0.0,1.030453e+00,1.085251e-01,6.244587e-03
1.900000e-01,1.000000e-02,0.0,1.038604e+00,1.310208e-01,5.566873e-03
2.000000e-01,1.000000e-02,0.0,1.042982e+00,1.420277e-01,3.636373e-03
2.100000e-01,1.000000e-02,0.0,1.043822e+00,1.429293e-01,1.365036e-04
2.200000e-01,1.000000e-02,0.0,1.042026e+00,1.366945e-01,-4.074453e-03
2.300000e-01,1.000000e-02,0.0,1.033309e+00,1.092166e-01,-7.154956e-03
2.400000e-01,1.000000e-02,0.0,1.017991e+00,6.242470e-02,-6.103303e-03
2.500000e-01,1.000000e-02,0.0,1.004468e+00,2.268582e-02,-3.257865e-03
2.600000e-01,1.000000e-02,0.0,9.980217e-01,4.337025e-03,-1.242480e-03
2.700000e-01,1.000000e-02,0.0,9.960076e-01,-1.348746e-03,-5.290431e-04
2.800000e-01,1.000000e-02,0.0,9.954819e-01,-3.016308e-03,-3.947830e-04
2.900000e-01,1.000000e-02,0.0,9.953400e-01,-3.668177e-03,-3.987033e-04
3.000000e-01,1.000000e-02,0.0,9.952843e-01,-4.079399e-03,-4.492749e-04
3.100000e-01,1.000000e-02,0.0,9.952287e-01,-4.473017e-03,-5.250669e-04
3.200000e-01,1.000000e-02,0.0,9.951348e-01,-4.946602e-03,-6.083872e-04
3.300000e-01,1.000000e-02,0.0,9.949842e-01,-5.535806e-03,-6.845258e-04
3.400000e-01,1.000000e-02,0.0,9.947806e-01,-6.231475e-03,-7.520023e-04
3.500000e-01,1.000000e-02,0.0,9.945362e-01,-7.012584e-03,-8.211295e-04
3.600000e-01,1.000000e-02,0.0,9.942517e-01,-7.844330e-03,-8.936813e-04
3.700000e-01,1.000000e-02,0.0,9.939288e-01,-8.746151e-03,-9.720145e-04
3.800000e-01,1.000000e-02,0.0,9.935616e-01,-9.730452e-03,-1.058954e-03
3.900000e-01,1.000000e-02,0.0,9.931365e-01,-1.083611e-02,-1.140711e-03
4.000000e-01,1.000000e-02,0.0,9.926322e-01,-1.212758e-02,-1.261391e-03
4.100000e-01,1.000000e-02,0.0,9.919993e-01,-1.373298e-02,-1.524462e-03
4.200000e-01,1.000000e-02,0.0,9.911089e-01,-1.595165e-02,-2.058980e-03
4.300000e-01,1.000000e-02,0.0,9.897475e-01,-1.932246e-02,-2.972524e-03
4.400000e-01,1.000000e-02,0.0,9.876539e-01,-2.449697e-02,-4.106905e-03
4.500000e-01,1.000000e-02,0.0,9.847297e-01,-3.169539e-02,-5.006614e-03
4.600000e-01,1.000000e-02,0.0,9.813017e-01,-4.003244e-02,-5.218505e-03
4.700000e-01,1.000000e-02,0.0,9.781404e-01,-4.756708e-02,-4.580741e-03
4.800000e-01,1.000000e-02,0.0,9.760233e-01,-5.238531e-02,-3.144101e-03
4.900000e-01,1.000000e-02,0.0,9.751718e-01,-5.415228e-02,-1.483969e-03
5.000000e-01,1.000000e-02,0.0,9.751328e-01,-5.409730e-02,1.541957e-04
5.100000e-01,1.000000e-02,0.0,9.762017e-01,-5.152956e-02,1.623751e-03
5.200000e-01,1.000000e-02,0.0,9.791785e-01,-4.375917e-02,3.057989e-03
5.300000e-01,1.000000e-02,0.0,9.840593e-01,-3.088115e-02,4.781845e-03
5.400000e-01,1.000000e-02,0.0,9.909069e-01,-1.263148e-02,6.807581e-03
5.500000e-01,1.000000e-02,0.0,1.000044e+00,1.205561e-02,8.455530e-03
5.600000e-01,1.000000e-02,0.0,1.011200e+00,4.282149e-02,8.939783e-03
5.700000e-01,1.000000e-02,0.0,1.023139e+00,7.637877e-02,8.099902e-03
5.800000e-01,1.000000e-02,0.0,1.034099e+00,1.075337e-01,6.884783e-03
5.900000e-01,1.000000e-02,0.0,1.042615e+00,1.314563e-01,6.223259e-03
6.000000e-01,1.000000e-02,0.0,1.047321e+00,1.434887e-01,4.586717e-03
6.100000e-01,1.000000e-02,0.0,1.048320e+00,1.449729e-01,1.049541e-03
6.200000e-01,1.000000e-02,0.0,1.046826e+00,1.397005e-01,-3.297915e-03
6.300000e-01,1.000000e-02,0.0,1.038643e+00,1.141292e-01,-6.657744e-03
6.400000e-01,1.000000e-02,0.0,1.023358e+00,6.730214e-02,-5.904996e-03
6.500000e-01,1.000000e-02,0.0,1.009223e+00,2.574667e-02,-2.589621e-03
6.600000e-01,1.000000e-02,0.0,1.002449e+00,6.625678e-03,-5.150180e-04
6.700000e-01,1.000000e-02,0.0,1.000504e+00,1.341845e-03,-2.479735e-05
6.800000e-01,1.000000e-02,0.0,1.000098e+00,2.598222e-04,1.459864e-05
6.900000e-01,1.000000e-02,0.0,1.000021e+00,5.771997e-05,6.218307e-06
7.000000e-01,1.000000e-02,0.0,1.000006e+00,1.579571e-05,1.849490e-06
7.100000e-01,1.000000e-02,0.0,1.000002e+00,4.850401e-06,4.266816e-07
7.200000e-01,1.000000e-02,0.0,1.000001e+00,1.470773e-06,9.554008e-08
7.300000e-01,1.000000e-02,0.0,1.000000e+00,4.260010e-07,2.649885e-08
7.400000e-01,1.000000e-02,0.0,1.000000e+00,1.323487e-07,7.602205e-09
7.500000e-01,1.000000e-02,0.0,1.000000e+00,5.428089e-08,1.586236e-09
7.600000e-01,1.000000e-02,0.0,1.000000e+00,3.096308e-08,-7.425742e-11
7.700000e-01,1.000000e-02,0.0,1.000000e+00,2.106140e-08,-4.184030e-10
7.800000e-01,1.000000e-02,0.0,1.000000e+00,1.502459e-08,-4.090326e-10
7.900000e-01,1.000000e-02,0.0,1.000000e+00,1.073757e-08,-3.277629e-10
8.000000e-01,1.000000e-02,0.0,1.000000e+00,7.604152e-09,-2.470475e-10
8.100000e-01,1.000000e-02,0.0,1.000000e+00,5.321343e-09,-1.812175e-10
8.200000e-01,1.000000e-02,0.0,1.000000e+00,3.673979e-09,-1.305104e-10
8.300000e-01,1.000000e-02,0.0,1.000000e+00,2.499117e-09,-9.243452e-11
8.400000e-01,1.000000e-02,0.0,1.000000e+00,1.672651e-09,-6.435798e-11
8.500000e-01,1.000000e-02,0.0,1.000000e+00,1.100235e-09,-4.400957e-11
8.600000e-01,1.000000e-02,0.0,1.000000e+00,7.105350e-10,-2.952912e-11
8.700000e-01,1.000000e-02,0.0,1.000000e+00,4.501247e-10,-1.942325e-11
8.800000e-01,1.000000e-02,0.0,1.000000e+00,2.795262e-10,-1.251474e-11
8.900000e-01,1.000000e-02,0.0,1.000000e+00,1.700639e-10,-7.894155e-12
9.000000e-01,1.000000e-02,0.0,1.000000e+00,1.013248e-10,-4.872356e-12
9.100000e-01,1.000000e-02,0.0,1.000000e+00,5.910097e-11,-2.941313e-12
9.200000e-01,1.000000e-02,0.0,1.000000e+00,3.374044e-11,-1.736697e-12
9.300000e-01,1.000000e-02,0.0,1.000000e+00,1.884960e-11,-1.002579e-12
9.400000e-01,1.000000e-02,0.0,1.000000e+00,1.030372e-11,-5.656776e-13
9.500000e-01,1.000000e-02,0.0,1.000000e+00,5.509225e-12,-3.120890e-13
9.600000e-01,1.000000e-02,0.0,1.000000e+00,2.878164e-12,-1.686429e-13
9.700000e-01,1.000000e-02,0.0,1.000000e+00,1.462113e-12,-8.951294e-14
9.800000e-01,1.000000e-02,0.0,1.000000e+00,7.060953e-13,-4.778502e-14
9.900000e-01,1.000000e-02,0.0,1.000000e+00,2.881283e-13,-2.789375e-14
1.000000e+00,1.000000e-02,0.0,1.000000e+00,5.775718e-14,-2.432621e-14
0.000000e+00,2.000000e-02,0.0,9.848892e-01,-7.297881e-05,-5.761666e-03
1.000000e-02,2.000000e-02,0.0,9.844609e-01,-3.513358e-03,-6.713601e-03
2.000000e-02,2.000000e-02,0.0,9.838961e-01,-8.218730e-03,-8.218730e-03
3.000000e-02,2.000000e-02,0.0,9.826008e-01,-1.316312e-02,-9.841882e-03
4.000000e-02,2.000000e-02,0.0,9.807755e-01,-1.924410e-02,-1.177532e-02
5.000000e-02,2.000000e-02,0.0,9.785195e-01,-2.623271e-02,-1.302641e-02
6.000000e-02,2.000000e-02,0.0,9.760901e-01,-3.349923e-02,-1.294396e-02
7.000000e-02,2.000000e-02,0.0,9.739542e-01,-3.993222e-02,-1.134834e-02
8.000000e-02,2.000000e-02,0.0,9.726113e-01,-4.438991e-02,-8.339658e-03
9.000000e-02,2.000000e-02,0.0,9.720703e-01,-4.652551e-02,-5.035263e-03
1.000000e-01,2.000000e-02,0.0,9.722629e-01,-4.704729e-02,-1.407647e-03
1.100000e-01,2.000000e-02,0.0,9.735000e-01,-4.489291e-02,2.440349e-03
1.200000e-01,2.000000e-02,0.0,9.767906e-01,-3.716059e-02,6.172605e-03
1.300000e-01,2.000000e-02,0.0,9.822001e-01,-2.364672e-02,1.000011e-02
1.400000e-01,2.000000e-02,0.0,9.893107e-01,-5.353081e-03,1.429013e-02
1.500000e-01,2.000000e-02,0.0,9.980037e-01,1.750958e-02,1.784212e-02
1.600000e-01,2.000000e-02,0.0,1.008127e+00,4.488340e-02,1.941905e-02
1.700000e-01,2.000000e-02,0.0,1.019124e+00,7.531191e-02,1.886752e-02
1.800000e-01,2.000000e-02,0.0,1.029625e+00,1.048098e-01,1.741547e-02
1.900000e-01,2.000000e-02,0.0,1.037346e+00,1.262788e-01,1.458292e-02
2.000000e-01,2.000000e-02,0.0,1.040881e+00,1.353323e-01,9.478775e-03
2.100000e-01,2.000000e-02,0.0,1.041362e+00,1.356976e-01,2.326636e-03
2.200000e-01,2.000000e-02,0.0,1.039485e+00,1.295424e-01,-6.046652e-03
2.300000e-01,2.000000e-02,0.0,1.031721e+00,1.055493e-01,-1.347935e-02
2.400000e-01,2.000000e-02,0.0,1.018772e+00,6.582370e-02,-1.601328e-02
2.500000e-01,2.000000e-02,0.0,1.006704e+00,2.985885e-02,-1.097512e-02
2.600000e-01,2.000000e-02,0.0,9.994594e-01,9.119740e-03,-5.135189e-03
2.700000e-01,2.000000e-02,0.0,9.964970e-01,6.963134e-04,-2.255682e-03
2.800000e-01,2.000000e-02,0.0,9.955956e-01,-2.004343e-03,-1.305403e-03
2.900000e-01,2.000000e-02,0.0,9.953496e-01,-2.944946e-03,-1.102635e-03
3.000000e-01,2.000000e-02,0.0,9.952583e-01,-3.439851e-03,-1.137117e-03
3.100000e-01,2.000000e-02,0.0,9.951874e-01,-3.854995e-03,-1.265600e-03
3.200000e-01,2.000000e-02,0.0,9.950898e-01,-4.316430e-03,-1.430922e-03
3.300000e-01,2.000000e-02,0.0,9.949457e-01,-4.878926e-03,-1.605339e-03
3.400000e-01,2.000000e-02,0.0,9.947497e-01,-5.559791e-03,-1.769456e-03
3.500000e-01,2.000000e-02,0.0,9.945080e-01,-6.345361e-03,-1.929674e-03
3.600000e-01,2.000000e-02,0.0,9.942251e-01,-7.205633e-03,-2.103225e-03
3.700000e-01,2.000000e-02,0.0,9.939021e-01,-8.142517e-03,-2.293515e-03
3.800000e-01,2.000000e-02,0.0,9.935301e-01,-9.173249e-03,-2.507501e-03
3.900000e-01,2.000000e-02,0.0,9.930905e-01,-1.035251e-02,-2.768275e-03
4.000000e-01,2.000000e-02,0.0,9.925247e-01,-1.182046e-02,-3.142146e-03
4.100000e-01,2.000000e-02,0.0,9.917438e-01,-1.379502e-02,-3.833372e-03
4.200000e-01,2.000000e-02,0.0,9.906171e-01,-1.658723e-02,-5.094133e-03
4.300000e-01,2.000000e-02,0.0,9.890034e-01,-2.054429e-02,-7.096166e-03
4.400000e-01,2.000000e-02,0.0,9.868454e-01,-2.579691e-02,-9.589520e-03
4.500000e-01,2.000000e-02,0.0,9.842606e-01,-3.208865e-02,-1.170340e-02
4.600000e-01,2.000000e-02,0.0,9.815605e-01,-3.870566e-02,-1.219556e-02
4.700000e-01,2.000000e-02,0.0,9.791957e-01,-4.458857e-02,-1.049180e-02
4.800000e-01,2.000000e-02,0.0,9.774409e-01,-4.894070e-02,-7.620592e-03
4.900000e-01,2.000000e-02,0.0,9.765366e-01,-5.099181e-02,-4.320171e-03
5.000000e-01,2.000000e-02,0.0,9.764572e-01,-5.116277e-02,-5.995608e-04
5.100000e-01,2.000000e-02,0.0,9.772711e-01,-4.926431e-02,3.188257e-03
5.200000e-01,2.000000e-02,0.0,9.801291e-01,-4.193185e-02,6.657439e-03
5.300000e-01,2.000000e-02,0.0,9.852159e-01,-2.854370e-02,1.043409e-02
5.400000e-01,2.000000e-02,0.0,9.921267e-01,-1.014917e-02,1.493578e-02
5.500000e-01,2.000000e-02,0.0,1.000770e+00,1.313487e-02,1.900309e-02
5.600000e-01,2.000000e-02,0.0,1.011012e+00,4.130666e-02,2.113865e-02
5.700000e-01,2.000000e-02,0.0,1.022265e+00,7.288770e-02,2.086479e-02
5.800000e-01,2.000000e-02,0.0,1.033201e+00,1.039465e-01,1.940153e-02
5.900000e-01,2.000000e-02,0.0,1.041461e+00,1.269979e-01,1.685281e-02
6.000000e-01,2.000000e-02,0.0,1.045232e+00,1.369206e-01,1.166436e-02
6.100000e-01,2.000000e-02,0.0,1.045836e+00,1.374917e-01,4.648738e-03
6.200000e-01,2.000000e-02,0.0,1.044224e+00,1.321097e-01,-3.795182e-03
6.300000e-01,2.000000e-02,0.0,1.036935e+00,1.093690e-01,-1.189982e-02
6.400000e-01,2.000000e-02,0.0,1.024119e+00,6.998982e-02,-1.501605e-02
6.500000e-01,2.000000e-02,0.0,1.011593e+00,3.271168e-02,-1.005628e-02
6.600000e-01,2.000000e-02,0.0,1.003878e+00,1.073727e-02,-3.733260e-03
6.700000e-01,2.000000e-02,0.0,1.000904e+00,2.487464e-03,-8.126965e-04
6.800000e-01,2.000000e-02,0.0,1.000165e+00,4.556696e-04,-1.208103e-04
6.900000e-01,2.000000e-02,0.0,1.000030e+00,8.245887e-05,-1.532693e-05
7.000000e-01,2.000000e-02,0.0,1.000007e+00,1.840499e-05,-2.683614e-06
7.100000e-01,2.000000e-02,0.0,1.000002e+00,5.258037e-06,-7.389595e-07
7.200000e-01,2.000000e-02,0.0,1.000001e+00,1.657624e-06,-2.496614e-07
7.300000e-01,2.000000e-02,0.0,1.000000e+00,5.023842e-07,-7.539834e-08
7.400000e-01,2.000000e-02,0.0,1.000000e+00,1.514133e-07,-1.971801e-08
7.500000e-01,2.000000e-02,0.0,1.000000e+00,5.740625e-08,-5.629423e-09
7.600000e-01,2.000000e-02,0.0,1.000000e+00,3.141819e-08,-2.294408e-09
7.700000e-01,2.000000e-02,0.0,1.000000e+00,2.126389e-08,-1.385737e-09
7.800000e-01,2.000000e-02,0.0,1.000000e+00,1.522282e-08,-9.882162e-10
7.900000e-01,2.000000e-02,0.0,1.000000e+00,1.091527e-08,-7.229068e-10
8.000000e-01,2.000000e-02,0.0,1.000000e+00,7.748216e-09,-5.255440e-10
8.100000e-01,2.000000e-02,0.0,1.000000e+00,5.432554e-09,-3.780329e-10
8.200000e-01,2.000000e-02,0.0,1.000000e+00,3.757701e-09,-2.687059e-10
8.300000e-01,2.000000e-02,0.0,1.000000e+00,2.561087e-09,-1.884658e-10
8.400000e-01,2.000000e-02,0.0,1.000000e+00,1.717833e-09,-1.302369e-10
8.500000e-01,2.000000e-02,0.0,1.000000e+00,1.132665e-09,-8.854228e-11
8.600000e-01,2.000000e-02,0.0,1.000000e+00,7.334206e-10,-5.914425e-11
8.700000e-01,2.000000e-02,0.0,1.000000e+00,4.659801e-10,-3.877367e-11
8.800000e-01,2.000000e-02,0.0,1.000000e+00,2.902962e-10,-2.492280e-11
8.900000e-01,2.000000e-02,0.0,1.000000e+00,1.772280e-10,-1.569521e-11
9.000000e-01,2.000000e-02,0.0,1.000000e+00,1.059872e-10,-9.677535e-12
9.100000e-01,2.000000e-02,0.0,1.000000e+00,6.206734e-11,-5.839333e-12
9.200000e-01,2.000000e-02,0.0,1.000000e+00,3.558431e-11,-3.447123e-12
9.300000e-01,2.000000e-02,0.0,1.000000e+00,1.996943e-11,-1.989912e-12
9.400000e-01,2.000000e-02,0.0,1.000000e+00,1.096751e-11,-1.123300e-12
9.500000e-01,2.000000e-02,0.0,1.000000e+00,5.893232e-12,-6.201231e-13
9.600000e-01,2.000000e-02,0.0,1.000000e+00,3.094576e-12,-3.353936e-13
9.700000e-01,2.000000e-02,0.0,1.000000e+00,1.580159e-12,-1.786474e-13
9.800000e-01,2.000000e-02,0.0,1.000000e+00,7.667951e-13,-9.567816e-14
9.900000e-01,2.000000e-02,0.0,1.000000e+00,3.140738e-13,-5.578697e-14
1.000000e+00,2.000000e-02,0.0,1.000000e+00,6.262435e-14,-4.870591e-14
0.000000e+00,3.000000e-02,0.0,9.838480e-01,-8.598511e-05,-9.675996e-03
1.000000e-02,3.000000e-02,0.0,9.833106e-01,-4.247177e-03,-1.134223e-02
2.000000e-02,3.000000e-02,0.0,9.826008e-01,-9.841882e-03,-1.316312e-02
3.000000e-02,3.000000e-02,0.0,9.811713e-01,-1.517818e-02,-1.517818e-02
4.000000e-02,3.000000e-02,0.0,9.794766e-01,-2.097804e-02,-1.729429e-02
5.000000e-02,3.000000e-02,0.0,9.776596e-01,-2.691133e-02,-1.841385e-02
6.000000e-02,3.000000e-02,0.0,9.759353e-01,-3.247477e-02,-1.766000e-02
7.000000e-02,3.000000e-02,0.0,9.746545e-01,-3.702422e-02,-1.488622e-02
8.000000e-02,3.000000e-02,0.0,9.737801e-01,-4.034710e-02,-1.123150e-02
9.000000e-02,3.000000e-02,0.0,9.735796e-01,-4.200229e-02,-6.610357e-03
1.000000e-01,3.000000e-02,0.0,9.739653e-01,-4.236000e-02,-1.736571e-03
1.100000e-01,3.000000e-02,0.0,9.754964e-01,-3.968109e-02,3.491314e-03
1.200000e-01,3.000000e-02,0.0,9.789562e-01,-3.171841e-02,9.382448e-03
1.300000e-01,3.000000e-02,0.0,9.843526e-01,-1.846258e-02,1.548052e-02
1.400000e-01,3.000000e-02,0.0,9.914069e-01,-5.896978e-04,2.107159e-02
1.500000e-01,3.000000e-02,0.0,9.996809e-01,2.107507e-02,2.565611e-02
1.600000e-01,3.000000e-02,0.0,1.009034e+00,4.618317e-02,2.812032e-02
1.700000e-01,3.000000e-02,0.0,1.019304e+00,7.445665e-02,2.797775e-02
1.800000e-01,3.000000e-02,0.0,1.029172e+00,1.019462e-01,2.513130e-02
1.900000e-01,3.000000e-02,0.0,1.035904e+00,1.209292e-01,1.967612e-02
2.000000e-01,3.000000e-02,0.0,1.038397e+00,1.271883e-01,1.168674e-02
2.100000e-01,3.000000e-02,0.0,1.038378e+00,1.266953e-01,2.178049e-03
2.200000e-01,3.000000e-02,0.0,1.035777e+00,1.187977e-01,-8.097767e-03
2.300000e-01,3.000000e-02,0.0,1.028454e+00,9.625510e-02,-1.799744e-02
2.400000e-01,3.000000e-02,0.0,1.018282e+00,6.503589e-02,-2.147347e-02
2.500000e-01,3.000000e-02,0.0,1.008641e+00,3.610332e-02,-1.655131e-02
2.600000e-01,3.000000e-02,0.0,1.001363e+00,1.480759e-02,-8.855690e-03
2.700000e-01,3.000000e-02,0.0,9.973284e-01,3.112833e-03,-3.986114e-03
2.800000e-01,3.000000e-02,0.0,9.957826e-01,-1.446082e-03,-2.213761e-03
2.900000e-01,3.000000e-02,0.0,9.953229e-01,-3.002747e-03,-1.787647e-03
3.000000e-01,3.000000e-02,0.0,9.951628e-01,-3.678090e-03,-1.794417e-03
3.100000e-01,3.000000e-02,0.0,9.950624e-01,-4.152463e-03,-1.951767e-03
3.200000e-01,3.000000e-02,0.0,9.949513e-01,-4.629844e-03,-2.164971e-03
3.300000e-01,3.000000e-02,0.0,9.948036e-01,-5.190044e-03,-2.404035e-03
3.400000e-01,3.000000e-02,0.0,9.946073e-01,-5.864649e-03,-2.645276e-03
3.500000e-01,3.000000e-02,0.0,9.943604e-01,-6.664269e-03,-2.888221e-03
3.600000e-01,3.000000e-02,0.0,9.940627e-01,-7.561300e-03,-3.148249e-03
3.700000e-01,3.000000e-02,0.0,9.937190e-01,-8.549553e-03,-3.459131e-03
3.800000e-01,3.000000e-02,0.0,9.933081e-01,-9.665078e-03,-3.839096e-03
3.900000e-01,3.000000e-02,0.0,9.927897e-01,-1.100529e-02,-4.368664e-03
4.000000e-01,3.000000e-02,0.0,9.920778e-01,-1.276965e-02,-5.204712e-03
4.100000e-01,3.000000e-02,0.0,9.910308e-01,-1.528989e-02,-6.576541e-03
4.200000e-01,3.000000e-02,0.0,9.895441e-01,-1.884371e-02,-8.772779e-03
4.300000e-01,3.000000e-02,0.0,9.876010e-01,-2.342731e-02,-1.164963e-02
4.400000e-01,3.000000e-02,0.0,9.854178e-01,-2.856883e-02,-1.450800e-02
4.500000e-01,3.000000e-02,0.0,9.833571e-01,-3.351684e-02,-1.615303e-02
4.600000e-01,3.000000e-02,0.0,9.816150e-01,-3.791342e-02,-1.570070e-02
4.700000e-01,3.000000e-02,0.0,9.800444e-01,-4.207157e-02,-1.341247e-02
4.800000e-01,3.000000e-02,0.0,9.787186e-01,-4.556123e-02,-1.002083e-02
4.900000e-01,3.000000e-02,0.0,9.781783e-01,-4.698696e-02,-5.570681e-03
5.000000e-01,3.000000e-02,0.0,9.782688e-01,-4.705384e-02,-7.462667e-04
5.100000e-01,3.000000e-02,0.0,9.792889e-01,-4.474639e-02,4.356159e-03
5.200000e-01,3.000000e-02,0.0,9.822635e-01,-3.715879e-02,1.011841e-02
5.300000e-01,3.000000e-02,0.0,9.874181e-01,-2.368786e-02,1.632181e-02
5.400000e-01,3.000000e-02,0.0,9.944057e-01,-5.277711e-03,2.230848e-02
5.500000e-01,3.000000e-02,0.0,1.002705e+00,1.704628e-02,2.753638e-02
5.600000e-01,3.000000e-02,0.0,1.012139e+00,4.290117e-02,3.061524e-02
5.700000e-01,3.000000e-02,0.0,1.022586e+00,7.207784e-02,3.097262e-02
5.800000e-01,3.000000e-02,0.0,1.032861e+00,1.010650e-01,2.851949e-02
5.900000e-01,3.000000e-02,0.0,1.040031e+00,1.216251e-01,2.292407e-02
6.000000e-01,3.000000e-02,0.0,1.042885e+00,1.289183e-01,1.529225e-02
6.100000e-01,3.000000e-02,0.0,1.042995e+00,1.287021e-01,5.689085e-03
6.200000e-01,3.000000e-02,0.0,1.040637e+00,1.214117e-01,-4.781241e-03
6.300000e-01,3.000000e-02,0.0,1.033564e+00,9.957767e-02,-1.527609e-02
6.400000e-01,3.000000e-02,0.0,1.023469e+00,6.864400e-02,-1.971532e-02
6.500000e-01,3.000000e-02,0.0,1.013685e+00,3.929331e-02,-1.524884e-02
6.600000e-01,3.000000e-02,0.0,1.006039e+00,1.711253e-02,-7.107065e-03
6.700000e-01,3.000000e-02,0.0,1.001788e+00,5.050575e-03,-1.963761e-03
6.800000e-01,3.000000e-02,0.0,1.000357e+00,1.011777e-03,-3.520912e-04
6.900000e-01,3.000000e-02,0.0,1.000058e+00,1.652738e-04,-5.162273e-05
7.000000e-01,3.000000e-02,0.0,1.000010e+00,2.950274e-05,-8.171802e-06
7.100000e-01,3.000000e-02,0.0,1.000002e+00,7.084945e-06,-1.814441e-06
7.200000e-01,3.000000e-02,0.0,1.000001e+00,2.139609e-06,-5.485874e-07
7.300000e-01,3.000000e-02,0.0,1.000000e+00,6.740518e-07,-1.739887e-07
7.400000e-01,3.000000e-02,0.0,1.000000e+00,2.067462e-07,-4.922423e-08
7.500000e-01,3.000000e-02,0.0,1.000000e+00,7.170413e-08,-1.358381e-08
7.600000e-01,3.000000e-02,0.0,1.000000e+00,3.479090e-08,-4.700278e-09
7.700000e-01,3.000000e-02,0.0,1.000000e+00,2.227600e-08,-2.384048e-09
7.800000e-01,3.000000e-02,0.0,1.000000e+00,1.573376e-08,-1.559834e-09
7.900000e-01,3.000000e-02,0.0,1.000000e+00,1.126680e-08,-1.103713e-09
8.000000e-01,3.000000e-02,0.0,1.000000e+00,8.008082e-09,-7.907712e-10
8.100000e-01,3.000000e-02,0.0,1.000000e+00,5.625728e-09,-5.643910e-10
8.200000e-01,3.000000e-02,0.0,1.000000e+00,3.900430e-09,-3.992364e-10
8.300000e-01,3.000000e-02,0.0,1.000000e+00,2.665579e-09,-2.791114e-10
8.400000e-01,3.000000e-02,0.0,1.000000e+00,1.793460e-09,-1.924428e-10
8.500000e-01,3.000000e-02,0.0,1.000000e+00,1.186661e-09,-1.306317e-10
8.600000e-01,3.000000e-02,0.0,1.000000e+00,7.713751e-10,-8.717278e-11
8.700000e-01,3.000000e-02,0.0,1.000000e+00,4.921985e-10,-5.711767e-11
8.800000e-01,3.000000e-02,0.0,1.000000e+00,3.080670e-10,-3.670886e-11
8.900000e-01,3.000000e-02,0.0,1.000000e+00,1.890313e-10,-2.312149e-11
9.000000e-01,3.000000e-02,0.0,1.000000e+00,1.136619e-10,-1.426338e-11
9.100000e-01,3.000000e-02,0.0,1.000000e+00,6.694856e-11,-8.612975e-12
9.200000e-01,3.000000e-02,0.0,1.000000e+00,3.861897e-11,-5.089223e-12
9.300000e-01,3.000000e-02,0.0,1.000000e+00,2.181289e-11,-2.941622e-12
9.400000e-01,3.000000e-02,0.0,1.000000e+00,1.206116e-11,-1.662867e-12
9.500000e-01,3.000000e-02,0.0,1.000000e+00,6.526287e-12,-9.195608e-13
9.600000e-01,3.000000e-02,0.0,1.000000e+00,3.451732e-12,-4.980894e-13
9.700000e-01,3.000000e-02,0.0,1.000000e+00,1.775228e-12,-2.657813e-13
9.800000e-01,3.000000e-02,0.0,1.000000e+00,8.672778e-13,-1.425978e-13
9.900000e-01,3.000000e-02,0.0,1.000000e+00,3.568297e-13,-8.357194e-14
1.000000e+00,3.000000e-02,0.0,1.000000e+00,7.116896e-14,-7.313983e-14
0.000000e+00,4.000000e-02,0.0,9.820050e-01,-1.368607e-04,-1.562468e-02
1.000000e-02,4.000000e-02,0.0,9.813883e-01,-5.085504e-03,-1.779724e-02
2.000000e-02,4.000000e-02,0.0,9.807755e-01,-1.177532e-02,-1.924410e-02
3.000000e-02,4.000000e-02,0.0,9.794766e-01,-1.729429e-02,-2.097804e-02
4.000000e-02,4.000000e-02,0.0,9.781355e-01,-2.258711e-02,-2.258711e-02
5.000000e-02,4.000000e-02,0.0,9.769521e-01,-2.724258e-02,-2.300041e-02
6.000000e-02,4.000000e-02,0.0,9.761494e-01,-3.078516e-02,-2.113947e-02
7.000000e-02,4.000000e-02,0.0,9.756125e-01,-3.358641e-02,-1.769135e-02
8.000000e-02,4.000000e-02,0.0,9.753482e-01,-3.564102e-02,-1.300514e-02
9.000000e-02,4.000000e-02,0.0,9.755554e-01,-3.665817e-02,-7.290790e-03
1.000000e-01,4.000000e-02,0.0,9.761856e-01,-3.658025e-02,-1.115815e-03
1.100000e-01,4.000000e-02,0.0,9.781264e-01,-3.301402e-02,5.868372e-03
1.200000e-01,4.000000e-02,0.0,9.819022e-01,-2.446999e-02,1.358747e-02
1.300000e-01,4.000000e-02,0.0,9.873312e-01,-1.135870e-02,2.132910e-02
1.400000e-01,4.000000e-02,0.0,9.940600e-01,5.512060e-03,2.827875e-02
1.500000e-01,4.000000e-02,0.0,1.001779e+00,2.547054e-02,3.360455e-02
1.600000e-01,4.000000e-02,0.0,1.010274e+00,4.807420e-02,3.670917e-02
1.700000e-01,4.000000e-02,0.0,1.019315e+00,7.281333e-02,3.642450e-02
1.800000e-01,4.000000e-02,0.0,1.027737e+00,9.669079e-02,3.158250e-02
1.900000e-01,4.000000e-02,0.0,1.033412e+00,1.123730e-01,2.350285e-02
2.000000e-01,4.000000e-02,0.0,1.034866e+00,1.163472e-01,1.215977e-02
2.100000e-01,4.000000e-02,0.0,1.034455e+00,1.154138e-01,5.139305e-04
2.200000e-01,4.000000e-02,0.0,1.031316e+00,1.063067e-01,-1.164495e-02
2.300000e-01,4.000000e-02,0.0,1.024800e+00,8.658255e-02,-2.198293e-02
2.400000e-01,4.000000e-02,0.0,1.017553e+00,6.420744e-02,-2.537881e-02
2.500000e-01,4.000000e-02,0.0,1.010591e+00,4.286198e-02,-2.096757e-02
2.600000e-01,4.000000e-02,0.0,1.003827e+00,2.260987e-02,-1.272268e-02
2.700000e-01,4.000000e-02,0.0,9.986724e-01,7.349215e-03,-6.235634e-03
2.800000e-01,4.000000e-02,0.0,9.961581e-01,-1.330928e-04,-3.423900e-03
2.900000e-01,4.000000e-02,0.0,9.953144e-01,-2.756155e-03,-2.662886e-03
3.000000e-01,4.000000e-02,0.0,9.950355e-01,-3.720841e-03,-2.608176e-03
3.100000e-01,4.000000e-02,0.0,9.948911e-01,-4.257876e-03,-2.780898e-03
3.200000e-01,4.000000e-02,0.0,9.947606e-01,-4.727477e-03,-3.037773e-03
3.300000e-01,4.000000e-02,0.0,9.946018e-01,-5.256065e-03,-3.336100e-03
3.400000e-01,4.000000e-02,0.0,9.943973e-01,-5.893044e-03,-3.659924e-03
3.500000e-01,4.000000e-02,0.0,9.941366e-01,-6.658339e-03,-4.015841e-03
3.600000e-01,4.000000e-02,0.0,9.938091e-01,-7.568794e-03,-4.405065e-03
3.700000e-01,4.000000e-02,0.0,9.934088e-01,-8.631077e-03,-4.900137e-03
3.800000e-01,4.000000e-02,0.0,9.929070e-01,-9.908709e-03,-5.593964e-03
3.900000e-01,4.000000e-02,0.0,9.922151e-01,-1.158497e-02,-6.588930e-03
4.000000e-01,4.000000e-02,0.0,9.912298e-01,-1.391588e-02,-8.183451e-03
4.100000e-01,4.000000e-02,0.0,9.898213e-01,-1.719625e-02,-1.054156e-02
4.200000e-01,4.000000e-02,0.0,9.879596e-01,-2.148587e-02,-1.355783e-02
4.300000e-01,4.000000e-02,0.0,9.859388e-01,-2.617780e-02,-1.665068e-02
4.400000e-01,4.000000e-02,0.0,9.842037e-01,-3.026370e-02,-1.870089e-02
4.500000e-01,4.000000e-02,0.0,9.829747e-01,-3.335942e-02,-1.901075e-02
4.600000e-01,4.000000e-02,0.0,9.820383e-01,-3.604579e-02,-1.779202e-02
4.700000e-01,4.000000e-02,0.0,9.810659e-01,-3.879314e-02,-1.542634e-02
4.800000e-01,4.000000e-02,0.0,9.803786e-01,-4.092439e-02,-1.120021e-02
4.900000e-01,4.000000e-02,0.0,9.802627e-01,-4.167077e-02,-5.784231e-03
5.000000e-01,4.000000e-02,0.0,9.805404e-01,-4.151376e-02,7.559421e-05
5.100000e-01,4.000000e-02,0.0,9.819356e-01,-3.842538e-02,6.766431e-03
5.200000e-01,4.000000e-02,0.0,9.853245e-01,-2.996342e-02,1.442001e-02
5.300000e-01,4.000000e-02,0.0,9.906370e-01,-1.628082e-02,2.253353e-02
5.400000e-01,4.000000e-02,0.0,9.973698e-01,1.332540e-03,3.017277e-02
5.500000e-01,4.000000e-02,0.0,1.005125e+00,2.196291e-02,3.629841e-02
5.600000e-01,4.000000e-02,0.0,1.013689e+00,4.519949e-02,4.017311e-02
5.700000e-01,4.000000e-02,0.0,1.022846e+00,7.069700e-02,4.058623e-02
5.800000e-01,4.000000e-02,0.0,1.031525e+00,9.557526e-02,3.605820e-02
5.900000e-01,4.000000e-02,0.0,1.037660e+00,1.129904e-01,2.818291e-02
6.000000e-01,4.000000e-02,0.0,1.039490e+00,1.180484e-01,1.713742e-02
6.100000e-01,4.000000e-02,0.0,1.039206e+00,1.174153e-01,5.282386e-03
6.200000e-01,4.000000e-02,0.0,1.036286e+00,1.089748e-01,-7.238729e-03
6.300000e-01,4.000000e-02,0.0,1.029822e+00,8.941424e-02,-1.832527e-02
6.400000e-01,4.000000e-02,0.0,1.022568e+00,6.706929e-02,-2.271430e-02
6.500000e-01,4.000000e-02,0.0,1.015693e+00,4.608783e-02,-1.898989e-02
6.600000e-01,4.000000e-02,0.0,1.008804e+00,2.560844e-02,-1.056263e-02
6.700000e-01,4.000000e-02,0.0,1.003317e+00,9.601713e-03,-3.609767e-03
6.800000e-01,4.000000e-02,0.0,1.000777e+00,2.247833e-03,-7.648593e-04
6.900000e-01,4.000000e-02,0.0,1.000130e+00,3.750434e-04,-1.203157e-04
7.000000e-01,4.000000e-02,0.0,1.000020e+00,5.896414e-05,-1.836188e-05
7.100000e-01,4.000000e-02,0.0,1.000004e+00,1.158677e-05,-3.512628e-06
7.200000e-01,4.000000e-02,0.0,1.000001e+00,3.096957e-06,-9.199921e-07
7.300000e-01,4.000000e-02,0.0,1.000000e+00,9.674593e-07,-2.825199e-07
7.400000e-01,4.000000e-02,0.0,1.000000e+00,3.038675e-07,-8.396445e-08
7.500000e-01,4.000000e-02,0.0,1.000000e+00,9.917783e-08,-2.359880e-08
7.600000e-01,4.000000e-02,0.0,1.000000e+00,4.163756e-08,-7.603896e-09
7.700000e-01,4.000000e-02,0.0,1.000000e+00,2.421753e-08,-3.461849e-09
7.800000e-01,4.000000e-02,0.0,1.000000e+00,1.658007e-08,-2.123014e-09
7.900000e-01,4.000000e-02,0.0,1.000000e+00,1.179359e-08,-1.463526e-09
8.000000e-01,4.000000e-02,0.0,1.000000e+00,8.380183e-09,-1.036860e-09
8.100000e-01,4.000000e-02,0.0,1.000000e+00,5.896537e-09,-7.357951e-10
8.200000e-01,4.000000e-02,0.0,1.000000e+00,4.098342e-09,-5.187959e-10
8.300000e-01,4.000000e-02,0.0,1.000000e+00,2.809579e-09,-3.620094e-10
8.400000e-01,4.000000e-02,0.0,1.000000e+00,1.897295e-09,-2.493351e-10
8.500000e-01,4.000000e-02,0.0,1.000000e+00,1.260625e-09,-1.691675e-10
8.600000e-01,4.000000e-02,0.0,1.000000e+00,8.232904e-10,-1.128824e-10
8.700000e-01,4.000000e-02,0.0,1.000000e+00,5.280310e-10,-7.398464e-11
8.800000e-01,4.000000e-02,0.0,1.000000e+00,3.323462e-10,-4.757769e-11
8.900000e-01,4.000000e-02,0.0,1.000000e+00,2.051585e-10,-2.999337e-11
9.000000e-01,4.000000e-02,0.0,1.000000e+00,1.241522e-10,-1.852357e-11
9.100000e-01,4.000000e-02,0.0,1.000000e+00,7.362501e-11,-1.120095e-11
9.200000e-01,4.000000e-02,0.0,1.000000e+00,4.277377e-11,-6.628727e-12
9.300000e-01,4.000000e-02,0.0,1.000000e+00,2.434026e-11,-3.838301e-12
9.400000e-01,4.000000e-02,0.0,1.000000e+00,1.356302e-11,-2.174538e-12
9.500000e-01,4.000000e-02,0.0,1.000000e+00,7.397632e-12,-1.204996e-12
9.600000e-01,4.000000e-02,0.0,1.000000e+00,3.944008e-12,-6.542431e-13
9.700000e-01,4.000000e-02,0.0,1.000000e+00,2.044614e-12,-3.499955e-13
9.800000e-01,4.000000e-02,0.0,1.000000e+00,1.006190e-12,-1.885975e-13
9.900000e-01,4.000000e-02,0.0,1.000000e+00,4.163954e-13,-1.107078e-13
1.000000e+00,4.000000e-02,0.0,1.000000e+00,8.263386e-14,-9.681646e-14
0.000000e+00,5.000000e-02,0.0,9.793405e-01,-2.188468e-04,-2.332518e-02
1.000000e-02,5.000000e-02,0.0,9.787436e-01,-5.566666e-03,-2.581880e-02
2.000000e-02,5.000000e-02,0.0,9.785195e-01,-1.302641e-02,-2.623271e-02
3.000000e-02,5.000000e-02,0.0,9.776596e-01,-1.841385e-02,-2.691133e-02
4.000000e-02,5.000000e-02,0.0,9.769521e-01,-2.300041e-02,-2.724258e-02
5.000000e-02,5.000000e-02,0.0,9.765875e-01,-2.614526e-02,-2.614526e-02
6.000000e-02,5.000000e-02,0.0,9.766829e-01,-2.807235e-02,-2.321880e-02
7.000000e-02,5.000000e-02,0.0,9.768585e-01,-2.939173e-02,-1.905788e-02
8.000000e-02,5.000000e-02,0.0,9.772453e-01,-3.032410e-02,-1.342028e-02
9.000000e-02,5.000000e-02,0.0,9.778563e-01,-3.051975e-02,-6.882157e-03
1.000000e-01,5.000000e-02,0.0,9.790859e-01,-2.912820e-02,7.164633e-04
1.100000e-01,5.000000e-02,0.0,9.815665e-01,-2.445924e-02,9.466436e-03
1.200000e-01,5.000000e-02,0.0,9.855778e-01,-1.558967e-02,1.886607e-02
1.300000e-01,5.000000e-02,0.0,9.909057e-01,-3.010190e-03,2.790179e-02
1.400000e-01,5.000000e-02,0.0,9.971805e-01,1.244098e-02,3.570381e-02
1.500000e-01,5.000000e-02,0.0,1.004158e+00,3.019404e-02,4.137522e-02
1.600000e-01,5.000000e-02,0.0,1.011570e+00,4.982295e-02,4.413180e-02
1.700000e-01,5.000000e-02,0.0,1.018975e+00,7.023358e-02,4.273024e-02
1.800000e-01,5.000000e-02,0.0,1.025689e+00,8.917628e-02,3.650696e-02
1.900000e-01,5.000000e-02,0.0,1.029673e+00,1.006478e-01,2.448970e-02
2.000000e-01,5.000000e-02,0.0,1.030401e+00,1.032424e-01,1.054040e-02
2.100000e-01,5.000000e-02,0.0,1.029646e+00,1.019892e-01,-3.056373e-03
2.200000e-01,5.000000e-02,0.0,1.026334e+00,9.292211e-02,-1.597646e-02
2.300000e-01,5.000000e-02,0.0,1.021319e+00,7.783261e-02,-2.501982e-02
2.400000e-01,5.000000e-02,0.0,1.016773e+00,6.354030e-02,-2.743332e-02
2.500000e-01,5.000000e-02,0.0,1.012200e+00,4.897465e-02,-2.371510e-02
2.600000e-01,5.000000e-02,0.0,1.006383e+00,3.099631e-02,-1.600371e-02
2.700000e-01,5.000000e-02,0.0,1.000421e+00,1.293520e-02,-8.747659e-03
2.800000e-01,5.000000e-02,0.0,9.967464e-01,1.862332e-03,-4.940183e-03
2.900000e-01,5.000000e-02,0.0,9.953388e-01,-2.411032e-03,-3.760151e-03
3.000000e-01,5.000000e-02,0.0,9.948771e-01,-3.878261e-03,-3.608529e-03
3.100000e-01,5.000000e-02,0.0,9.946679e-01,-4.569927e-03,-3.792208e-03
3.200000e-01,5.000000e-02,0.0,9.945061e-01,-5.099714e-03,-4.101479e-03
3.300000e-01,5.000000e-02,0.0,9.943236e-01,-5.655619e-03,-4.481440e-03
3.400000e-01,5.000000e-02,0.0,9.940879e-01,-6.322627e-03,-4.913800e-03
3.500000e-01,5.000000e-02,0.0,9.937825e-01,-7.136275e-03,-5.433462e-03
3.600000e-01,5.000000e-02,0.0,9.933891e-01,-8.131801e-03,-6.069276e-03
3.700000e-01,5.000000e-02,0.0,9.928694e-01,-9.381296e-03,-6.906256e-03
3.800000e-01,5.000000e-02,0.0,9.921722e-01,-1.099714e-02,-8.134442e-03
3.900000e-01,5.000000e-02,0.0,9.911991e-01,-1.319771e-02,-9.930794e-03
4.000000e-01,5.000000e-02,0.0,9.898233e-01,-1.628237e-02,-1.242930e-02
4.100000e-01,5.000000e-02,0.0,9.880525e-01,-2.025622e-02,-1.556314e-02
4.200000e-01,5.000000e-02,0.0,9.861765e-01,-2.455101e-02,-1.866881e-02
4.300000e-01,5.000000e-02,0.0,9.846271e-01,-2.819309e-02,-2.065727e-02
4.400000e-01,5.000000e-02,0.0,9.836619e-01,-3.066348e-02,-2.110753e-02
4.500000e-01,5.000000e-02,0.0,9.830979e-01,-3.245170e-02,-2.037665e-02
4.600000e-01,5.000000e-02,0.0,9.825749e-01,-3.406787e-02,-1.886749e-02
4.700000e-01,5.000000e-02,0.0,9.823288e-01,-3.522418e-02,-1.576553e-02
4.800000e-01,5.000000e-02,0.0,9.824105e-01,-3.573310e-02,-1.092785e-02
4.900000e-01,5.000000e-02,0.0,9.826541e-01,-3.587698e-02,-4.934238e-03
5.000000e-01,5.000000e-02,0.0,9.834030e-01,-3.468873e-02,2.100565e-03
5.100000e-01,5.000000e-02,0.0,9.854213e-01,-3.024882e-02,1.060213e-02
5.200000e-01,5.000000e-02,0.0,9.892086e-01,-2.106639e-02,2.014948e-02
5.300000e-01,5.000000e-02,0.0,9.945604e-01,-7.582858e-03,2.977192e-02
5.400000e-01,5.000000e-02,0.0,1.000936e+00,8.851558e-03,3.845711e-02
5.500000e-01,5.000000e-02,0.0,1.007971e+00,2.734046e-02,4.517911e-02
5.600000e-01,5.000000e-02,0.0,1.015392e+00,4.741885e-02,4.884771e-02
5.700000e-01,5.000000e-02,0.0,1.022800e+00,6.810288e-02,4.803424e-02
5.800000e-01,5.000000e-02,0.0,1.029578e+00,8.785238e-02,4.201064e-02
5.900000e-01,5.000000e-02,0.0,1.034132e+00,1.011203e-01,3.070455e-02
6.000000e-01,5.000000e-02,0.0,1.035181e+00,1.047672e-01,1.686044e-02
6.100000e-01,5.000000e-02,0.0,1.034556e+00,1.038990e-01,2.991908e-03
6.200000e-01,5.000000e-02,0.0,1.031405e+00,9.534724e-02,-1.057724e-02
6.300000e-01,5.000000e-02,0.0,1.026293e+00,8.012473e-02,-2.060269e-02
6.400000e-01,5.000000e-02,0.0,1.021714e+00,6.593895e-02,-2.392708e-02
6.500000e-01,5.000000e-02,0.0,1.017344e+00,5.210740e-02,-2.087225e-02
6.600000e-01,5.000000e-02,0.0,1.011632e+00,3.462196e-02,-1.328453e-02
6.700000e-01,5.000000e-02,0.0,1.005382e+00,1.589651e-02,-5.521398e-03
6.800000e-01,5.000000e-02,0.0,1.001512e+00,4.441753e-03,-1.409165e-03
6.900000e-01,5.000000e-02,0.0,1.000278e+00,8.135446e-04,-2.471769e-04
7.000000e-01,5.000000e-02,0.0,1.000043e+00,1.246674e-04,-3.776458e-05
7.100000e-01,5.000000e-02,0.0,1.000007e+00,2.123452e-05,-6.435400e-06
7.200000e-01,5.000000e-02,0.0,1.000002e+00,4.848509e-06,-1.439978e-06
7.300000e-01,5.000000e-02,0.0,1.000000e+00,1.414526e-06,-4.080399e-07
7.400000e-01,5.000000e-02,0.0,1.000000e+00,4.454393e-07,-1.234438e-07
7.500000e-01,5.000000e-02,0.0,1.000000e+00,1.421839e-07,-3.599421e-08
7.600000e-01,5.000000e-02,0.0,1.000000e+00,5.310061e-08,-1.122430e-08
7.700000e-01,5.000000e-02,0.0,1.000000e+00,2.738519e-08,-4.669508e-09
7.800000e-01,5.000000e-02,0.0,1.000000e+00,1.781387e-08,-2.679522e-09
7.900000e-01,5.000000e-02,0.0,1.000000e+00,1.249873e-08,-1.796617e-09
8.000000e-01,5.000000e-02,0.0,1.000000e+00,8.859254e-09,-1.258501e-09
8.100000e-01,5.000000e-02,0.0,1.000000e+00,6.238941e-09,-8.881778e-10
8.200000e-01,5.000000e-02,0.0,1.000000e+00,4.346246e-09,-6.244133e-10
8.300000e-01,5.000000e-02,0.0,1.000000e+00,2.989037e-09,-4.350526e-10
8.400000e-01,5.000000e-02,0.0,1.000000e+00,2.026337e-09,-2.994522e-10
8.500000e-01,5.000000e-02,0.0,1.000000e+00,1.352411e-09,-2.031599e-10
8.600000e-01,5.000000e-02,0.0,1.000000e+00,8.876749e-10,-1.356164e-10
8.700000e-01,5.000000e-02,0.0,1.000000e+00,5.724676e-10,-8.895011e-11
8.800000e-01,5.000000e-02,0.0,1.000000e+00,3.624666e-10,-5.726055e-11
8.900000e-01,5.000000e-02,0.0,1.000000e+00,2.251812e-10,-3.614509e-11
9.000000e-01,5.000000e-02,0.0,1.000000e+00,1.371902e-10,-2.235728e-11
9.100000e-01,5.000000e-02,0.0,1.000000e+00,8.193450e-11,-1.354375e-11
9.200000e-01,5.000000e-02,0.0,1.000000e+00,4.795374e-11,-8.031476e-12
9.300000e-01,5.000000e-02,0.0,1.000000e+00,2.749656e-11,-4.661031e-12
9.400000e-01,5.000000e-02,0.0,1.000000e+00,1.544237e-11,-2.647233e-12
9.500000e-01,5.000000e-02,0.0,1.000000e+00,8.490347e-12,-1.471024e-12
9.600000e-01,5.000000e-02,0.0,1.000000e+00,4.563565e-12,-8.009355e-13
9.700000e-01,5.000000e-02,0.0,1.000000e+00,2.384103e-12,-4.298298e-13
9.800000e-01,5.000000e-02,0.0,1.000000e+00,1.181587e-12,-2.324350e-13
9.900000e-01,5.000000e-02,0.0,1.000000e+00,4.917442e-13,-1.369783e-13
1.000000e+00,5.000000e-02,0.0,1.000000e+00,9.755988e-14,-1.202225e-13
0.000000e+00,6.000000e-02,0.0,9.763227e-01,-2.336591e-04,-3.181984e-02
1.000000e-02,6.000000e-02,0.0,9.757902e-01,-5.374698e-03,-3.429674e-02
2.000000e-02,6.000000e-02,0.0,9.760901e-01,-1.294396e-02,-3.349923e-02
3.000000e-02,6.000000e-02,0.0,9.759353e-01,-1.766000e-02,-3.247477e-02
4.000000e-02,6.000000e-02,0.0,9.761494e-01,-2.113947e-02,-3.078516e-02
5.000000e-02,6.000000e-02,0.0,9.766829e-01,-2.321880e-02,-2.807235e-02
6.000000e-02,6.000000e-02,0.0,9.773924e-01,-2.427270e-02,-2.427270e-02
7.000000e-02,6.000000e-02,0.0,9.783580e-01,-2.436240e-02,-1.894098e-02
8.000000e-02,6.000000e-02,0.0,9.794175e-01,-2.400679e-02,-1.261506e-02
9.000000e-02,6.000000e-02,0.0,9.806996e-01,-2.297294e-02,-4.973623e-03
1.000000e-01,6.000000e-02,0.0,9.826525e-01,-2.017163e-02,4.168674e-03
1.100000e-01,6.000000e-02,0.0,9.856776e-01,-1.443404e-02,1.443827e-02
1.200000e-01,6.000000e-02,0.0,9.898419e-01,-5.462386e-03,2.511215e-02
1.300000e-01,6.000000e-02,0.0,9.948971e-01,6.130822e-03,3.499384e-02
1.400000e-01,6.000000e-02,0.0,1.000524e+00,1.958367e-02,4.303389e-02
1.500000e-01,6.000000e-02,0.0,1.006463e+00,3.445270e-02,4.831309e-02
1.600000e-01,6.000000e-02,0.0,1.012460e+00,5.017308e-02,4.984308e-02
1.700000e-01,6.000000e-02,0.0,1.018066e+00,6.591749e-02,4.669288e-02
1.800000e-01,6.000000e-02,0.0,1.022560e+00,7.871797e-02,3.802766e-02
1.900000e-01,6.000000e-02,0.0,1.024689e+00,8.573761e-02,2.299200e-02
2.000000e-01,6.000000e-02,0.0,1.024993e+00,8.775189e-02,6.508602e-03
2.100000e-01,6.000000e-02,0.0,1.024144e+00,8.698025e-02,-8.306781e-03
2.200000e-01,6.000000e-02,0.0,1.021544e+00,8.040453e-02,-2.024253e-02
2.300000e-01,6.000000e-02,0.0,1.018515e+00,7.143917e-02,-2.694257e-02
2.400000e-01,6.000000e-02,0.0,1.016164e+00,6.354414e-02,-2.812945e-02
2.500000e-01,6.000000e-02,0.0,1.013391e+00,5.408197e-02,-2.499235e-02
2.600000e-01,6.000000e-02,0.0,1.008664e+00,3.881274e-02,-1.849383e-02
2.700000e-01,6.000000e-02,0.0,1.002347e+00,1.928752e-02,-1.132669e-02
2.800000e-01,6.000000e-02,0.0,9.975344e-01,4.629457e-03,-6.785742e-03
2.900000e-01,6.000000e-02,0.0,9.954026e-01,-1.822535e-03,-5.136996e-03
3.000000e-01,6.000000e-02,0.0,9.946742e-01,-4.038097e-03,-4.856556e-03
3.100000e-01,6.000000e-02,0.0,9.943665e-01,-4.975567e-03,-5.058561e-03
3.200000e-01,6.000000e-02,0.0,9.941483e-01,-5.612583e-03,-5.450480e-03
3.300000e-01,6.000000e-02,0.0,9.939135e-01,-6.249288e-03,-5.971440e-03
3.400000e-01,6.000000e-02,0.0,9.936111e-01,-7.009585e-03,-6.611127e-03
3.500000e-01,6.000000e-02,0.0,9.932061e-01,-7.965376e-03,-7.417716e-03
3.600000e-01,6.000000e-02,0.0,9.926685e-01,-9.175841e-03,-8.486988e-03
3.700000e-01,6.000000e-02,0.0,9.919414e-01,-1.075488e-02,-9.954450e-03
3.800000e-01,6.000000e-02,0.0,9.909337e-01,-1.289946e-02,-1.196604e-02
3.900000e-01,6.000000e-02,0.0,9.895821e-01,-1.578533e-02,-1.464731e-02
4.000000e-01,6.000000e-02,0.0,9.879226e-01,-1.936067e-02,-1.780151e-02
4.100000e-01,6.000000e-02,0.0,9.862298e-01,-2.311959e-02,-2.069753e-02
4.200000e-01,6.000000e-02,0.0,9.848993e-01,-2.626425e-02,-2.241358e-02
4.300000e-01,6.000000e-02,0.0,9.841131e-01,-2.835577e-02,-2.271191e-02
4.400000e-01,6.000000e-02,0.0,9.837052e-01,-2.981102e-02,-2.205519e-02
4.500000e-01,6.000000e-02,0.0,9.834463e-01,-3.083398e-02,-2.092092e-02
4.600000e-01,6.000000e-02,0.0,9.835163e-01,-3.131041e-02,-1.859031e-02
4.700000e-01,6.000000e-02,0.0,9.839288e-01,-3.109894e-02,-1.463903e-02
4.800000e-01,6.000000e-02,0.0,9.846295e-01,-3.019335e-02,-9.275740e-03
4.900000e-01,6.000000e-02,0.0,9.855281e-01,-2.889667e-02,-2.519850e-03
5.000000e-01,6.000000e-02,0.0,9.870433e-01,-2.619397e-02,6.020144e-03
5.100000e-01,6.000000e-02,0.0,9.897510e-01,-2.040046e-02,1.623674e-02
5.200000e-01,6.000000e-02,0.0,9.938558e-01,-1.076729e-02,2.731343e-02
5.300000e-01,6.000000e-02,0.0,9.990674e-01,2.014207e-03,3.801402e-02
5.400000e-01,6.000000e-02,0.0,1.004892e+00,1.672029e-02,4.714106e-02
5.500000e-01,6.000000e-02,0.0,1.010890e+00,3.228711e-02,5.356859e-02
5.600000e-01,6.000000e-02,0.0,1.016718e+00,4.804046e-02,5.586635e-02
5.700000e-01,6.000000e-02,0.0,1.022085e+00,6.363867e-02,5.288910e-02
5.800000e-01,6.000000e-02,0.0,1.026811e+00,7.743691e-02,4.507185e-02
5.900000e-01,6.000000e-02,0.0,1.029386e+00,8.605371e-02,3.068037e-02
6.000000e-01,6.000000e-02,0.0,1.029912e+00,8.888549e-02,1.417468e-02
6.100000e-01,6.000000e-02,0.0,1.029172e+00,8.862491e-02,-1.175341e-03
6.200000e-01,6.000000e-02,0.0,1.026660e+00,8.251829e-02,-1.406861e-02
6.300000e-01,6.000000e-02,0.0,1.023500e+00,7.337045e-02,-2.170511e-02
6.400000e-01,6.000000e-02,0.0,1.021176e+00,6.569028e-02,-2.359416e-02
6.500000e-01,6.000000e-02,0.0,1.018620e+00,5.704760e-02,-2.117563e-02
6.600000e-01,6.000000e-02,0.0,1.014145e+00,4.285350e-02,-1.495576e-02
6.700000e-01,6.000000e-02,0.0,1.007713e+00,2.314081e-02,-7.377626e-03
6.800000e-01,6.000000e-02,0.0,1.002593e+00,7.712810e-03,-2.280974e-03
6.900000e-01,6.000000e-02,0.0,1.000546e+00,1.613634e-03,-4.605900e-04
7.000000e-01,6.000000e-02,0.0,1.000087e+00,2.579628e-04,-7.363420e-05
7.100000e-01,6.000000e-02,0.0,1.000014e+00,4.087128e-05,-1.174432e-05
7.200000e-01,6.000000e-02,0.0,1.000003e+00,8.041143e-06,-2.274912e-06
7.300000e-01,6.000000e-02,0.0,1.000001e+00,2.095201e-06,-5.733200e-07
7.400000e-01,6.000000e-02,0.0,1.000000e+00,6.388700e-07,-1.689012e-07
7.500000e-01,6.000000e-02,0.0,1.000000e+00,2.024190e-07,-5.059127e-08
7.600000e-01,6.000000e-02,0.0,1.000000e+00,7.029040e-08,-1.563391e-08
7.700000e-01,6.000000e-02,0.0,1.000000e+00,3.215383e-08,-6.039123e-09
7.800000e-01,6.000000e-02,0.0,1.000000e+00,1.951031e-08,-3.230661e-09
7.900000e-01,6.000000e-02,0.0,1.000000e+00,1.338805e-08,-2.098140e-09
8.000000e-01,6.000000e-02,0.0,1.000000e+00,9.439236e-09,-1.451303e-09
8.100000e-01,6.000000e-02,0.0,1.000000e+00,6.645809e-09,-1.018255e-09
8.200000e-01,6.000000e-02,0.0,1.000000e+00,4.637994e-09,-7.137084e-10
8.300000e-01,6.000000e-02,0.0,1.000000e+00,3.199136e-09,-4.965416e-10
8.400000e-01,6.000000e-02,0.0,1.000000e+00,2.177001e-09,-3.416043e-10
8.500000e-01,6.000000e-02,0.0,1.000000e+00,1.459441e-09,-2.317918e-10
8.600000e-01,6.000000e-02,0.0,1.000000e+00,9.627281e-10,-1.548256e-10
8.700000e-01,6.000000e-02,0.0,1.000000e+00,6.242835e-10,-1.016510e-10
8.800000e-01,6.000000e-02,0.0,1.000000e+00,3.976157e-10,-6.552304e-11
8.900000e-01,6.000000e-02,0.0,1.000000e+00,2.485732e-10,-4.142800e-11
9.000000e-01,6.000000e-02,0.0,1.000000e+00,1.524447e-10,-2.567321e-11
9.100000e-01,6.000000e-02,0.0,1.000000e+00,9.167344e-11,-1.558528e-11
9.200000e-01,6.000000e-02,0.0,1.000000e+00,5.403696e-11,-9.264233e-12
9.300000e-01,6.000000e-02,0.0,1.000000e+00,3.121196e-11,-5.390627e-12
9.400000e-01,6.000000e-02,0.0,1.000000e+00,1.766051e-11,-3.069926e-12
9.500000e-01,6.000000e-02,0.0,1.000000e+00,9.783782e-12,-1.711320e-12
9.600000e-01,6.000000e-02,0.0,1.000000e+00,5.298457e-12,-9.349777e-13
9.700000e-01,6.000000e-02,0.0,1.000000e+00,2.788719e-12,-5.034469e-13
9.800000e-01,6.000000e-02,0.0,1.000000e+00,1.391359e-12,-2.729742e-13
9.900000e-01,6.000000e-02,0.0,1.000000e+00,5.816329e-13,-1.618972e-13
1.000000e+00,6.000000e-02,0.0,1.000000e+00,1.151899e-13,-1.420607e-13
0.000000e+00,7.000000e-02,0.0,9.735794e-01,-1.843495e-04,-3.964188e-02
1.000000e-02,7.000000e-02,0.0,9.731025e-01,-4.703626e-03,-4.196401e-02
2.000000e-02,7.000000e-02,0.0,9.739542e-01,-1.134834e-02,-3.993222e-02
3.000000e-02,7.000000e-02,0.0,9.746545e-01,-1.488622e-02,-3.702422e-02
4.000000e-02,7.000000e-02,0.0,9.756125e-01,-1.769135e-02,-3.358641e-02
5.000000e-02,7.000000e-02,0.0,9.768585e-01,-1.905788e-02,-2.939173e-02
6.000000e-02,7.000000e-02,0.0,9.783580e-01,-1.894098e-02,-2.436240e-02
7.000000e-02,7.000000e-02,0.0,9.800469e-01,-1.795124e-02,-1.795124e-02
8.000000e-02,7.000000e-02,0.0,9.818723e-01,-1.629637e-02,-1.048740e-02
9.000000e-02,7.000000e-02,0.0,9.840282e-01,-1.365367e-02,-1.442316e-03
1.000000e-01,7.000000e-02,0.0,9.867753e-01,-9.334771e-03,9.143719e-03
1.100000e-01,7.000000e-02,0.0,9.902632e-01,-2.861449e-03,2.059974e-02
1.200000e-01,7.000000e-02,0.0,9.944305e-01,5.712963e-03,3.203399e-02
1.300000e-01,7.000000e-02,0.0,9.990159e-01,1.574136e-02,4.217032e-02
1.400000e-01,7.000000e-02,0.0,1.003749e+00,2.652115e-02,4.979451e-02
1.500000e-01,7.000000e-02,0.0,1.008360e+00,3.771821e-02,5.375363e-02
1.600000e-01,7.000000e-02,0.0,1.012582e+00,4.884652e-02,5.317636e-02
1.700000e-01,7.000000e-02,0.0,1.016313e+00,5.880348e-02,4.802625e-02
1.800000e-01,7.000000e-02,0.0,1.018153e+00,6.502822e-02,3.537628e-02
1.900000e-01,7.000000e-02,0.0,1.018612e+00,6.824522e-02,1.846677e-02
2.000000e-01,7.000000e-02,0.0,1.018757e+00,7.076896e-02,6.361419e-04
2.100000e-01,7.000000e-02,0.0,1.018406e+00,7.173878e-02,-1.448880e-02
2.200000e-01,7.000000e-02,0.0,1.017576e+00,7.063550e-02,-2.376670e-02
2.300000e-01,7.000000e-02,0.0,1.016593e+00,6.752966e-02,-2.741007e-02
2.400000e-01,7.000000e-02,0.0,1.015769e+00,6.377998e-02,-2.769270e-02
2.500000e-01,7.000000e-02,0.0,1.014240e+00,5.784456e-02,-2.514085e-02
2.600000e-01,7.000000e-02,0.0,1.010441e+00,4.530187e-02,-2.020281e-02
2.700000e-01,7.000000e-02,0.0,1.004186e+00,2.563048e-02,-1.382751e-02
2.800000e-01,7.000000e-02,0.0,9.984453e-01,7.991785e-03,-8.995573e-03
2.900000e-01,7.000000e-02,0.0,9.954870e-01,-9.835775e-04,-6.905401e-03
3.000000e-01,7.000000e-02,0.0,9.943920e-01,-4.239473e-03,-6.502351e-03
3.100000e-01,7.000000e-02,0.0,9.939325e-01,-5.531921e-03,-6.767896e-03
3.200000e-01,7.000000e-02,0.0,9.936147e-01,-6.332493e-03,-7.321280e-03
3.300000e-01,7.000000e-02,0.0,9.932740e-01,-7.108448e-03,-8.085840e-03
3.400000e-01,7.000000e-02,0.0,9.928438e-01,-8.043799e-03,-9.103152e-03
3.500000e-01,7.000000e-02,0.0,9.922681e-01,-9.252048e-03,-1.042847e-02
3.600000e-01,7.000000e-02,0.0,9.914884e-01,-1.085498e-02,-1.215333e-02
3.700000e-01,7.000000e-02,0.0,9.904490e-01,-1.297530e-02,-1.440879e-02
3.800000e-01,7.000000e-02,0.0,9.891274e-01,-1.569429e-02,-1.720382e-02
3.900000e-01,7.000000e-02,0.0,9.876136e-01,-1.888024e-02,-2.021537e-02
4.000000e-01,7.000000e-02,0.0,9.861759e-01,-2.206140e-02,-2.271417e-02
4.100000e-01,7.000000e-02,0.0,9.851045e-01,-2.464540e-02,-2.399947e-02
4.200000e-01,7.000000e-02,0.0,9.844971e-01,-2.642167e-02,-2.405000e-02
4.300000e-01,7.000000e-02,0.0,9.841741e-01,-2.767742e-02,-2.339974e-02
4.400000e-01,7.000000e-02,0.0,9.840159e-01,-2.845393e-02,-2.232358e-02
4.500000e-01,7.000000e-02,0.0,9.841728e-01,-2.870597e-02,-2.027713e-02
4.600000e-01,7.000000e-02,0.0,9.848067e-01,-2.785718e-02,-1.695510e-02
4.700000e-01,7.000000e-02,0.0,9.859361e-01,-2.584660e-02,-1.221735e-02
4.800000e-01,7.000000e-02,0.0,9.873302e-01,-2.336868e-02,-5.968517e-03
4.900000e-01,7.000000e-02,0.0,9.890572e-01,-2.029777e-02,2.117703e-03
5.000000e-01,7.000000e-02,0.0,9.914598e-01,-1.569257e-02,1.223592e-02
5.100000e-01,7.000000e-02,0.0,9.948276e-01,-8.611403e-03,2.388137e-02
5.200000e-01,7.000000e-02,0.0,9.991185e-01,1.056623e-03,3.598966e-02
5.300000e-01,7.000000e-02,0.0,1.003953e+00,1.242740e-02,4.714321e-02
5.400000e-01,7.000000e-02,0.0,1.008865e+00,2.429526e-02,5.575707e-02
5.500000e-01,7.000000e-02,0.0,1.013367e+00,3.584143e-02,6.040400e-02
5.600000e-01,7.000000e-02,0.0,1.017226e+00,4.648637e-02,6.019419e-02
5.700000e-01,7.000000e-02,0.0,1.020688e+00,5.653992e-02,5.556203e-02
5.800000e-01,7.000000e-02,0.0,1.022882e+00,6.416677e-02,4.405030e-02
5.900000e-01,7.000000e-02,0.0,1.023576e+00,6.832174e-02,2.762465e-02
6.000000e-01,7.000000e-02,0.0,1.023798e+00,7.133777e-02,9.684536e-03
6.100000e-01,7.000000e-02,0.0,1.023482e+00,7.259808e-02,-6.492745e-03
6.200000e-01,7.000000e-02,0.0,1.022688e+00,7.190770e-02,-1.709743e-02
6.300000e-01,7.000000e-02,0.0,1.021680e+00,6.934769e-02,-2.132965e-02
6.400000e-01,7.000000e-02,0.0,1.020906e+00,6.613205e-02,-2.224791e-02
6.500000e-01,7.000000e-02,0.0,1.019567e+00,6.098738e-02,-2.032537e-02
6.600000e-01,7.000000e-02,0.0,1.016163e+00,4.962323e-02,-1.560658e-02
6.700000e-01,7.000000e-02,0.0,1.010010e+00,3.040894e-02,-8.912539e-03
6.800000e-01,7.000000e-02,0.0,1.003969e+00,1.193973e-02,-3.305430e-03
6.900000e-01,7.000000e-02,0.0,1.000973e+00,2.906559e-03,-7.794214e-04
7.000000e-01,7.000000e-02,0.0,1.000170e+00,5.051964e-04,-1.347202e-04
7.100000e-01,7.000000e-02,0.0,1.000026e+00,7.884044e-05,-2.111099e-05
7.200000e-01,7.000000e-02,0.0,1.000005e+00,1.386648e-05,-3.674305e-06
7.300000e-01,7.000000e-02,0.0,1.000001e+00,3.168898e-06,-8.129699e-07
7.400000e-01,7.000000e-02,0.0,1.000000e+00,9.030034e-07,-2.235915e-07
7.500000e-01,7.000000e-02,0.0,1.000000e+00,2.817470e-07,-6.699364e-08
7.600000e-01,7.000000e-02,0.0,1.000000e+00,9.401316e-08,-2.071704e-08
7.700000e-01,7.000000e-02,0.0,1.000000e+00,3.889252e-08,-7.567780e-09
7.800000e-01,7.000000e-02,0.0,1.000000e+00,2.175659e-08,-3.774075e-09
7.900000e-01,7.000000e-02,0.0,1.000000e+00,1.446834e-08,-2.363482e-09
8.000000e-01,7.000000e-02,0.0,1.000000e+00,1.011287e-08,-1.611567e-09
8.100000e-01,7.000000e-02,0.0,1.000000e+00,7.108982e-09,-1.123433e-09
8.200000e-01,7.000000e-02,0.0,1.000000e+00,4.966685e-09,-7.848561e-10
8.300000e-01,7.000000e-02,0.0,1.000000e+00,3.434494e-09,-5.451842e-10
8.400000e-01,7.000000e-02,0.0,1.000000e+00,2.345273e-09,-3.748796e-10
8.500000e-01,7.000000e-02,0.0,1.000000e+00,1.578819e-09,-2.544264e-10
8.600000e-01,7.000000e-02,0.0,1.000000e+00,1.046417e-09,-1.700725e-10
8.700000e-01,7.000000e-02,0.0,1.000000e+00,6.820869e-10,-1.117922e-10
8.800000e-01,7.000000e-02,0.0,1.000000e+00,4.368652e-10,-7.216978e-11
8.900000e-01,7.000000e-02,0.0,1.000000e+00,2.747307e-10,-4.571403e-11
9.000000e-01,7.000000e-02,0.0,1.000000e+00,1.695332e-10,-2.838924e-11
9.100000e-01,7.000000e-02,0.0,1.000000e+00,1.026062e-10,-1.727539e-11
9.200000e-01,7.000000e-02,0.0,1.000000e+00,6.088165e-11,-1.029603e-11
9.300000e-01,7.000000e-02,0.0,1.000000e+00,3.540345e-11,-6.008335e-12
9.400000e-01,7.000000e-02,0.0,1.000000e+00,2.016999e-11,-3.432296e-12
9.500000e-01,7.000000e-02,0.0,1.000000e+00,1.125156e-11,-1.919560e-12
9.600000e-01,7.000000e-02,0.0,1.000000e+00,6.135602e-12,-1.052424e-12
9.700000e-01,7.000000e-02,0.0,1.000000e+00,3.250840e-12,-5.687389e-13
9.800000e-01,7.000000e-02,0.0,1.000000e+00,1.631345e-12,-3.099451e-13
9.900000e-01,7.000000e-02,0.0,1.000000e+00,6.848713e-13,-1.843831e-13
1.000000e+00,7.000000e-02,0.0,1.000000e+00,1.356320e-13,-1.626010e-13
0.000000e+00,8.000000e-02,0.0,9.715826e-01,-2.303328e-04,-4.548751e-02
1.000000e-02,8.000000e-02,0.0,9.712831e-01,-3.506930e-03,-4.711652e-02
2.000000e-02,8.000000e-02,0.0,9.726113e-01,-8.339658e-03,-4.438991e-02
3.000000e-02,8.000000e-02,0.0,9.737801e-01,-1.123150e-02,-4.034710e-02
4.000000e-02,8.000000e-02,0.0,9.753482e-01,-1.300514e-02,-3.564102e-02
5.000000e-02,8.000000e-02,0.0,9.772453e-01,-1.342028e-02,-3.032410e-02
6.000000e-02,8.000000e-02,0.0,9.794175e-01,-1.261506e-02,-2.400679e-02
7.000000e-02,8.000000e-02,0.0,9.818723e-01,-1.048740e-02,-1.629637e-02
8.000000e-02,8.000000e-02,0.0,9.846320e-01,-7.254406e-03,-7.254406e-03
9.000000e-02,8.000000e-02,0.0,9.877332e-01,-2.926010e-03,3.322048e-03
1.000000e-01,8.000000e-02,0.0,9.911854e-01,2.606631e-03,1.513066e-02
1.100000e-01,8.000000e-02,0.0,9.949691e-01,9.360130e-03,2.733422e-02
1.200000e-01,8.000000e-02,0.0,9.989665e-01,1.706748e-02,3.899591e-02
1.300000e-01,8.000000e-02,0.0,1.002883e+00,2.500582e-02,4.871682e-02
1.400000e-01,8.000000e-02,0.0,1.006347e+00,3.246432e-02,5.501408e-02
1.500000e-01,8.000000e-02,0.0,1.009290e+00,3.926018e-02,5.664558e-02
1.600000e-01,8.000000e-02,0.0,1.011865e+00,4.544925e-02,5.410067e-02
1.700000e-01,8.000000e-02,0.0,1.012796e+00,4.839328e-02,4.466077e-02
1.800000e-01,8.000000e-02,0.0,1.012449e+00,4.933146e-02,2.888289e-02
1.900000e-01,8.000000e-02,0.0,1.011982e+00,5.038405e-02,1.100581e-02
2.000000e-01,8.000000e-02,0.0,1.011950e+00,5.286469e-02,-6.561303e-03
2.100000e-01,8.000000e-02,0.0,1.013162e+00,5.867835e-02,-1.989454e-02
2.200000e-01,8.000000e-02,0.0,1.014789e+00,6.451651e-02,-2.613300e-02
2.300000e-01,8.000000e-02,0.0,1.015210e+00,6.524506e-02,-2.744705e-02
2.400000e-01,8.000000e-02,0.0,1.015236e+00,6.413503e-02,-2.709685e-02
2.500000e-01,8.000000e-02,0.0,1.014438e+00,6.035728e-02,-2.545947e-02
2.600000e-01,8.000000e-02,0.0,1.011502e+00,5.001764e-02,-2.173927e-02
2.700000e-01,8.000000e-02,0.0,1.005649e+00,3.133254e-02,-1.644497e-02
2.800000e-01,8.000000e-02,0.0,9.993366e-01,1.176916e-02,-1.162413e-02
2.900000e-01,8.000000e-02,0.0,9.955288e-01,1.867424e-04,-9.247806e-03
3.000000e-01,8.000000e-02,0.0,9.939562e-01,-4.438892e-03,-8.794407e-03
3.100000e-01,8.000000e-02,0.0,9.932672e-01,-6.278365e-03,-9.227223e-03
3.200000e-01,8.000000e-02,0.0,9.927828e-01,-7.371768e-03,-1.007896e-02
3.300000e-01,8.000000e-02,0.0,9.922692e-01,-8.413386e-03,-1.128252e-02
3.400000e-01,8.000000e-02,0.0,9.916198e-01,-9.672617e-03,-1.284681e-02
3.500000e-01,8.000000e-02,0.0,9.907840e-01,-1.127952e-02,-1.484749e-02
3.600000e-01,8.000000e-02,0.0,9.897358e-01,-1.330831e-02,-1.728612e-02
3.700000e-01,8.000000e-02,0.0,9.885001e-01,-1.576191e-02,-2.001061e-02
3.800000e-01,8.000000e-02,0.0,9.872083e-01,-1.844130e-02,-2.262232e-02
3.900000e-01,8.000000e-02,0.0,9.860905e-01,-2.100123e-02,-2.449649e-02
4.000000e-01,8.000000e-02,0.0,9.853047e-01,-2.304425e-02,-2.527158e-02
4.100000e-01,8.000000e-02,0.0,9.848626e-01,-2.459747e-02,-2.511918e-02
4.200000e-01,8.000000e-02,0.0,9.845857e-01,-2.579977e-02,-2.449575e-02
4.300000e-01,8.000000e-02,0.0,9.844947e-01,-2.650747e-02,-2.343631e-02
4.400000e-01,8.000000e-02,0.0,9.847012e-01,-2.672602e-02,-2.146013e-02
4.500000e-01,8.000000e-02,0.0,9.853957e-01,-2.576559e-02,-1.837094e-02
4.600000e-01,8.000000e-02,0.0,9.867176e-01,-2.333786e-02,-1.389622e-02
4.700000e-01,8.000000e-02,0.0,9.885221e-01,-1.987658e-02,-8.023604e-03
4.800000e-01,8.000000e-02,0.0,9.907175e-01,-1.563618e-02,-4.766749e-04
4.900000e-01,8.000000e-02,0.0,9.933916e-01,-1.044446e-02,9.143013e-03
5.000000e-01,8.000000e-02,0.0,9.966520e-01,-3.933133e-03,2.075598e-02
5.100000e-01,8.000000e-02,0.0,1.000500e+00,4.097332e-03,3.349686e-02
5.200000e-01,8.000000e-02,0.0,1.004723e+00,1.326359e-02,4.594249e-02
5.300000e-01,8.000000e-02,0.0,1.008815e+00,2.243735e-02,5.638543e-02
5.400000e-01,8.000000e-02,0.0,1.012207e+00,3.052690e-02,6.310213e-02
5.500000e-01,8.000000e-02,0.0,1.014801e+00,3.706619e-02,6.475059e-02
5.600000e-01,8.000000e-02,0.0,1.016833e+00,4.298320e-02,6.203412e-02
5.700000e-01,8.000000e-02,0.0,1.017945e+00,4.696671e-02,5.408280e-02
5.800000e-01,8.000000e-02,0.0,1.017693e+00,4.860994e-02,3.934427e-02
5.900000e-01,8.000000e-02,0.0,1.017233e+00,5.007897e-02,2.167656e-02
6.000000e-01,8.000000e-02,0.0,1.017106e+00,5.254307e-02,3.867306e-03
6.100000e-01,8.000000e-02,0.0,1.018221e+00,5.839637e-02,-1.089738e-02
6.200000e-01,8.000000e-02,0.0,1.020096e+00,6.538215e-02,-1.829288e-02
6.300000e-01,8.000000e-02,0.0,1.020783e+00,6.717020e-02,-2.012790e-02
6.400000e-01,8.000000e-02,0.0,1.020785e+00,6.647668e-02,-2.013738e-02
6.500000e-01,8.000000e-02,0.0,1.020179e+00,6.365711e-02,-1.870941e-02
6.600000e-01,8.000000e-02,0.0,1.017633e+00,5.478158e-02,-1.545272e-02
6.700000e-01,8.000000e-02,0.0,1.012057e+00,3.701468e-02,-9.979574e-03
6.800000e-01,8.000000e-02,0.0,1.005534e+00,1.681739e-02,-4.352605e-03
6.900000e-01,8.000000e-02,0.0,1.001584e+00,4.776748e-03,-1.198620e-03
7.000000e-01,8.000000e-02,0.0,1.000308e+00,9.231610e-04,-2.284698e-04
7.100000e-01,8.000000e-02,0.0,1.000049e+00,1.476334e-04,-3.649493e-05
7.200000e-01,8.000000e-02,0.0,1.000008e+00,2.426482e-05,-5.960427e-06
7.300000e-01,8.000000e-02,0.0,1.000002e+00,4.905021e-06,-1.172479e-06
7.400000e-01,8.000000e-02,0.0,1.000000e+00,1.273041e-06,-2.928826e-07
7.500000e-01,8.000000e-02,0.0,1.000000e+00,3.835532e-07,-8.503288e-08
7.600000e-01,8.000000e-02,0.0,1.000000e+00,1.247168e-07,-2.620985e-08
7.700000e-01,8.000000e-02,0.0,1.000000e+00,4.786262e-08,-9.202034e-09
7.800000e-01,8.000000e-02,0.0,1.000000e+00,2.463198e-08,-4.298810e-09
7.900000e-01,8.000000e-02,0.0,1.000000e+00,1.574476e-08,-2.587246e-09
8.000000e-01,8.000000e-02,0.0,1.000000e+00,1.087126e-08,-1.735974e-09
8.100000e-01,8.000000e-02,0.0,1.000000e+00,7.619258e-09,-1.201659e-09
8.200000e-01,8.000000e-02,0.0,1.000000e+00,5.324798e-09,-8.365221e-10
8.300000e-01,8.000000e-02,0.0,1.000000e+00,3.689322e-09,-5.800660e-10
8.400000e-01,8.000000e-02,0.0,1.000000e+00,2.526849e-09,-3.986354e-10
8.500000e-01,8.000000e-02,0.0,1.000000e+00,1.707435e-09,-2.706086e-10
8.600000e-01,8.000000e-02,0.0,1.000000e+00,1.136549e-09,-1.810352e-10
8.700000e-01,8.000000e-02,0.0,1.000000e+00,7.443691e-10,-1.191489e-10
8.800000e-01,8.000000e-02,0.0,1.000000e+00,4.792018e-10,-7.704584e-11
8.900000e-01,8.000000e-02,0.0,1.000000e+00,3.029891e-10,-4.889848e-11
9.000000e-01,8.000000e-02,0.0,1.000000e+00,1.880293e-10,-3.043594e-11
9.100000e-01,8.000000e-02,0.0,1.000000e+00,1.144665e-10,-1.856789e-11
9.200000e-01,8.000000e-02,0.0,1.000000e+00,6.832677e-11,-1.109726e-11
9.300000e-01,8.000000e-02,0.0,1.000000e+00,3.997578e-11,-6.495351e-12
9.400000e-01,8.000000e-02,0.0,1.000000e+00,2.291605e-11,-3.722559e-12
9.500000e-01,8.000000e-02,0.0,1.000000e+00,1.286341e-11,-2.089315e-12
9.600000e-01,8.000000e-02,0.0,1.000000e+00,7.057703e-12,-1.149870e-12
9.700000e-01,8.000000e-02,0.0,1.000000e+00,3.761764e-12,-6.240303e-13
9.800000e-01,8.000000e-02,0.0,1.000000e+00,1.897920e-12,-3.417265e-13
9.900000e-01,8.000000e-02,0.0,1.000000e+00,7.998921e-13,-2.043822e-13
1.000000e+00,8.000000e-02,0.0,1.000000e+00,1.579129e-13,-1.806542e-13
0.000000e+00,9.000000e-02,0.0,9.706487e-01,-3.409222e-04,-4.863621e-02
1.000000e-02,9.000000e-02,0.0,9.707547e-01,-1.813031e-03,-4.912480e-02
2.000000e-02,9.000000e-02,0.0,9.720703e-01,-5.035263e-03,-4.652551e-02
3.000000e-02,9.000000e-02,0.0,9.735796e-01,-6.610357e-03,-4.200229e-02
4.000000e-02,9.000000e-02,0.0,9.755554e-01,-7.290790e-03,-3.665817e-02
5.000000e-02,9.000000e-02,0.0,9.778563e-01,-6.882157e-03,-3.051975e-02
6.000000e-02,9.000000e-02,0.0,9.806996e-01,-4.973623e-03,-2.297294e-02
7.000000e-02,9.000000e-02,0.0,9.840282e-01,-1.442316e-03,-1.365367e-02
8.000000e-02,9.000000e-02,0.0,9.877332e-01,3.322048e-03,-2.926010e-03
9.000000e-02,9.000000e-02,0.0,9.916336e-01,8.904142e-03,8.904142e-03
1.000000e-01,9.000000e-02,0.0,9.955743e-01,1.504475e-02,2.144690e-02
1.100000e-01,9.000000e-02,0.0,9.994845e-01,2.156319e-02,3.392201e-02
1.200000e-01,9.000000e-02,0.0,1.003078e+00,2.776019e-02,4.515544e-02
1.300000e-01,9.000000e-02,0.0,1.005831e+00,3.249958e-02,5.320401e-02
1.400000e-01,9.000000e-02,0.0,1.007722e+00,3.570170e-02,5.666664e-02
1.500000e-01,9.000000e-02,0.0,1.008991e+00,3.789854e-02,5.667675e-02
1.600000e-01,9.000000e-02,0.0,1.009198e+00,3.821044e-02,5.026512e-02
1.700000e-01,9.000000e-02,0.0,1.007682e+00,3.549246e-02,3.634648e-02
1.800000e-01,9.000000e-02,0.0,1.005711e+00,3.231784e-02,1.917469e-02
1.900000e-01,9.000000e-02,0.0,1.005014e+00,3.311739e-02,1.749028e-03
2.000000e-01,9.000000e-02,0.0,1.005582e+00,3.720637e-02,-1.401914e-02
2.100000e-01,9.000000e-02,0.0,1.008849e+00,4.880458e-02,-2.378539e-02
2.200000e-01,9.000000e-02,0.0,1.012711e+00,6.082246e-02,-2.745512e-02
2.300000e-01,9.000000e-02,0.0,1.014266e+00,6.469046e-02,-2.771577e-02
2.400000e-01,9.000000e-02,0.0,1.014532e+00,6.423207e-02,-2.696129e-02
2.500000e-01,9.000000e-02,0.0,1.014152e+00,6.180081e-02,-2.585525e-02
2.600000e-01,9.000000e-02,0.0,1.011831e+00,5.348981e-02,-2.353956e-02
2.700000e-01,9.000000e-02,0.0,1.006572e+00,3.633477e-02,-1.940645e-02
2.800000e-01,9.000000e-02,0.0,1.000023e+00,1.581403e-02,-1.488106e-02
2.900000e-01,9.000000e-02,0.0,9.953891e-01,1.697959e-03,-1.247249e-02
3.000000e-01,9.000000e-02,0.0,9.932291e-01,-4.585872e-03,-1.211520e-02
3.100000e-01,9.000000e-02,0.0,9.922189e-01,-7.191605e-03,-1.285664e-02
3.200000e-01,9.000000e-02,0.0,9.914991e-01,-8.744045e-03,-1.417045e-02
3.300000e-01,9.000000e-02,0.0,9.907493e-01,-1.020320e-02,-1.592012e-02
3.400000e-01,9.000000e-02,0.0,9.898659e-01,-1.188209e-02,-1.806554e-02
3.500000e-01,9.000000e-02,0.0,9.888519e-01,-1.381927e-02,-2.047837e-02
3.600000e-01,9.000000e-02,0.0,9.877869e-01,-1.592342e-02,-2.286815e-02
3.700000e-01,9.000000e-02,0.0,9.868113e-01,-1.802414e-02,-2.482200e-02
3.800000e-01,9.000000e-02,0.0,9.860349e-01,-1.990182e-02,-2.593709e-02
3.900000e-01,9.000000e-02,0.0,9.855243e-01,-2.149352e-02,-2.622866e-02
4.000000e-01,9.000000e-02,0.0,9.852017e-01,-2.283332e-02,-2.593251e-02
4.100000e-01,9.000000e-02,0.0,9.849651e-01,-2.395256e-02,-2.534290e-02
4.200000e-01,9.000000e-02,0.0,9.849396e-01,-2.460149e-02,-2.424080e-02
4.300000e-01,9.000000e-02,0.0,9.852012e-01,-2.475454e-02,-2.224689e-02
4.400000e-01,9.000000e-02,0.0,9.859586e-01,-2.372147e-02,-1.917294e-02
4.500000e-01,9.000000e-02,0.0,9.873611e-01,-2.125143e-02,-1.469187e-02
4.600000e-01,9.000000e-02,0.0,9.893554e-01,-1.748663e-02,-8.846145e-03
4.700000e-01,9.000000e-02,0.0,9.918864e-01,-1.253410e-02,-1.567459e-03
4.800000e-01,9.000000e-02,0.0,9.949750e-01,-6.386629e-03,7.572519e-03
4.900000e-01,9.000000e-02,0.0,9.985875e-01,8.665776e-04,1.877501e-02
5.000000e-01,9.000000e-02,0.0,1.002562e+00,8.875056e-03,3.161251e-02
5.100000e-01,9.000000e-02,0.0,1.006600e+00,1.702361e-02,4.475345e-02
5.200000e-01,9.000000e-02,0.0,1.010195e+00,2.436247e-02,5.628445e-02
5.300000e-01,9.000000e-02,0.0,1.012833e+00,2.987828e-02,6.396921e-02
5.400000e-01,9.000000e-02,0.0,1.014286e+00,3.303559e-02,6.698109e-02
5.500000e-01,9.000000e-02,0.0,1.014916e+00,3.508475e-02,6.586098e-02
5.600000e-01,9.000000e-02,0.0,1.015049e+00,3.613484e-02,6.071837e-02
5.700000e-01,9.000000e-02,0.0,1.013728e+00,3.470250e-02,4.825944e-02
5.800000e-01,9.000000e-02,0.0,1.011563e+00,3.146859e-02,3.156374e-02
5.900000e-01,9.000000e-02,0.0,1.010595e+00,3.210131e-02,1.411343e-02
6.000000e-01,9.000000e-02,0.0,1.010924e+00,3.597873e-02,-2.024792e-03
6.100000e-01,9.000000e-02,0.0,1.014179e+00,4.785518e-02,-1.298004e-02
6.200000e-01,9.000000e-02,0.0,1.018580e+00,6.168909e-02,-1.746114e-02
6.300000e-01,9.000000e-02,0.0,1.020453e+00,6.692803e-02,-1.848997e-02
6.400000e-01,9.000000e-02,0.0,1.020777e+00,6.691484e-02,-1.798503e-02
6.500000e-01,9.000000e-02,0.0,1.020543e+00,6.522072e-02,-1.702354e-02
6.600000e-01,9.000000e-02,0.0,1.018596e+00,5.834899e-02,-1.480734e-02
6.700000e-01,9.000000e-02,0.0,1.013749e+00,4.258771e-02,-1.055101e-02
6.800000e-01,9.000000e-02,0.0,1.007154e+00,2.194913e-02,-5.275142e-03
6.900000e-01,9.000000e-02,0.0,1.002372e+00,7.217785e-03,-1.680280e-03
7.000000e-01,9.000000e-02,0.0,1.000517e+00,1.565629e-03,-3.567001e-04
7.100000e-01,9.000000e-02,0.0,1.000087e+00,2.631028e-04,-5.955411e-05
7.200000e-01,9.000000e-02,0.0,1.000014e+00,4.200368e-05,-9.473064e-06
7.300000e-01,9.000000e-02,0.0,1.000003e+00,7.705550e-06,-1.702991e-06
7.400000e-01,9.000000e-02,0.0,1.000001e+00,1.803671e-06,-3.833958e-07
7.500000e-01,9.000000e-02,0.0,1.000000e+00,5.139159e-07,-1.049418e-07
7.600000e-01,9.000000e-02,0.0,1.000000e+00,1.627189e-07,-3.180779e-08
7.700000e-01,9.000000e-02,0.0,1.000000e+00,5.915354e-08,-1.083995e-08
7.800000e-01,9.000000e-02,0.0,1.000000e+00,2.818081e-08,-4.781986e-09
7.900000e-01,9.000000e-02,0.0,1.000000e+00,1.721588e-08,-2.762371e-09
8.000000e-01,9.000000e-02,0.0,1.000000e+00,1.170292e-08,-1.821337e-09
8.100000e-01,9.000000e-02,0.0,1.000000e+00,8.166225e-09,-1.251305e-09
8.200000e-01,9.000000e-02,0.0,1.000000e+00,5.704234e-09,-8.677889e-10
8.300000e-01,9.000000e-02,0.0,1.000000e+00,3.957530e-09,-6.006117e-10
8.400000e-01,9.000000e-02,0.0,1.000000e+00,2.717243e-09,-4.124767e-10
8.500000e-01,9.000000e-02,0.0,1.000000e+00,1.842050e-09,-2.800539e-10
8.600000e-01,9.000000e-02,0.0,1.000000e+00,1.230836e-09,-1.875048e-10
8.700000e-01,9.000000e-02,0.0,1.000000e+00,8.095498e-10,-1.235668e-10
8.800000e-01,9.000000e-02,0.0,1.000000e+00,5.235565e-10,-8.003833e-11
8.900000e-01,9.000000e-02,0.0,1.000000e+00,3.326426e-10,-5.090109e-11
9.000000e-01,9.000000e-02,0.0,1.000000e+00,2.074784e-10,-3.175648e-11
9.100000e-01,9.000000e-02,0.0,1.000000e+00,1.269675e-10,-1.942376e-11
9.200000e-01,9.000000e-02,0.0,1.000000e+00,7.619500e-11,-1.164188e-11
9.300000e-01,9.000000e-02,0.0,1.000000e+00,4.482282e-11,-6.834977e-12
9.400000e-01,9.000000e-02,0.0,1.000000e+00,2.583599e-11,-3.930019e-12
9.500000e-01,9.000000e-02,0.0,1.000000e+00,1.458243e-11,-2.213666e-12
9.600000e-01,9.000000e-02,0.0,1.000000e+00,8.045356e-12,-1.223262e-12
9.700000e-01,9.000000e-02,0.0,1.000000e+00,4.310952e-12,-6.666188e-13
9.800000e-01,9.000000e-02,0.0,1.000000e+00,2.185141e-12,-3.668589e-13
9.900000e-01,9.000000e-02,0.0,1.000000e+00,9.238306e-13,-2.207054e-13
1.000000e+00,9.000000e-02,0.0,1.000000e+00,1.823569e-13,-1.954100e-13
0.000000e+00,1.000000e-01,0.0,9.707340e-01,-1.788013e-04,-4.930586e-02
1.000000e-02,1.000000e-01,0.0,9.709722e-01,-1.479263e-04,-4.943097e-02
2.000000e-02,1.000000e-01,0.0,9.722629e-01,-1.407647e-03,-4.704729e-02
3.000000e-02,1.000000e-01,0.0,9.739653e-01,-1.736571e-03,-4.236000e-02
4.000000e-02,1.000000e-01,0.0,9.761856e-01,-1.115815e-03,-3.658025e-02
5.000000e-02,1.000000e-01,0.0,9.790859e-01,7.164633e-04,-2.912820e-02
6.000000e-02,1.000000e-01,0.0,9.826525e-01,4.168674e-03,-2.017163e-02
7.000000e-02,1.000000e-01,0.0,9.867753e-01,9.143719e-03,-9.334771e-03
8.000000e-02,1.000000e-01,0.0,9.911854e-01,1.513066e-02,2.606631e-03
9.000000e-02,1.000000e-01,0.0,9.955743e-01,2.144690e-02,1.504475e-02
1.000000e-01,1.000000e-01,0.0,9.997695e-01,2.772724e-02,2.772724e-02
1.100000e-01,1.000000e-01,0.0,1.003450e+00,3.327282e-02,3.966823e-02
1.200000e-01,1.000000e-01,0.0,1.005935e+00,3.633056e-02,4.845082e-02
1.300000e-01,1.000000e-01,0.0,1.007135e+00,3.685070e-02,5.331366e-02
1.400000e-01,1.000000e-01,0.0,1.007560e+00,3.636213e-02,5.534952e-02
1.500000e-01,1.000000e-01,0.0,1.007153e+00,3.409794e-02,5.156333e-02
1.600000e-01,1.000000e-01,0.0,1.004301e+00,2.706782e-02,3.987539e-02
1.700000e-01,1.000000e-01,0.0,1.000656e+00,1.922850e-02,2.349701e-02
1.800000e-01,1.000000e-01,0.0,9.986589e-01,1.660895e-02,7.169881e-03
1.900000e-01,1.000000e-01,0.0,9.982819e-01,1.798569e-02,-7.933594e-03
2.000000e-01,1.000000e-01,0.0,1.000196e+00,2.544863e-02,-2.023029e-02
2.100000e-01,1.000000e-01,0.0,1.005642e+00,4.249315e-02,-2.651603e-02
2.200000e-01,1.000000e-01,0.0,1.010975e+00,5.835900e-02,-2.856012e-02
2.300000e-01,1.000000e-01,0.0,1.013167e+00,6.407110e-02,-2.841257e-02
2.400000e-01,1.000000e-01,0.0,1.013580e+00,6.408264e-02,-2.772994e-02
2.500000e-01,1.000000e-01,0.0,1.013404e+00,6.235276e-02,-2.699473e-02
2.600000e-01,1.000000e-01,0.0,1.011578e+00,5.562402e-02,-2.562723e-02
2.700000e-01,1.000000e-01,0.0,1.006902e+00,4.017887e-02,-2.271802e-02
2.800000e-01,1.000000e-01,0.0,1.000240e+00,1.944688e-02,-1.917201e-02
2.900000e-01,1.000000e-01,0.0,9.948648e-01,3.188073e-03,-1.701116e-02
3.000000e-01,1.000000e-01,0.0,9.920615e-01,-4.850415e-03,-1.687033e-02
3.100000e-01,1.000000e-01,0.0,9.906846e-01,-8.327045e-03,-1.793889e-02
3.200000e-01,1.000000e-01,0.0,9.897404e-01,-1.036447e-02,-1.958371e-02
3.300000e-01,1.000000e-01,0.0,9.888558e-01,-1.215254e-02,-2.153664e-02
3.400000e-01,1.000000e-01,0.0,9.879741e-01,-1.396543e-02,-2.354482e-02
3.500000e-01,1.000000e-01,0.0,9.871729e-01,-1.572948e-02,-2.527770e-02
3.600000e-01,1.000000e-01,0.0,9.865328e-01,-1.731162e-02,-2.643305e-02
3.700000e-01,1.000000e-01,0.0,9.860817e-01,-1.871286e-02,-2.690618e-02
3.800000e-01,1.000000e-01,0.0,9.857748e-01,-1.997813e-02,-2.686209e-02
3.900000e-01,1.000000e-01,0.0,9.855261e-01,-2.118524e-02,-2.653089e-02
4.000000e-01,1.000000e-01,0.0,9.853375e-01,-2.220073e-02,-2.594471e-02
4.100000e-01,1.000000e-01,0.0,9.853923e-01,-2.274799e-02,-2.474674e-02
4.200000e-01,1.000000e-01,0.0,9.857323e-01,-2.277723e-02,-2.265017e-02
4.300000e-01,1.000000e-01,0.0,9.865967e-01,-2.158887e-02,-1.943006e-02
4.400000e-01,1.000000e-01,0.0,9.880849e-01,-1.908501e-02,-1.477586e-02
4.500000e-01,1.000000e-01,0.0,9.901804e-01,-1.527417e-02,-8.755936e-03
4.600000e-01,1.000000e-01,0.0,9.928670e-01,-1.014038e-02,-1.391220e-03
4.700000e-01,1.000000e-01,0.0,9.962020e-01,-3.534777e-03,7.575867e-03
4.800000e-01,1.000000e-01,0.0,1.000197e+00,4.575219e-03,1.845642e-02
4.900000e-01,1.000000e-01,0.0,1.004618e+00,1.360108e-02,3.109693e-02
5.000000e-01,1.000000e-01,0.0,1.008935e+00,2.221103e-02,4.436823e-02
5.100000e-01,1.000000e-01,0.0,1.012398e+00,2.884260e-02,5.615840e-02
5.200000e-01,1.000000e-01,0.0,1.014465e+00,3.237069e-02,6.403543e-02
5.300000e-01,1.000000e-01,0.0,1.015083e+00,3.300369e-02,6.768948e-02
5.400000e-01,1.000000e-01,0.0,1.014848e+00,3.259325e-02,6.740626e-02
5.500000e-01,1.000000e-01,0.0,1.014128e+00,3.090163e-02,6.414615e-02
5.600000e-01,1.000000e-01,0.0,1.011708e+00,2.605056e-02,5.423235e-02
5.700000e-01,1.000000e-01,0.0,1.007802e+00,1.816470e-02,3.851105e-02
5.800000e-01,1.000000e-01,0.0,1.005086e+00,1.445446e-02,2.181002e-02
5.900000e-01,1.000000e-01,0.0,1.004384e+00,1.593350e-02,6.540389e-03
6.000000e-01,1.000000e-01,0.0,1.006025e+00,2.325019e-02,-5.874206e-03
6.100000e-01,1.000000e-01,0.0,1.011722e+00,4.157480e-02,-1.266076e-02
6.200000e-01,1.000000e-01,0.0,1.017727e+00,5.970694e-02,-1.550154e-02
6.300000e-01,1.000000e-01,0.0,1.020297e+00,6.687252e-02,-1.619817e-02
6.400000e-01,1.000000e-01,0.0,1.020782e+00,6.736246e-02,-1.591753e-02
6.500000e-01,1.000000e-01,0.0,1.020684e+00,6.614370e-02,-1.536819e-02
6.600000e-01,1.000000e-01,0.0,1.019214e+00,6.076442e-02,-1.392659e-02
6.700000e-01,1.000000e-01,0.0,1.015074e+00,4.711632e-02,-1.066158e-02
6.800000e-01,1.000000e-01,0.0,1.008714e+00,2.697215e-02,-5.955280e-03
6.900000e-01,1.000000e-01,0.0,1.003296e+00,1.011933e-02,-2.161164e-03
7.000000e-01,1.000000e-01,0.0,1.000807e+00,2.464052e-03,-5.121239e-04
7.100000e-01,1.000000e-01,0.0,1.000145e+00,4.416683e-04,-9.078612e-05
7.200000e-01,1.000000e-01,0.0,1.000023e+00,7.048697e-05,-1.445274e-05
7.300000e-01,1.000000e-01,0.0,1.000004e+00,1.209972e-05,-2.447341e-06
7.400000e-01,1.000000e-01,0.0,1.000001e+00,2.568763e-06,-5.009324e-07
7.500000e-01,1.000000e-01,0.0,1.000000e+00,6.818511e-07,-1.271009e-07
7.600000e-01,1.000000e-01,0.0,1.000000e+00,2.084916e-07,-3.724611e-08
7.700000e-01,1.000000e-01,0.0,1.000000e+00,7.268863e-08,-1.235158e-08
7.800000e-01,1.000000e-01,0.0,1.000000e+00,3.239031e-08,-5.189530e-09
7.900000e-01,1.000000e-01,0.0,1.000000e+00,1.886777e-08,-2.879922e-09
8.000000e-01,1.000000e-01,0.0,1.000000e+00,1.259272e-08,-1.864556e-09
8.100000e-01,1.000000e-01,0.0,1.000000e+00,8.738037e-09,-1.271114e-09
8.200000e-01,1.000000e-01,0.0,1.000000e+00,6.096319e-09,-8.781037e-10
8.300000e-01,1.000000e-01,0.0,1.000000e+00,4.232794e-09,-6.065426e-10
8.400000e-01,1.000000e-01,0.0,1.000000e+00,2.911866e-09,-4.162320e-10
8.500000e-01,1.000000e-01,0.0,1.000000e+00,1.979372e-09,-2.826355e-10
8.600000e-01,1.000000e-01,0.0,1.000000e+00,1.326953e-09,-1.893786e-10
8.700000e-01,1.000000e-01,0.0,1.000000e+00,8.760157e-10,-1.249610e-10
8.800000e-01,1.000000e-01,0.0,1.000000e+00,5.688327e-10,-8.107781e-11
8.900000e-01,1.000000e-01,0.0,1.000000e+00,3.629603e-10,-5.166748e-11
9.000000e-01,1.000000e-01,0.0,1.000000e+00,2.274037e-10,-3.231003e-11
9.100000e-01,1.000000e-01,0.0,1.000000e+00,1.398056e-10,-1.981357e-11
9.200000e-01,1.000000e-01,0.0,1.000000e+00,8.429775e-11,-1.190915e-11
9.300000e-01,1.000000e-01,0.0,1.000000e+00,4.982880e-11,-7.013492e-12
9.400000e-01,1.000000e-01,0.0,1.000000e+00,2.886211e-11,-4.045867e-12
9.500000e-01,1.000000e-01,0.0,1.000000e+00,1.637044e-11,-2.286616e-12
9.600000e-01,1.000000e-01,0.0,1.000000e+00,9.075805e-12,-1.268115e-12
9.700000e-01,1.000000e-01,0.0,1.000000e+00,4.885645e-12,-6.941267e-13
9.800000e-01,1.000000e-01,0.0,1.000000e+00,2.486575e-12,-3.837752e-13
9.900000e-01,1.000000e-01,0.0,1.000000e+00,1.054687e-12,-2.318390e-13
1.000000e+00,1.000000e-01,0.0,1.000000e+00,2.079907e-13,-2.060037e-13
0.000000e+00,1.100000e-01,0.0,9.721351e-01,-1.475936e-05,-4.687523e-02
1.000000e-02,1.100000e-01,0.0,9.723787e-01,1.352435e-03,-4.673833e-02
2.000000e-02,1.100000e-01,0.0,9.735000e-01,2.440349e-03,-4.489291e-02
3.000000e-02,1.100000e-01,0.0,9.754964e-01,3.491314e-03,-3.968109e-02
4.000000e-02,1.100000e-01,0.0,9.781264e-01,5.868372e-03,-3.301402e-02
5.000000e-02,1.100000e-01,0.0,9.815665e-01,9.466436e-03,-2.445924e-02
6.000000e-02,1.100000e-01,0.0,9.856776e-01,1.443827e-02,-1.443404e-02
7.000000e-02,1.100000e-01,0.0,9.902632e-01,2.059974e-02,-2.861449e-03
8.000000e-02,1.100000e-01,0.0,9.949691e-01,2.733422e-02,9.360130e-03
9.000000e-02,1.100000e-01,0.0,9.994845e-01,3.392201e-02,2.156319e-02
1.000000e-01,1.100000e-01,0.0,1.003450e+00,3.966823e-02,3.327282e-02
1.100000e-01,1.100000e-01,0.0,1.006024e+00,4.223879e-02,4.223879e-02
1.200000e-01,1.100000e-01,0.0,1.006930e+00,4.148482e-02,4.764821e-02
1.300000e-01,1.100000e-01,0.0,1.007099e+00,3.969424e-02,5.111241e-02
1.400000e-01,1.100000e-01,0.0,1.005907e+00,3.434221e-02,4.917630e-02
1.500000e-01,1.100000e-01,0.0,1.001995e+00,2.379957e-02,3.911639e-02
1.600000e-01,1.100000e-01,0.0,9.967932e-01,1.162135e-02,2.334566e-02
1.700000e-01,1.100000e-01,0.0,9.932022e-01,4.609254e-03,7.945599e-03
1.800000e-01,1.100000e-01,0.0,9.920471e-01,3.827523e-03,-5.195853e-03
1.900000e-01,1.100000e-01,0.0,9.924083e-01,6.483892e-03,-1.686825e-02
2.000000e-01,1.100000e-01,0.0,9.960903e-01,1.808131e-02,-2.494974e-02
2.100000e-01,1.100000e-01,0.0,1.003064e+00,3.874910e-02,-2.862704e-02
2.200000e-01,1.100000e-01,0.0,1.009134e+00,5.630967e-02,-3.020103e-02
2.300000e-01,1.100000e-01,0.0,1.011671e+00,6.294829e-02,-3.026401e-02
2.400000e-01,1.100000e-01,0.0,1.012139e+00,6.329532e-02,-2.991183e-02
2.500000e-01,1.100000e-01,0.0,1.012033e+00,6.199553e-02,-2.967441e-02
2.600000e-01,1.100000e-01,0.0,1.010498e+00,5.648652e-02,-2.911442e-02
2.700000e-01,1.100000e-01,0.0,1.006314e+00,4.274573e-02,-2.746432e-02
2.800000e-01,1.100000e-01,0.0,9.998065e-01,2.234187e-02,-2.479225e-02
2.900000e-01,1.100000e-01,0.0,9.939193e-01,4.447069e-03,-2.284925e-02
3.000000e-01,1.100000e-01,0.0,9.905779e-01,-5.239301e-03,-2.266250e-02
3.100000e-01,1.100000e-01,0.0,9.889830e-01,-9.490676e-03,-2.353433e-02
3.200000e-01,1.100000e-01,0.0,9.880512e-01,-1.178206e-02,-2.476790e-02
3.300000e-01,1.100000e-01,0.0,9.873599e-01,-1.350852e-02,-2.593634e-02
3.400000e-01,1.100000e-01,0.0,9.868256e-01,-1.499398e-02,-2.680473e-02
3.500000e-01,1.100000e-01,0.0,9.864569e-01,-1.628297e-02,-2.726962e-02
3.600000e-01,1.100000e-01,0.0,9.862106e-01,-1.741262e-02,-2.735967e-02
3.700000e-01,1.100000e-01,0.0,9.860143e-01,-1.849785e-02,-2.721990e-02
3.800000e-01,1.100000e-01,0.0,9.858247e-01,-1.957063e-02,-2.690248e-02
3.900000e-01,1.100000e-01,0.0,9.857433e-01,-2.041044e-02,-2.624680e-02
4.000000e-01,1.100000e-01,0.0,9.858848e-01,-2.089121e-02,-2.485356e-02
4.100000e-01,1.100000e-01,0.0,9.863622e-01,-2.068637e-02,-2.255348e-02
4.200000e-01,1.100000e-01,0.0,9.873711e-01,-1.932322e-02,-1.905439e-02
4.300000e-01,1.100000e-01,0.0,9.889762e-01,-1.674339e-02,-1.412087e-02
4.400000e-01,1.100000e-01,0.0,9.911730e-01,-1.289795e-02,-7.833026e-03
4.500000e-01,1.100000e-01,0.0,9.939566e-01,-7.740304e-03,-2.290165e-04
4.600000e-01,1.100000e-01,0.0,9.974002e-01,-1.076586e-03,8.867047e-03
4.700000e-01,1.100000e-01,0.0,1.001581e+00,7.315065e-03,1.969998e-02
4.800000e-01,1.100000e-01,0.0,1.006367e+00,1.713249e-02,3.217762e-02
4.900000e-01,1.100000e-01,0.0,1.011133e+00,2.680946e-02,4.524189e-02
5.000000e-01,1.100000e-01,0.0,1.014786e+00,3.381378e-02,5.661202e-02
5.100000e-01,1.100000e-01,0.0,1.016571e+00,3.644974e-02,6.410827e-02
5.200000e-01,1.100000e-01,0.0,1.016846e+00,3.619048e-02,6.795571e-02
5.300000e-01,1.100000e-01,0.0,1.016008e+00,3.383410e-02,6.821491e-02
5.400000e-01,1.100000e-01,0.0,1.014452e+00,2.944029e-02,6.588228e-02
5.500000e-01,1.100000e-01,0.0,1.011328e+00,2.235231e-02,5.756721e-02
5.600000e-01,1.100000e-01,0.0,1.006105e+00,1.090823e-02,4.262613e-02
5.700000e-01,1.100000e-01,0.0,1.001280e+00,1.664838e-03,2.610146e-02
5.800000e-01,1.100000e-01,0.0,9.993370e-01,2.076781e-04,1.236625e-02
5.900000e-01,1.100000e-01,0.0,9.993796e-01,3.043870e-03,6.334027e-04
6.000000e-01,1.100000e-01,0.0,1.002986e+00,1.547132e-02,-6.916639e-03
6.100000e-01,1.100000e-01,0.0,1.010459e+00,3.822761e-02,-1.055610e-02
6.200000e-01,1.100000e-01,0.0,1.017074e+00,5.810767e-02,-1.303222e-02
6.300000e-01,1.100000e-01,0.0,1.020092e+00,6.656268e-02,-1.397410e-02
6.400000e-01,1.100000e-01,0.0,1.020702e+00,6.755553e-02,-1.399608e-02
6.500000e-01,1.100000e-01,0.0,1.020683e+00,6.663085e-02,-1.376570e-02
6.600000e-01,1.100000e-01,0.0,1.019569e+00,6.237710e-02,-1.282860e-02
6.700000e-01,1.100000e-01,0.0,1.016092e+00,5.074992e-02,-1.036761e-02
6.800000e-01,1.100000e-01,0.0,1.010136e+00,3.161085e-02,-6.329145e-03
6.900000e-01,1.100000e-01,0.0,1.004297e+00,1.329569e-02,-2.572198e-03
7.000000e-01,1.100000e-01,0.0,1.001174e+00,3.613151e-03,-6.780105e-04
7.100000e-01,1.100000e-01,0.0,1.000227e+00,6.959005e-04,-1.286897e-04
7.200000e-01,1.100000e-01,0.0,1.000037e+00,1.131892e-04,-2.087637e-05
7.300000e-01,1.100000e-01,0.0,1.000006e+00,1.868503e-05,-3.416633e-06
7.400000e-01,1.100000e-01,0.0,1.000001e+00,3.654496e-06,-6.472067e-07
7.500000e-01,1.100000e-01,0.0,1.000000e+00,8.982969e-07,-1.514864e-07
7.600000e-01,1.100000e-01,0.0,1.000000e+00,2.627324e-07,-4.228854e-08
7.700000e-01,1.100000e-01,0.0,1.000000e+00,8.827441e-08,-1.360383e-08
7.800000e-01,1.100000e-01,0.0,1.000000e+00,3.718283e-08,-5.481258e-09
7.900000e-01,1.100000e-01,0.0,1.000000e+00,2.066943e-08,-2.929855e-09
8.000000e-01,1.100000e-01,0.0,1.000000e+00,1.352094e-08,-1.862815e-09
8.100000e-01,1.100000e-01,0.0,1.000000e+00,9.321288e-09,-1.260236e-09
8.200000e-01,1.100000e-01,0.0,1.000000e+00,6.491813e-09,-8.672617e-10
8.300000e-01,1.100000e-01,0.0,1.000000e+00,4.508608e-09,-5.978537e-10
8.400000e-01,1.100000e-01,0.0,1.000000e+00,3.106088e-09,-4.099343e-10
8.500000e-01,1.100000e-01,0.0,1.000000e+00,2.116110e-09,-2.783722e-10
8.600000e-01,1.100000e-01,0.0,1.000000e+00,1.422582e-09,-1.866538e-10
8.700000e-01,1.100000e-01,0.0,1.000000e+00,9.421565e-10,-1.233128e-10
8.800000e-01,1.100000e-01,0.0,1.000000e+00,6.139296e-10,-8.013935e-11
8.900000e-01,1.100000e-01,0.0,1.000000e+00,3.932039e-10,-5.117055e-11
9.000000e-01,1.100000e-01,0.0,1.000000e+00,2.473203e-10,-3.207169e-11
9.100000e-01,1.100000e-01,0.0,1.000000e+00,1.526692e-10,-1.971745e-11
9.200000e-01,1.100000e-01,0.0,1.000000e+00,9.243765e-11,-1.188366e-11
9.300000e-01,1.100000e-01,0.0,1.000000e+00,5.487257e-11,-7.018956e-12
9.400000e-01,1.100000e-01,0.0,1.000000e+00,3.192036e-11,-4.061838e-12
9.500000e-01,1.100000e-01,0.0,1.000000e+00,1.818341e-11,-2.303464e-12
9.600000e-01,1.100000e-01,0.0,1.000000e+00,1.012414e-11,-1.281727e-12
9.700000e-01,1.100000e-01,0.0,1.000000e+00,5.472765e-12,-7.042839e-13
9.800000e-01,1.100000e-01,0.0,1.000000e+00,2.795465e-12,-3.909617e-13
9.900000e-01,1.100000e-01,0.0,1.000000e+00,1.188893e-12,-2.375133e-13
1.000000e+00,1.100000e-01,0.0,1.000000e+00,2.341653e-13,-2.115701e-13
0.000000e+00,1.200000e-01,0.0,9.754014e-01,2.272524e-05,-3.946441e-02
1.000000e-02,1.200000e-01,0.0,9.757855e-01,2.835273e-03,-3.856632e-02
2.000000e-02,1.200000e-01,0.0,9.767906e-01,6.172605e-03,-3.716059e-02
3.000000e-02,1.200000e-01,0.0,9.789562e-01,9.382448e-03,-3.171841e-02
4.000000e-02,1.200000e-01,0.0,9.819022e-01,1.358747e-02,-2.446999e-02
5.000000e-02,1.200000e-01,0.0,9.855778e-01,1.886607e-02,-1.558967e-02
6.000000e-02,1.200000e-01,0.0,9.898419e-01,2.511215e-02,-5.462386e-03
7.000000e-02,1.200000e-01,0.0,9.944305e-01,3.203399e-02,5.712963e-03
8.000000e-02,1.200000e-01,0.0,9.989665e-01,3.899591e-02,1.706748e-02
9.000000e-02,1.200000e-01,0.0,1.003078e+00,4.515544e-02,2.776019e-02
1.000000e-01,1.200000e-01,0.0,1.005935e+00,4.845082e-02,3.633056e-02
1.100000e-01,1.200000e-01,0.0,1.006930e+00,4.764821e-02,4.148482e-02
1.200000e-01,1.200000e-01,0.0,1.007010e+00,4.519713e-02,4.519713e-02
1.300000e-01,1.200000e-01,0.0,1.005389e+00,3.829442e-02,4.394919e-02
1.400000e-01,1.200000e-01,0.0,1.000578e+00,2.504540e-02,3.488650e-02
1.500000e-01,1.200000e-01,0.0,9.939348e-01,8.809558e-03,1.954785e-02
1.600000e-01,1.200000e-01,0.0,9.888474e-01,-2.401284e-03,4.819490e-03
1.700000e-01,1.200000e-01,0.0,9.866954e-01,-6.176784e-03,-6.519786e-03
1.800000e-01,1.200000e-01,0.0,9.863779e-01,-5.826165e-03,-1.614009e-02
1.900000e-01,1.200000e-01,0.0,9.879167e-01,-8.141085e-04,-2.391127e-02
2.000000e-01,1.200000e-01,0.0,9.931363e-01,1.431715e-02,-2.852683e-02
2.100000e-01,1.200000e-01,0.0,1.000617e+00,3.596116e-02,-3.089972e-02
2.200000e-01,1.200000e-01,0.0,1.006887e+00,5.394929e-02,-3.265941e-02
2.300000e-01,1.200000e-01,0.0,1.009757e+00,6.151447e-02,-3.323169e-02
2.400000e-01,1.200000e-01,0.0,1.010302e+00,6.198980e-02,-3.319252e-02
2.500000e-01,1.200000e-01,0.0,1.010237e+00,6.081370e-02,-3.339234e-02
2.600000e-01,1.200000e-01,0.0,1.008974e+00,5.619677e-02,-3.339915e-02
2.700000e-01,1.200000e-01,0.0,1.005321e+00,4.431780e-02,-3.233541e-02
2.800000e-01,1.200000e-01,0.0,9.992283e-01,2.498529e-02,-3.006246e-02
2.900000e-01,1.200000e-01,0.0,9.931493e-01,6.031467e-03,-2.801286e-02
3.000000e-01,1.200000e-01,0.0,9.895409e-01,-5.101493e-03,-2.716820e-02
3.100000e-01,1.200000e-01,0.0,9.879717e-01,-9.900329e-03,-2.715503e-02
3.200000e-01,1.200000e-01,0.0,9.872493e-01,-1.221964e-02,-2.733537e-02
3.300000e-01,1.200000e-01,0.0,9.868367e-01,-1.378059e-02,-2.748233e-02
3.400000e-01,1.200000e-01,0.0,9.865654e-01,-1.504203e-02,-2.752918e-02
3.500000e-01,1.200000e-01,0.0,9.863748e-01,-1.612501e-02,-2.748708e-02
3.600000e-01,1.200000e-01,0.0,9.862259e-01,-1.710039e-02,-2.734391e-02
3.700000e-01,1.200000e-01,0.0,9.861424e-01,-1.795059e-02,-2.696130e-02
3.800000e-01,1.200000e-01,0.0,9.862083e-01,-1.856307e-02,-2.606554e-02
3.900000e-01,1.200000e-01,0.0,9.864855e-01,-1.886720e-02,-2.439545e-02
4.000000e-01,1.200000e-01,0.0,9.871695e-01,-1.833658e-02,-2.175170e-02
4.100000e-01,1.200000e-01,0.0,9.883506e-01,-1.682669e-02,-1.785077e-02
4.200000e-01,1.200000e-01,0.0,9.900969e-01,-1.417473e-02,-1.257248e-02
4.300000e-01,1.200000e-01,0.0,9.924108e-01,-1.030245e-02,-5.975082e-03
4.400000e-01,1.200000e-01,0.0,9.952909e-01,-5.158288e-03,1.910143e-03
4.500000e-01,1.200000e-01,0.0,9.988072e-01,1.463091e-03,1.123672e-02
4.600000e-01,1.200000e-01,0.0,1.003056e+00,9.828496e-03,2.221328e-02
4.700000e-01,1.200000e-01,0.0,1.007971e+00,1.981101e-02,3.469528e-02
4.800000e-01,1.200000e-01,0.0,1.012982e+00,3.006062e-02,4.749189e-02
4.900000e-01,1.200000e-01,0.0,1.016878e+00,3.776528e-02,5.811746e-02
5.000000e-01,1.200000e-01,0.0,1.018697e+00,4.065234e-02,6.465510e-02
5.100000e-01,1.200000e-01,0.0,1.018924e+00,4.037476e-02,6.805560e-02
5.200000e-01,1.200000e-01,0.0,1.017901e+00,3.740920e-02,6.857175e-02
5.300000e-01,1.200000e-01,0.0,1.015768e+00,3.119207e-02,6.665789e-02
5.400000e-01,1.200000e-01,0.0,1.011998e+00,2.194962e-02,5.921325e-02
5.500000e-01,1.200000e-01,0.0,1.005827e+00,7.926365e-03,4.462069e-02
5.600000e-01,1.200000e-01,0.0,9.992893e-01,-5.720646e-03,2.774036e-02
5.700000e-01,1.200000e-01,0.0,9.957282e-01,-1.135027e-02,1.479540e-02
5.800000e-01,1.200000e-01,0.0,9.949139e-01,-1.066797e-02,5.054254e-03
5.900000e-01,1.200000e-01,0.0,9.962100e-01,-4.980770e-03,-2.118785e-03
6.000000e-01,1.200000e-01,0.0,1.001777e+00,1.213246e-02,-5.404131e-03
6.100000e-01,1.200000e-01,0.0,1.009671e+00,3.598007e-02,-7.981612e-03
6.200000e-01,1.200000e-01,0.0,1.016352e+00,5.601798e-02,-1.054248e-02
6.300000e-01,1.200000e-01,0.0,1.019752e+00,6.583113e-02,-1.198841e-02
6.400000e-01,1.200000e-01,0.0,1.020551e+00,6.750113e-02,-1.225528e-02
6.500000e-01,1.200000e-01,0.0,1.020592e+00,6.682425e-02,-1.220529e-02
6.600000e-01,1.200000e-01,0.0,1.019781e+00,6.348374e-02,-1.161949e-02
6.700000e-01,1.200000e-01,0.0,1.016868e+00,5.359459e-02,-9.748609e-03
6.800000e-01,1.200000e-01,0.0,1.011370e+00,3.572714e-02,-6.379751e-03
6.900000e-01,1.200000e-01,0.0,1.005308e+00,1.653610e-02,-2.858345e-03
7.000000e-01,1.200000e-01,0.0,1.001604e+00,4.967297e-03,-8.312560e-04
7.100000e-01,1.200000e-01,0.0,1.000334e+00,1.029831e-03,-1.693452e-04
7.200000e-01,1.200000e-01,0.0,1.000056e+00,1.727265e-04,-2.829860e-05
7.300000e-01,1.200000e-01,0.0,1.000009e+00,2.799962e-05,-4.562691e-06
7.400000e-01,1.200000e-01,0.0,1.000002e+00,5.142785e-06,-8.158786e-07
7.500000e-01,1.200000e-01,0.0,1.000000e+00,1.173681e-06,-1.770234e-07
7.600000e-01,1.200000e-01,0.0,1.000000e+00,3.261025e-07,-4.664150e-08
7.700000e-01,1.200000e-01,0.0,1.000000e+00,1.056346e-07,-1.447442e-08
7.800000e-01,1.200000e-01,0.0,1.000000e+00,4.242241e-08,-5.617986e-09
7.900000e-01,1.200000e-01,0.0,1.000000e+00,2.257156e-08,-2.902653e-09
8.000000e-01,1.200000e-01,0.0,1.000000e+00,1.446307e-08,-1.814006e-09
8.100000e-01,1.200000e-01,0.0,1.000000e+00,9.901106e-09,-1.218362e-09
8.200000e-01,1.200000e-01,0.0,1.000000e+00,6.881007e-09,-8.354349e-10
8.300000e-01,1.200000e-01,0.0,1.000000e+00,4.778364e-09,-5.748069e-10
8.400000e-01,1.200000e-01,0.0,1.000000e+00,3.295303e-09,-3.938065e-10
8.500000e-01,1.200000e-01,0.0,1.000000e+00,2.249027e-09,-2.674193e-10
8.600000e-01,1.200000e-01,0.0,1.000000e+00,1.515452e-09,-1.794226e-10
8.700000e-01,1.200000e-01,0.0,1.000000e+00,1.006393e-09,-1.186701e-10
8.800000e-01,1.200000e-01,0.0,1.000000e+00,6.577650e-10,-7.724055e-11
8.900000e-01,1.200000e-01,0.0,1.000000e+00,4.226439e-10,-4.941160e-11
9.000000e-01,1.200000e-01,0.0,1.000000e+00,2.667440e-10,-3.103583e-11
9.100000e-01,1.200000e-01,0.0,1.000000e+00,1.652418e-10,-1.912617e-11
9.200000e-01,1.200000e-01,0.0,1.000000e+00,1.004148e-10,-1.155733e-11
9.300000e-01,1.200000e-01,0.0,1.000000e+00,5.982929e-11,-6.844889e-12
9.400000e-01,1.200000e-01,0.0,1.000000e+00,3.493508e-11,-3.972799e-12
9.500000e-01,1.200000e-01,0.0,1.000000e+00,1.997647e-11,-2.259942e-12
9.600000e-01,1.200000e-01,0.0,1.000000e+00,1.116457e-11,-1.261505e-12
9.700000e-01,1.200000e-01,0.0,1.000000e+00,6.057016e-12,-6.956315e-13
9.800000e-01,1.200000e-01,0.0,1.000000e+00,3.103867e-12,-3.879325e-13
9.900000e-01,1.200000e-01,0.0,1.000000e+00,1.322881e-12,-2.363229e-13
1.000000e+00,1.200000e-01,0.0,1.000000e+00,2.602318e-13,-2.110283e-13
0.000000e+00,1.300000e-01,0.0,9.804459e-01,7.277840e-05,-2.728778e-02
1.000000e-02,1.300000e-01,0.0,9.810609e-01,4.623604e-03,-2.534187e-02
2.000000e-02,1.300000e-01,0.0,9.822001e-01,1.000011e-02,-2.364672e-02
3.000000e-02,1.300000e-01,0.0,9.843526e-01,1.548052e-02,-1.846258e-02
4.000000e-02,1.300000e-01,0.0,9.873312e-01,2.132910e-02,-1.135870e-02
5.000000e-02,1.300000e-01,0.0,9.909057e-01,2.790179e-02,-3.010190e-03
6.000000e-02,1.300000e-01,0.0,9.948971e-01,3.499384e-02,6.130822e-03
7.000000e-02,1.300000e-01,0.0,9.990159e-01,4.217032e-02,1.574136e-02
8.000000e-02,1.300000e-01,0.0,1.002883e+00,4.871682e-02,2.500582e-02
9.000000e-02,1.300000e-01,0.0,1.005831e+00,5.320401e-02,3.249958e-02
1.000000e-01,1.300000e-01,0.0,1.007135e+00,5.331366e-02,3.685070e-02
1.100000e-01,1.300000e-01,0.0,1.007099e+00,5.111241e-02,3.969424e-02
1.200000e-01,1.300000e-01,0.0,1.005389e+00,4.394919e-02,3.829442e-02
1.300000e-01,1.300000e-01,0.0,1.000144e+00,2.937066e-02,2.937066e-02
1.400000e-01,1.300000e-01,0.0,9.923779e-01,9.875921e-03,1.424664e-02
1.500000e-01,1.300000e-01,0.0,9.858199e-01,-5.395144e-03,-2.549539e-04
1.600000e-01,1.300000e-01,0.0,9.825889e-01,-1.205317e-02,-1.027375e-02
1.700000e-01,1.300000e-01,0.0,9.817914e-01,-1.313236e-02,-1.762665e-02
1.800000e-01,1.300000e-01,0.0,9.821807e-01,-1.189182e-02,-2.400265e-02
1.900000e-01,1.300000e-01,0.0,9.850839e-01,-4.224799e-03,-2.826131e-02
2.000000e-01,1.300000e-01,0.0,9.910123e-01,1.226088e-02,-3.103705e-02
2.100000e-01,1.300000e-01,0.0,9.982654e-01,3.304869e-02,-3.310175e-02
2.200000e-01,1.300000e-01,0.0,1.004542e+00,5.107612e-02,-3.509312e-02
2.300000e-01,1.300000e-01,0.0,1.007855e+00,5.993504e-02,-3.587596e-02
2.400000e-01,1.300000e-01,0.0,1.008657e+00,6.092034e-02,-3.576362e-02
2.500000e-01,1.300000e-01,0.0,1.008744e+00,5.978869e-02,-3.578636e-02
2.600000e-01,1.300000e-01,0.0,1.007919e+00,5.593957e-02,-3.568388e-02
2.700000e-01,1.300000e-01,0.0,1.004979e+00,4.564210e-02,-3.457654e-02
2.800000e-01,1.300000e-01,0.0,9.994450e-01,2.749673e-02,-3.224576e-02
2.900000e-01,1.300000e-01,0.0,9.933448e-01,8.056294e-03,-2.994052e-02
3.000000e-01,1.300000e-01,0.0,9.894965e-01,-4.147319e-03,-2.866851e-02
3.100000e-01,1.300000e-01,0.0,9.878789e-01,-9.481056e-03,-2.810689e-02
3.200000e-01,1.300000e-01,0.0,9.872074e-01,-1.194706e-02,-2.780350e-02
3.300000e-01,1.300000e-01,0.0,9.868375e-01,-1.353032e-02,-2.762580e-02
3.400000e-01,1.300000e-01,0.0,9.866031e-01,-1.475228e-02,-2.745865e-02
3.500000e-01,1.300000e-01,0.0,9.864942e-01,-1.566571e-02,-2.715700e-02
3.600000e-01,1.300000e-01,0.0,9.865479e-01,-1.628204e-02,-2.651646e-02
3.700000e-01,1.300000e-01,0.0,9.867690e-01,-1.666054e-02,-2.526787e-02
3.800000e-01,1.300000e-01,0.0,9.873028e-01,-1.647507e-02,-2.316206e-02
3.900000e-01,1.300000e-01,0.0,9.882243e-01,-1.562640e-02,-1.998471e-02
4.000000e-01,1.300000e-01,0.0,9.896114e-01,-1.393775e-02,-1.557681e-02
4.100000e-01,1.300000e-01,0.0,9.915215e-01,-1.121097e-02,-9.897853e-03
4.200000e-01,1.300000e-01,0.0,9.939611e-01,-7.352441e-03,-2.971778e-03
4.300000e-01,1.300000e-01,0.0,9.969425e-01,-2.268174e-03,5.212691e-03
4.400000e-01,1.300000e-01,0.0,1.000536e+00,4.246920e-03,1.479650e-02
4.500000e-01,1.300000e-01,0.0,1.004828e+00,1.245178e-02,2.595994e-02
4.600000e-01,1.300000e-01,0.0,1.009738e+00,2.223131e-02,3.845135e-02
4.700000e-01,1.300000e-01,0.0,1.014698e+00,3.232698e-02,5.088968e-02
4.800000e-01,1.300000e-01,0.0,1.018560e+00,4.007508e-02,6.059576e-02
4.900000e-01,1.300000e-01,0.0,1.020404e+00,4.346086e-02,6.587499e-02
5.000000e-01,1.300000e-01,0.0,1.020660e+00,4.360235e-02,6.816857e-02
5.100000e-01,1.300000e-01,0.0,1.019884e+00,4.152445e-02,6.857147e-02
5.200000e-01,1.300000e-01,0.0,1.017723e+00,3.529079e-02,6.700390e-02
5.300000e-01,1.300000e-01,0.0,1.013428e+00,2.427461e-02,6.003483e-02
5.400000e-01,1.300000e-01,0.0,1.006336e+00,7.622205e-03,4.521576e-02
5.500000e-01,1.300000e-01,0.0,9.985535e-01,-9.177020e-03,2.755200e-02
5.600000e-01,1.300000e-01,0.0,9.936055e-01,-1.838678e-02,1.465284e-02
5.700000e-01,1.300000e-01,0.0,9.919982e-01,-1.977001e-02,6.870987e-03
5.800000e-01,1.300000e-01,0.0,9.921140e-01,-1.769188e-02,1.120021e-03
5.900000e-01,1.300000e-01,0.0,9.950980e-01,-8.155955e-03,-1.698127e-03
6.000000e-01,1.300000e-01,0.0,1.001337e+00,1.070562e-02,-3.374780e-03
6.100000e-01,1.300000e-01,0.0,1.008898e+00,3.349549e-02,-5.620040e-03
6.200000e-01,1.300000e-01,0.0,1.015491e+00,5.347657e-02,-8.430833e-03
6.300000e-01,1.300000e-01,0.0,1.019295e+00,6.474098e-02,-1.020233e-02
6.400000e-01,1.300000e-01,0.0,1.020370e+00,6.734006e-02,-1.064210e-02
6.500000e-01,1.300000e-01,0.0,1.020475e+00,6.687563e-02,-1.065821e-02
6.600000e-01,1.300000e-01,0.0,1.019889e+00,6.423381e-02,-1.027852e-02
6.700000e-01,1.300000e-01,0.0,1.017454e+00,5.577856e-02,-8.892579e-03
6.800000e-01,1.300000e-01,0.0,1.012404e+00,3.924709e-02,-6.135549e-03
6.900000e-01,1.300000e-01,0.0,1.006272e+00,1.965111e-02,-2.983758e-03
7.000000e-01,1.300000e-01,0.0,1.002071e+00,6.449576e-03,-9.477745e-04
7.100000e-01,1.300000e-01,0.0,1.000462e+00,1.435581e-03,-2.067516e-04
7.200000e-01,1.300000e-01,0.0,1.000081e+00,2.497641e-04,-3.578100e-05
7.300000e-01,1.300000e-01,0.0,1.000013e+00,4.033530e-05,-5.757769e-06
7.400000e-01,1.300000e-01,0.0,1.000002e+00,7.084671e-06,-9.892228e-07
7.500000e-01,1.300000e-01,0.0,1.000000e+00,1.514120e-06,-2.010687e-07
7.600000e-01,1.300000e-01,0.0,1.000000e+00,3.986746e-07,-4.985928e-08
7.700000e-01,1.300000e-01,0.0,1.000000e+00,1.243898e-07,-1.485224e-08
7.800000e-01,1.300000e-01,0.0,1.000000e+00,4.792716e-08,-5.567695e-09
7.900000e-01,1.300000e-01,0.0,1.000000e+00,2.450910e-08,-2.791283e-09
8.000000e-01,1.300000e-01,0.0,1.000000e+00,1.539061e-08,-1.717275e-09
8.100000e-01,1.300000e-01,0.0,1.000000e+00,1.046156e-08,-1.145896e-09
8.200000e-01,1.300000e-01,0.0,1.000000e+00,7.253933e-09,-7.832248e-10
8.300000e-01,1.300000e-01,0.0,1.000000e+00,5.035457e-09,-5.379415e-10
8.400000e-01,1.300000e-01,0.0,1.000000e+00,3.474998e-09,-3.682616e-10
8.500000e-01,1.300000e-01,0.0,1.000000e+00,2.374987e-09,-2.500642e-10
8.600000e-01,1.300000e-01,0.0,1.000000e+00,1.603378e-09,-1.678713e-10
8.700000e-01,1.300000e-01,0.0,1.000000e+00,1.067208e-09,-1.111441e-10
8.800000e-01,1.300000e-01,0.0,1.000000e+00,6.992954e-10,-7.244392e-11
8.900000e-01,1.300000e-01,0.0,1.000000e+00,4.505712e-10,-4.642253e-11
9.000000e-01,1.300000e-01,0.0,1.000000e+00,2.852017e-10,-2.921634e-11
9.100000e-01,1.300000e-01,0.0,1.000000e+00,1.772147e-10,-1.804423e-11
9.200000e-01,1.300000e-01,0.0,1.000000e+00,1.080292e-10,-1.092973e-11
9.300000e-01,1.300000e-01,0.0,1.000000e+00,6.457328e-11,-6.489618e-12
9.400000e-01,1.300000e-01,0.0,1.000000e+00,3.782824e-11,-3.776590e-12
9.500000e-01,1.300000e-01,0.0,1.000000e+00,2.170229e-11,-2.154158e-12
9.600000e-01,1.300000e-01,0.0,1.000000e+00,1.216873e-11,-1.206261e-12
9.700000e-01,1.300000e-01,0.0,1.000000e+00,6.622564e-12,-6.673594e-13
9.800000e-01,1.300000e-01,0.0,1.000000e+00,3.403403e-12,-3.734985e-13
9.900000e-01,1.300000e-01,0.0,1.000000e+00,1.453518e-12,-2.283759e-13
1.000000e+00,1.300000e-01,0.0,1.000000e+00,2.855411e-13,-2.039460e-13
0.000000e+00,1.400000e-01,0.0,9.874916e-01,2.411413e-04,-9.774888e-03
1.000000e-02,1.400000e-01,0.0,9.882175e-01,6.556111e-03,-6.940886e-03
2.000000e-02,1.400000e-01,0.0,9.893107e-01,1.429013e-02,-5.353081e-03
3.000000e-02,1.400000e-01,0.0,9.914069e-01,2.107159e-02,-5.896978e-04
4.000000e-02,1.400000e-01,0.0,9.940600e-01,2.827875e-02,5.512060e-03
5.000000e-02,1.400000e-01,0.0,9.971805e-01,3.570381e-02,1.244098e-02
6.000000e-02,1.400000e-01,0.0,1.000524e+00,4.303389e-02,1.958367e-02
7.000000e-02,1.400000e-01,0.0,1.003749e+00,4.979451e-02,2.652115e-02
8.000000e-02,1.400000e-01,0.0,1.006347e+00,5.501408e-02,3.246432e-02
9.000000e-02,1.400000e-01,0.0,1.007722e+00,5.666664e-02,3.570170e-02
1.000000e-01,1.400000e-01,0.0,1.007560e+00,5.534952e-02,3.636213e-02
1.100000e-01,1.400000e-01,0.0,1.005907e+00,4.917630e-02,3.434221e-02
1.200000e-01,1.400000e-01,0.0,1.000578e+00,3.488650e-02,2.504540e-02
1.300000e-01,1.400000e-01,0.0,9.923779e-01,1.424664e-02,9.875921e-03
1.400000e-01,1.400000e-01,0.0,9.847123e-01,-4.458004e-03,-4.458004e-03
1.500000e-01,1.400000e-01,0.0,9.803620e-01,-1.467742e-02,-1.370938e-02
1.600000e-01,1.400000e-01,0.0,9.790007e-01,-1.758920e-02,-1.914744e-02
1.700000e-01,1.400000e-01,0.0,9.789224e-01,-1.772881e-02,-2.355640e-02
1.800000e-01,1.400000e-01,0.0,9.800668e-01,-1.492700e-02,-2.718017e-02
1.900000e-01,1.400000e-01,0.0,9.836911e-01,-5.276634e-03,-2.973704e-02
2.000000e-01,1.400000e-01,0.0,9.895391e-01,1.079586e-02,-3.212240e-02
2.100000e-01,1.400000e-01,0.0,9.964217e-01,3.012243e-02,-3.394116e-02
2.200000e-01,1.400000e-01,0.0,1.002771e+00,4.812121e-02,-3.575316e-02
2.300000e-01,1.400000e-01,0.0,1.006606e+00,5.841723e-02,-3.644657e-02
2.400000e-01,1.400000e-01,0.0,1.007719e+00,6.024774e-02,-3.615099e-02
2.500000e-01,1.400000e-01,0.0,1.007930e+00,5.926681e-02,-3.601068e-02
2.600000e-01,1.400000e-01,0.0,1.007401e+00,5.606377e-02,-3.590576e-02
2.700000e-01,1.400000e-01,0.0,1.004975e+00,4.706787e-02,-3.509589e-02
2.800000e-01,1.400000e-01,0.0,9.998838e-01,3.010657e-02,-3.312984e-02
2.900000e-01,1.400000e-01,0.0,9.938599e-01,1.045850e-02,-3.069865e-02
3.000000e-01,1.400000e-01,0.0,9.898074e-01,-2.762265e-03,-2.909359e-02
3.100000e-01,1.400000e-01,0.0,9.880742e-01,-8.656282e-03,-2.826654e-02
3.200000e-01,1.400000e-01,0.0,9.873889e-01,-1.131119e-02,-2.768842e-02
3.300000e-01,1.400000e-01,0.0,9.870759e-01,-1.290607e-02,-2.713139e-02
3.400000e-01,1.400000e-01,0.0,9.870030e-01,-1.393400e-02,-2.640043e-02
3.500000e-01,1.400000e-01,0.0,9.871578e-01,-1.454812e-02,-2.530944e-02
3.600000e-01,1.400000e-01,0.0,9.875814e-01,-1.462223e-02,-2.359447e-02
3.700000e-01,1.400000e-01,0.0,9.884037e-01,-1.392528e-02,-2.088926e-02
3.800000e-01,1.400000e-01,0.0,9.896106e-01,-1.262828e-02,-1.704540e-02
3.900000e-01,1.400000e-01,0.0,9.912270e-01,-1.064337e-02,-1.206346e-02
4.000000e-01,1.400000e-01,0.0,9.933079e-01,-7.768220e-03,-5.916067e-03
4.100000e-01,1.400000e-01,0.0,9.958834e-01,-3.859084e-03,1.393497e-03
4.200000e-01,1.400000e-01,0.0,9.989806e-01,1.205501e-03,9.917404e-03
4.300000e-01,1.400000e-01,0.0,1.002663e+00,7.616661e-03,1.979936e-02
4.400000e-01,1.400000e-01,0.0,1.006982e+00,1.556224e-02,3.111591e-02
4.500000e-01,1.400000e-01,0.0,1.011791e+00,2.481615e-02,4.342519e-02
4.600000e-01,1.400000e-01,0.0,1.016455e+00,3.408573e-02,5.505982e-02
4.700000e-01,1.400000e-01,0.0,1.019900e+00,4.104432e-02,6.338030e-02
4.800000e-01,1.400000e-01,0.0,1.021481e+00,4.422883e-02,6.720073e-02
4.900000e-01,1.400000e-01,0.0,1.021703e+00,4.484866e-02,6.815918e-02
5.000000e-01,1.400000e-01,0.0,1.021290e+00,4.414876e-02,6.818874e-02
5.100000e-01,1.400000e-01,0.0,1.019693e+00,3.987930e-02,6.690012e-02
5.200000e-01,1.400000e-01,0.0,1.015409e+00,2.883854e-02,6.028932e-02
5.300000e-01,1.400000e-01,0.0,1.007442e+00,9.584947e-03,4.496663e-02
5.400000e-01,1.400000e-01,0.0,9.984394e-01,-1.039772e-02,2.623048e-02
5.500000e-01,1.400000e-01,0.0,9.925542e-01,-2.196784e-02,1.304486e-02
5.600000e-01,1.400000e-01,0.0,9.903289e-01,-2.515569e-02,6.556073e-03
5.700000e-01,1.400000e-01,0.0,9.899706e-01,-2.464257e-02,2.726759e-03
5.800000e-01,1.400000e-01,0.0,9.911163e-01,-2.050797e-02,5.397188e-04
5.900000e-01,1.400000e-01,0.0,9.949247e-01,-8.941775e-03,-4.833000e-04
6.000000e-01,1.400000e-01,0.0,1.000998e+00,9.289417e-03,-1.572661e-03
6.100000e-01,1.400000e-01,0.0,1.008046e+00,3.074557e-02,-3.900565e-03
6.200000e-01,1.400000e-01,0.0,1.014569e+00,5.076794e-02,-6.736345e-03
6.300000e-01,1.400000e-01,0.0,1.018792e+00,6.347342e-02,-8.557542e-03
6.400000e-01,1.400000e-01,0.0,1.020186e+00,6.711996e-02,-9.072696e-03
6.500000e-01,1.400000e-01,0.0,1.020356e+00,6.686122e-02,-9.113408e-03
6.600000e-01,1.400000e-01,0.0,1.019944e+00,6.474942e-02,-8.864753e-03
6.700000e-01,1.400000e-01,0.0,1.017874e+00,5.743335e-02,-7.823300e-03
6.800000e-01,1.400000e-01,0.0,1.013246e+00,4.214934e-02,-5.649063e-03
6.900000e-01,1.400000e-01,0.0,1.007142e+00,2.250916e-02,-2.934868e-03
7.000000e-01,1.400000e-01,0.0,1.002545e+00,7.965196e-03,-1.006625e-03
7.100000e-01,1.400000e-01,0.0,1.000607e+00,1.892707e-03,-2.339596e-04
7.200000e-01,1.400000e-01,0.0,1.000110e+00,3.421085e-04,-4.197976e-05
7.300000e-01,1.400000e-01,0.0,1.000018e+00,5.553721e-05,-6.795614e-06
7.400000e-01,1.400000e-01,0.0,1.000003e+00,9.468349e-06,-1.137432e-06
7.500000e-01,1.400000e-01,0.0,1.000001e+00,1.916801e-06,-2.192810e-07
7.600000e-01,1.400000e-01,0.0,1.000000e+00,4.792414e-07,-5.130722e-08
7.700000e-01,1.400000e-01,0.0,1.000000e+00,1.439891e-07,-1.463400e-08
7.800000e-01,1.400000e-01,0.0,1.000000e+00,5.347884e-08,-5.309361e-09
7.900000e-01,1.400000e-01,0.0,1.000000e+00,2.640641e-08,-2.592829e-09
8.000000e-01,1.400000e-01,0.0,1.000000e+00,1.627271e-08,-1.573506e-09
8.100000e-01,1.400000e-01,0.0,1.000000e+00,1.098638e-08,-1.044113e-09
8.200000e-01,1.400000e-01,0.0,1.000000e+00,7.600682e-09,-7.117195e-10
8.300000e-01,1.400000e-01,0.0,1.000000e+00,5.273454e-09,-4.880923e-10
8.400000e-01,1.400000e-01,0.0,1.000000e+00,3.640837e-09,-3.339046e-10
8.500000e-01,1.400000e-01,0.0,1.000000e+00,2.491014e-09,-2.267248e-10
8.600000e-01,1.400000e-01,0.0,1.000000e+00,1.684297e-09,-1.522768e-10
8.700000e-01,1.400000e-01,0.0,1.000000e+00,1.123173e-09,-1.009108e-10
8.800000e-01,1.400000e-01,0.0,1.000000e+00,7.375357e-10,-6.585645e-11
8.900000e-01,1.400000e-01,0.0,1.000000e+00,4.763154e-10,-4.226637e-11
9.000000e-01,1.400000e-01,0.0,1.000000e+00,3.022430e-10,-2.664762e-11
9.100000e-01,1.400000e-01,0.0,1.000000e+00,1.882897e-10,-1.649011e-11
9.200000e-01,1.400000e-01,0.0,1.000000e+00,1.150877e-10,-1.000950e-11
9.300000e-01,1.400000e-01,0.0,1.000000e+00,6.898128e-11,-5.956823e-12
9.400000e-01,1.400000e-01,0.0,1.000000e+00,4.052375e-11,-3.474998e-12
9.500000e-01,1.400000e-01,0.0,1.000000e+00,2.331418e-11,-1.987142e-12
9.600000e-01,1.400000e-01,0.0,1.000000e+00,1.310933e-11,-1.115723e-12
9.700000e-01,1.400000e-01,0.0,1.000000e+00,7.153681e-12,-6.187652e-13
9.800000e-01,1.400000e-01,0.0,1.000000e+00,3.685101e-12,-3.472818e-13
9.900000e-01,1.400000e-01,0.0,1.000000e+00,1.576534e-12,-2.131859e-13
1.000000e+00,1.400000e-01,0.0,1.000000e+00,3.097688e-13,-1.907018e-13
0.000000e+00,1.500000e-01,0.0,9.967834e-01,4.676853e-04,1.401556e-02
1.000000e-02,1.500000e-01,0.0,9.974719e-01,7.952434e-03,1.747012e-02
2.000000e-02,1.500000e-01,0.0,9.980037e-01,1.784212e-02,1.750958e-02
3.000000e-02,1.500000e-01,0.0,9.996809e-01,2.565611e-02,2.107507e-02
4.000000e-02,1.500000e-01,0.0,1.001779e+00,3.360455e-02,2.547054e-02
5.000000e-02,1.500000e-01,0.0,1.004158e+00,4.137522e-02,3.019404e-02
6.000000e-02,1.500000e-01,0.0,1.006463e+00,4.831309e-02,3.445270e-02
7.000000e-02,1.500000e-01,0.0,1.008360e+00,5.375363e-02,3.771821e-02
8.000000e-02,1.500000e-01,0.0,1.009290e+00,5.664558e-02,3.926018e-02
9.000000e-02,1.500000e-01,0.0,1.008991e+00,5.667675e-02,3.789854e-02
1.000000e-01,1.500000e-01,0.0,1.007153e+00,5.156333e-02,3.409794e-02
1.100000e-01,1.500000e-01,0.0,1.001995e+00,3.911639e-02,2.379957e-02
1.200000e-01,1.500000e-01,0.0,9.939348e-01,1.954785e-02,8.809558e-03
1.300000e-01,1.500000e-01,0.0,9.858199e-01,-2.549539e-04,-5.395144e-03
1.400000e-01,1.500000e-01,0.0,9.803620e-01,-1.370938e-02,-1.467742e-02
1.500000e-01,1.500000e-01,0.0,9.780216e-01,-1.952305e-02,-1.952305e-02
1.600000e-01,1.500000e-01,0.0,9.775942e-01,-2.053469e-02,-2.245712e-02
1.700000e-01,1.500000e-01,0.0,9.779143e-01,-2.024463e-02,-2.494678e-02
1.800000e-01,1.500000e-01,0.0,9.795520e-01,-1.632300e-02,-2.704554e-02
1.900000e-01,1.500000e-01,0.0,9.833113e-01,-6.217687e-03,-2.892118e-02
2.000000e-01,1.500000e-01,0.0,9.888383e-01,9.271617e-03,-3.101651e-02
2.100000e-01,1.500000e-01,0.0,9.953020e-01,2.761750e-02,-3.285517e-02
2.200000e-01,1.500000e-01,0.0,1.001632e+00,4.549357e-02,-3.457335e-02
2.300000e-01,1.500000e-01,0.0,1.005932e+00,5.710748e-02,-3.538185e-02
2.400000e-01,1.500000e-01,0.0,1.007316e+00,5.979865e-02,-3.511809e-02
2.500000e-01,1.500000e-01,0.0,1.007552e+00,5.899485e-02,-3.495688e-02
2.600000e-01,1.500000e-01,0.0,1.007148e+00,5.623899e-02,-3.505752e-02
2.700000e-01,1.500000e-01,0.0,1.005094e+00,4.843539e-02,-3.458545e-02
2.800000e-01,1.500000e-01,0.0,1.000579e+00,3.291044e-02,-3.268672e-02
2.900000e-01,1.500000e-01,0.0,9.946577e-01,1.324171e-02,-3.026383e-02
3.000000e-01,1.500000e-01,0.0,9.904095e-01,-9.154685e-04,-2.852331e-02
3.100000e-01,1.500000e-01,0.0,9.886416e-01,-7.239265e-03,-2.731388e-02
3.200000e-01,1.500000e-01,0.0,9.880861e-01,-9.918074e-03,-2.610410e-02
3.300000e-01,1.500000e-01,0.0,9.880116e-01,-1.133635e-02,-2.465331e-02
3.400000e-01,1.500000e-01,0.0,9.882347e-01,-1.218362e-02,-2.289487e-02
3.500000e-01,1.500000e-01,0.0,9.887945e-01,-1.228218e-02,-2.059949e-02
3.600000e-01,1.500000e-01,0.0,9.898887e-01,-1.121109e-02,-1.724164e-02
3.700000e-01,1.500000e-01,0.0,9.914111e-01,-9.413353e-03,-1.271980e-02
3.800000e-01,1.500000e-01,0.0,9.932790e-01,-7.077956e-03,-7.138853e-03
3.900000e-01,1.500000e-01,0.0,9.955356e-01,-4.019137e-03,-5.066211e-04
4.000000e-01,1.500000e-01,0.0,9.982435e-01,-1.842822e-05,7.225287e-03
4.100000e-01,1.500000e-01,0.0,1.001453e+00,5.096112e-03,1.612836e-02
4.200000e-01,1.500000e-01,0.0,1.005213e+00,1.147501e-02,2.629557e-02
4.300000e-01,1.500000e-01,0.0,1.009499e+00,1.915259e-02,3.763052e-02
4.400000e-01,1.500000e-01,0.0,1.014046e+00,2.768569e-02,4.933270e-02
4.500000e-01,1.500000e-01,0.0,1.018151e+00,3.566552e-02,5.949017e-02
4.600000e-01,1.500000e-01,0.0,1.020906e+00,4.124666e-02,6.587083e-02
4.700000e-01,1.500000e-01,0.0,1.022052e+00,4.371995e-02,6.814957e-02
4.800000e-01,1.500000e-01,0.0,1.022191e+00,4.445607e-02,6.815269e-02
4.900000e-01,1.500000e-01,0.0,1.021956e+00,4.451523e-02,6.777456e-02
5.000000e-01,1.500000e-01,0.0,1.020990e+00,4.240126e-02,6.616265e-02
5.100000e-01,1.500000e-01,0.0,1.017319e+00,3.354354e-02,5.960436e-02
5.200000e-01,1.500000e-01,0.0,1.009044e+00,1.367923e-02,4.401497e-02
5.300000e-01,1.500000e-01,0.0,9.988613e-01,-9.404959e-03,2.428591e-02
5.400000e-01,1.500000e-01,0.0,9.921610e-01,-2.329406e-02,1.081933e-02
5.500000e-01,1.500000e-01,0.0,9.895614e-01,-2.776293e-02,5.195031e-03
5.600000e-01,1.500000e-01,0.0,9.890027e-01,-2.805182e-02,2.847969e-03
5.700000e-01,1.500000e-01,0.0,9.892632e-01,-2.669374e-02,1.564121e-03
5.800000e-01,1.500000e-01,0.0,9.910490e-01,-2.105036e-02,9.898698e-04
5.900000e-01,1.500000e-01,0.0,9.949624e-01,-9.373871e-03,7.475217e-04
6.000000e-01,1.500000e-01,0.0,1.000571e+00,7.644423e-03,-4.295081e-04
6.100000e-01,1.500000e-01,0.0,1.007160e+00,2.799419e-02,-2.797560e-03
6.200000e-01,1.500000e-01,0.0,1.013698e+00,4.821051e-02,-5.339945e-03
6.300000e-01,1.500000e-01,0.0,1.018308e+00,6.221326e-02,-6.995362e-03
6.400000e-01,1.500000e-01,0.0,1.020016e+00,6.687480e-02,-7.523617e-03
6.500000e-01,1.500000e-01,0.0,1.020247e+00,6.680450e-02,-7.574732e-03
6.600000e-01,1.500000e-01,0.0,1.019965e+00,6.511432e-02,-7.412345e-03
6.700000e-01,1.500000e-01,0.0,1.018179e+00,5.868086e-02,-6.637246e-03
6.800000e-01,1.500000e-01,0.0,1.013912e+00,4.445871e-02,-4.969560e-03
6.900000e-01,1.500000e-01,0.0,1.007894e+00,2.500277e-02,-2.719955e-03
7.000000e-01,1.500000e-01,0.0,1.002997e+00,9.423529e-03,-9.941019e-04
7.100000e-01,1.500000e-01,0.0,1.000757e+00,2.370300e-03,-2.443656e-04
7.200000e-01,1.500000e-01,0.0,1.000142e+00,4.443412e-04,-4.539717e-05
7.300000e-01,1.500000e-01,0.0,1.000023e+00,7.285907e-05,-7.422232e-06
7.400000e-01,1.500000e-01,0.0,1.000004e+00,1.219210e-05,-1.222275e-06
7.500000e-01,1.500000e-01,0.0,1.000001e+00,2.365891e-06,-2.261373e-07
7.600000e-01,1.500000e-01,0.0,1.000000e+00,5.646823e-07,-5.022167e-08
7.700000e-01,1.500000e-01,0.0,1.000000e+00,1.636306e-07,-1.373069e-08
7.800000e-01,1.500000e-01,0.0,1.000000e+00,5.882911e-08,-4.835306e-09
7.900000e-01,1.500000e-01,0.0,1.000000e+00,2.818324e-08,-2.309423e-09
8.000000e-01,1.500000e-01,0.0,1.000000e+00,1.707849e-08,-1.385577e-09
8.100000e-01,1.500000e-01,0.0,1.000000e+00,1.145981e-08,-9.152447e-10
8.200000e-01,1.500000e-01,0.0,1.000000e+00,7.911816e-09,-6.225237e-10
8.300000e-01,1.500000e-01,0.0,1.000000e+00,5.486286e-09,-4.264006e-10
8.400000e-01,1.500000e-01,0.0,1.000000e+00,3.788775e-09,-2.915342e-10
8.500000e-01,1.500000e-01,0.0,1.000000e+00,2.594350e-09,-1.979483e-10
8.600000e-01,1.500000e-01,0.0,1.000000e+00,1.756307e-09,-1.330046e-10
8.700000e-01,1.500000e-01,0.0,1.000000e+00,1.172971e-09,-8.820860e-11
8.800000e-01,1.500000e-01,0.0,1.000000e+00,7.715795e-10,-5.762938e-11
8.900000e-01,1.500000e-01,0.0,1.000000e+00,4.992568e-10,-3.703566e-11
9.000000e-01,1.500000e-01,0.0,1.000000e+00,3.174495e-10,-2.338597e-11
9.100000e-01,1.500000e-01,0.0,1.000000e+00,1.981886e-10,-1.449669e-11
9.200000e-01,1.500000e-01,0.0,1.000000e+00,1.214084e-10,-8.815573e-12
9.300000e-01,1.500000e-01,0.0,1.000000e+00,7.293678e-11,-5.256720e-12
9.400000e-01,1.500000e-01,0.0,1.000000e+00,4.294769e-11,-3.072995e-12
9.500000e-01,1.500000e-01,0.0,1.000000e+00,2.476734e-11,-1.761597e-12
9.600000e-01,1.500000e-01,0.0,1.000000e+00,1.395940e-11,-9.911375e-13
9.700000e-01,1.500000e-01,0.0,1.000000e+00,7.634801e-12,-5.511467e-13
9.800000e-01,1.500000e-01,0.0,1.000000e+00,3.940909e-12,-3.100392e-13
9.900000e-01,1.500000e-01,0.0,1.000000e+00,1.688523e-12,-1.905371e-13
1.000000e+00,1.500000e-01,0.0,1.000000e+00,3.316170e-13,-1.709718e-13
0.000000e+00,1.600000e-01,0.0,1.007898e+00,5.869679e-04,4.339211e-02
1.000000e-02,1.600000e-01,0.0,1.008449e+00,8.182173e-03,4.722922e-02
2.000000e-02,1.600000e-01,0.0,1.008127e+00,1.941905e-02,4.488340e-02
3.000000e-02,1.600000e-01,0.0,1.009034e+00,2.812032e-02,4.618317e-02
4.000000e-02,1.600000e-01,0.0,1.010274e+00,3.670917e-02,4.807420e-02
5.000000e-02,1.600000e-01,0.0,1.011570e+00,4.413180e-02,4.982295e-02
6.000000e-02,1.600000e-01,0.0,1.012460e+00,4.984308e-02,5.017308e-02
7.000000e-02,1.600000e-01,0.0,1.012582e+00,5.317636e-02,4.884652e-02
8.000000e-02,1.600000e-01,0.0,1.011865e+00,5.410067e-02,4.544925e-02
9.000000e-02,1.600000e-01,0.0,1.009198e+00,5.026512e-02,3.821044e-02
1.000000e-01,1.600000e-01,0.0,1.004301e+00,3.987539e-02,2.706782e-02
1.100000e-01,1.600000e-01,0.0,9.967932e-01,2.334566e-02,1.162135e-02
1.200000e-01,1.600000e-01,0.0,9.888474e-01,4.819490e-03,-2.401284e-03
1.300000e-01,1.600000e-01,0.0,9.825889e-01,-1.027375e-02,-1.205317e-02
1.400000e-01,1.600000e-01,0.0,9.790007e-01,-1.914744e-02,-1.758920e-02
1.500000e-01,1.600000e-01,0.0,9.775942e-01,-2.245712e-02,-2.053469e-02
1.600000e-01,1.600000e-01,0.0,9.773995e-01,-2.277257e-02,-2.277257e-02
1.700000e-01,1.600000e-01,0.0,9.777547e-01,-2.182165e-02,-2.469339e-02
1.800000e-01,1.600000e-01,0.0,9.795231e-01,-1.715159e-02,-2.620574e-02
1.900000e-01,1.600000e-01,0.0,9.832691e-01,-6.902488e-03,-2.751867e-02
2.000000e-01,1.600000e-01,0.0,9.885516e-01,7.805816e-03,-2.921334e-02
2.100000e-01,1.600000e-01,0.0,9.946888e-01,2.521324e-02,-3.071977e-02
2.200000e-01,1.600000e-01,0.0,1.000902e+00,4.302169e-02,-3.238380e-02
2.300000e-01,1.600000e-01,0.0,1.005514e+00,5.591159e-02,-3.355249e-02
2.400000e-01,1.600000e-01,0.0,1.007259e+00,5.981545e-02,-3.337081e-02
2.500000e-01,1.600000e-01,0.0,1.007555e+00,5.916675e-02,-3.296916e-02
2.600000e-01,1.600000e-01,0.0,1.007317e+00,5.681962e-02,-3.281625e-02
2.700000e-01,1.600000e-01,0.0,1.005726e+00,5.013735e-02,-3.215571e-02
2.800000e-01,1.600000e-01,0.0,1.001747e+00,3.598667e-02,-3.034280e-02
2.900000e-01,1.600000e-01,0.0,9.959906e-01,1.649110e-02,-2.780851e-02
3.000000e-01,1.600000e-01,0.0,9.916928e-01,1.651321e-03,-2.571093e-02
3.100000e-01,1.600000e-01,0.0,9.900800e-01,-4.818300e-03,-2.372247e-02
3.200000e-01,1.600000e-01,0.0,9.898347e-01,-7.300627e-03,-2.142816e-02
3.300000e-01,1.600000e-01,0.0,9.900930e-01,-8.577462e-03,-1.879317e-02
3.400000e-01,1.600000e-01,0.0,9.906601e-01,-9.183410e-03,-1.580832e-02
3.500000e-01,1.600000e-01,0.0,9.918856e-01,-8.188036e-03,-1.184097e-02
3.600000e-01,1.600000e-01,0.0,9.936877e-01,-5.989316e-03,-6.690096e-03
3.700000e-01,1.600000e-01,0.0,9.958203e-01,-3.253665e-03,-5.496035e-04
3.800000e-01,1.600000e-01,0.0,9.982643e-01,2.710649e-05,6.549945e-03
3.900000e-01,1.600000e-01,0.0,1.001103e+00,4.126553e-03,1.467283e-02
4.000000e-01,1.600000e-01,0.0,1.004399e+00,9.255759e-03,2.388152e-02
4.100000e-01,1.600000e-01,0.0,1.008158e+00,1.550641e-02,3.413882e-02
4.200000e-01,1.600000e-01,0.0,1.012257e+00,2.271621e-02,4.504245e-02
4.300000e-01,1.600000e-01,0.0,1.016297e+00,3.019555e-02,5.543304e-02
4.400000e-01,1.600000e-01,0.0,1.019585e+00,3.661083e-02,6.344151e-02
4.500000e-01,1.600000e-01,0.0,1.021550e+00,4.076342e-02,6.769245e-02
4.600000e-01,1.600000e-01,0.0,1.022272e+00,4.275063e-02,6.871736e-02
4.700000e-01,1.600000e-01,0.0,1.022365e+00,4.355142e-02,6.829115e-02
4.800000e-01,1.600000e-01,0.0,1.022200e+00,4.383493e-02,6.756211e-02
4.900000e-01,1.600000e-01,0.0,1.021453e+00,4.255672e-02,6.524466e-02
5.000000e-01,1.600000e-01,0.0,1.018265e+00,3.546656e-02,5.798983e-02
5.100000e-01,1.600000e-01,0.0,1.010491e+00,1.758985e-02,4.175590e-02
5.200000e-01,1.600000e-01,0.0,9.999201e-01,-6.161044e-03,2.166737e-02
5.300000e-01,1.600000e-01,0.0,9.923946e-01,-2.247251e-02,8.507302e-03
5.400000e-01,1.600000e-01,0.0,9.894095e-01,-2.834808e-02,3.601386e-03
5.500000e-01,1.600000e-01,0.0,9.887326e-01,-2.929629e-02,2.211143e-03
5.600000e-01,1.600000e-01,0.0,9.886864e-01,-2.897947e-02,1.767175e-03
5.700000e-01,1.600000e-01,0.0,9.892695e-01,-2.697855e-02,1.513600e-03
5.800000e-01,1.600000e-01,0.0,9.912543e-01,-2.104389e-02,1.637160e-03
5.900000e-01,1.600000e-01,0.0,9.948877e-01,-9.954234e-03,1.307562e-03
6.000000e-01,1.600000e-01,0.0,1.000031e+00,5.889152e-03,-1.133654e-06
6.100000e-01,1.600000e-01,0.0,1.006350e+00,2.553815e-02,-2.064467e-03
6.200000e-01,1.600000e-01,0.0,1.012961e+00,4.604799e-02,-4.124545e-03
6.300000e-01,1.600000e-01,0.0,1.017883e+00,6.108117e-02,-5.498493e-03
6.400000e-01,1.600000e-01,0.0,1.019858e+00,6.661967e-02,-5.985612e-03
6.500000e-01,1.600000e-01,0.0,1.020164e+00,6.678147e-02,-6.039855e-03
6.600000e-01,1.600000e-01,0.0,1.019962e+00,6.534465e-02,-5.940424e-03
6.700000e-01,1.600000e-01,0.0,1.018403e+00,5.959488e-02,-5.392124e-03
6.800000e-01,1.600000e-01,0.0,1.014423e+00,4.624966e-02,-4.139187e-03
6.900000e-01,1.600000e-01,0.0,1.008514e+00,2.706522e-02,-2.358375e-03
7.000000e-01,1.600000e-01,0.0,1.003400e+00,1.073212e-02,-9.059632e-04
7.100000e-01,1.600000e-01,0.0,1.000901e+00,2.831848e-03,-2.332729e-04
7.200000e-01,1.600000e-01,0.0,1.000175e+00,5.482349e-04,-4.469691e-05
7.300000e-01,1.600000e-01,0.0,1.000029e+00,9.094592e-05,-7.390863e-06
7.400000e-01,1.600000e-01,0.0,1.000005e+00,1.505347e-05,-1.205429e-06
7.500000e-01,1.600000e-01,0.0,1.000001e+00,2.829962e-06,-2.160935e-07
7.600000e-01,1.600000e-01,0.0,1.000000e+00,6.496438e-07,-4.589933e-08
7.700000e-01,1.600000e-01,0.0,1.000000e+00,1.822360e-07,-1.209166e-08
7.800000e-01,1.600000e-01,0.0,1.000000e+00,6.370867e-08,-4.152919e-09
7.900000e-01,1.600000e-01,0.0,1.000000e+00,2.976110e-08,-1.948255e-09
8.000000e-01,1.600000e-01,0.0,1.000000e+00,1.777931e-08,-1.158288e-09
8.100000e-01,1.600000e-01,0.0,1.000000e+00,1.186757e-08,-7.624391e-10
8.200000e-01,1.600000e-01,0.0,1.000000e+00,8.178777e-09,-5.177473e-10
8.300000e-01,1.600000e-01,0.0,1.000000e+00,5.668462e-09,-3.543059e-10
8.400000e-01,1.600000e-01,0.0,1.000000e+00,3.915167e-09,-2.421378e-10
8.500000e-01,1.600000e-01,0.0,1.000000e+00,2.682523e-09,-1.644075e-10
8.600000e-01,1.600000e-01,0.0,1.000000e+00,1.817709e-09,-1.105076e-10
8.700000e-01,1.600000e-01,0.0,1.000000e+00,1.215430e-09,-7.333741e-11
8.800000e-01,1.600000e-01,0.0,1.000000e+00,8.006175e-10,-4.795710e-11
8.900000e-01,1.600000e-01,0.0,1.000000e+00,5.188409e-10,-3.085456e-11
9.000000e-01,1.600000e-01,0.0,1.000000e+00,3.304454e-10,-1.950809e-11
9.100000e-01,1.600000e-01,0.0,1.000000e+00,2.066600e-10,-1.211000e-11
9.200000e-01,1.600000e-01,0.0,1.000000e+00,1.268267e-10,-7.375723e-12
9.300000e-01,1.600000e-01,0.0,1.000000e+00,7.633351e-11,-4.405523e-12
9.400000e-01,1.600000e-01,0.0,1.000000e+00,4.503284e-11,-2.579933e-12
9.500000e-01,1.600000e-01,0.0,1.000000e+00,2.602015e-11,-1.481143e-12
9.600000e-01,1.600000e-01,0.0,1.000000e+00,1.469402e-11,-8.352596e-13
9.700000e-01,1.600000e-01,0.0,1.000000e+00,8.051443e-12,-4.651517e-13
9.800000e-01,1.600000e-01,0.0,1.000000e+00,4.162990e-12,-2.621485e-13
9.900000e-01,1.600000e-01,0.0,1.000000e+00,1.785702e-12,-1.617261e-13
1.000000e+00,1.600000e-01,0.0,1.000000e+00,3.505450e-13,-1.450800e-13
0.000000e+00,1.700000e-01,0.0,1.019456e+00,4.548411e-04,7.497619e-02
1.000000e-02,1.700000e-01,0.0,1.019956e+00,7.291332e-03,7.911640e-02
2.000000e-02,1.700000e-01,0.0,1.019124e+00,1.886752e-02,7.531191e-02
3.000000e-02,1.700000e-01,0.0,1.019304e+00,2.797775e-02,7.445665e-02
4.000000e-02,1.700000e-01,0.0,1.019315e+00,3.642450e-02,7.281333e-02
5.000000e-02,1.700000e-01,0.0,1.018975e+00,4.273024e-02,7.023358e-02
6.000000e-02,1.700000e-01,0.0,1.018066e+00,4.669288e-02,6.591749e-02
7.000000e-02,1.700000e-01,0.0,1.016313e+00,4.802625e-02,5.880348e-02
8.000000e-02,1.700000e-01,0.0,1.012796e+00,4.466077e-02,4.839328e-02
9.000000e-02,1.700000e-01,0.0,1.007682e+00,3.634648e-02,3.549246e-02
1.000000e-01,1.700000e-01,0.0,1.000656e+00,2.349701e-02,1.922850e-02
1.100000e-01,1.700000e-01,0.0,9.932022e-01,7.945599e-03,4.609254e-03
1.200000e-01,1.700000e-01,0.0,9.866954e-01,-6.519786e-03,-6.176784e-03
1.300000e-01,1.700000e-01,0.0,9.817914e-01,-1.762665e-02,-1.313236e-02
1.400000e-01,1.700000e-01,0.0,9.789224e-01,-2.355640e-02,-1.772881e-02
1.500000e-01,1.700000e-01,0.0,9.779143e-01,-2.494678e-02,-2.024463e-02
1.600000e-01,1.700000e-01,0.0,9.777547e-01,-2.469339e-02,-2.182165e-02
1.700000e-01,1.700000e-01,0.0,9.782354e-01,-2.299453e-02,-2.299453e-02
1.800000e-01,1.700000e-01,0.0,9.802526e-01,-1.757587e-02,-2.371427e-02
1.900000e-01,1.700000e-01,0.0,9.838822e-01,-7.469316e-03,-2.460430e-02
2.000000e-01,1.700000e-01,0.0,9.887532e-01,6.348701e-03,-2.624698e-02
2.100000e-01,1.700000e-01,0.0,9.945956e-01,2.314821e-02,-2.763463e-02
2.200000e-01,1.700000e-01,0.0,1.000786e+00,4.110449e-02,-2.888075e-02
2.300000e-01,1.700000e-01,0.0,1.005797e+00,5.522841e-02,-2.968928e-02
2.400000e-01,1.700000e-01,0.0,1.008046e+00,6.058336e-02,-2.935213e-02
2.500000e-01,1.700000e-01,0.0,1.008463e+00,6.019473e-02,-2.848536e-02
2.600000e-01,1.700000e-01,0.0,1.008407e+00,5.818685e-02,-2.786321e-02
2.700000e-01,1.700000e-01,0.0,1.007155e+00,5.229934e-02,-2.698834e-02
2.800000e-01,1.700000e-01,0.0,1.003712e+00,3.948345e-02,-2.509643e-02
2.900000e-01,1.700000e-01,0.0,9.983284e-01,2.059642e-02,-2.200239e-02
3.000000e-01,1.700000e-01,0.0,9.941471e-01,5.319954e-03,-1.909331e-02
3.100000e-01,1.700000e-01,0.0,9.928475e-01,-1.084905e-03,-1.607421e-02
3.200000e-01,1.700000e-01,0.0,9.929680e-01,-3.339445e-03,-1.258313e-02
3.300000e-01,1.700000e-01,0.0,9.934979e-01,-4.630096e-03,-8.825148e-03
3.400000e-01,1.700000e-01,0.0,9.946143e-01,-4.426771e-03,-4.340487e-03
3.500000e-01,1.700000e-01,0.0,9.965278e-01,-2.277770e-03,1.326046e-03
3.600000e-01,1.700000e-01,0.0,9.988917e-01,8.151725e-04,7.959208e-03
3.700000e-01,1.700000e-01,0.0,1.001524e+00,4.372570e-03,1.544503e-02
3.800000e-01,1.700000e-01,0.0,1.004466e+00,8.562057e-03,2.382903e-02
3.900000e-01,1.700000e-01,0.0,1.007765e+00,1.359158e-02,3.308330e-02
4.000000e-01,1.700000e-01,0.0,1.011362e+00,1.945828e-02,4.293431e-02
4.100000e-01,1.700000e-01,0.0,1.015019e+00,2.581475e-02,5.265104e-02
4.200000e-01,1.700000e-01,0.0,1.018282e+00,3.183664e-02,6.093661e-02
4.300000e-01,1.700000e-01,0.0,1.020618e+00,3.661070e-02,6.640134e-02
4.400000e-01,1.700000e-01,0.0,1.021870e+00,3.956314e-02,6.875065e-02
4.500000e-01,1.700000e-01,0.0,1.022311e+00,4.128828e-02,6.897049e-02
4.600000e-01,1.700000e-01,0.0,1.022391e+00,4.220432e-02,6.844065e-02
4.700000e-01,1.700000e-01,0.0,1.022199e+00,4.260786e-02,6.724517e-02
4.800000e-01,1.700000e-01,0.0,1.021316e+00,4.131617e-02,6.415237e-02
4.900000e-01,1.700000e-01,0.0,1.018072e+00,3.459411e-02,5.573751e-02
5.000000e-01,1.700000e-01,0.0,1.010750e+00,1.874168e-02,3.848977e-02
5.100000e-01,1.700000e-01,0.0,1.000991e+00,-2.280191e-03,1.832342e-02
5.200000e-01,1.700000e-01,0.0,9.935637e-01,-1.858826e-02,6.030241e-03
5.300000e-01,1.700000e-01,0.0,9.899843e-01,-2.674277e-02,2.165013e-03
5.400000e-01,1.700000e-01,0.0,9.888894e-01,-2.926299e-02,1.359614e-03
5.500000e-01,1.700000e-01,0.0,9.887161e-01,-2.944762e-02,1.337793e-03
5.600000e-01,1.700000e-01,0.0,9.887958e-01,-2.901999e-02,1.391411e-03
5.700000e-01,1.700000e-01,0.0,9.894938e-01,-2.681027e-02,1.634856e-03
5.800000e-01,1.700000e-01,0.0,9.913808e-01,-2.101685e-02,1.748943e-03
5.900000e-01,1.700000e-01,0.0,9.947098e-01,-1.073685e-02,1.320636e-03
6.000000e-01,1.700000e-01,0.0,9.995067e-01,4.283438e-03,6.732199e-05
6.100000e-01,1.700000e-01,0.0,1.005707e+00,2.360589e-02,-1.501124e-03
6.200000e-01,1.700000e-01,0.0,1.012395e+00,4.437476e-02,-3.005144e-03
6.300000e-01,1.700000e-01,0.0,1.017541e+00,6.015318e-02,-4.065318e-03
6.400000e-01,1.700000e-01,0.0,1.019728e+00,6.638718e-02,-4.458927e-03
6.500000e-01,1.700000e-01,0.0,1.020095e+00,6.674999e-02,-4.507840e-03
6.600000e-01,1.700000e-01,0.0,1.019948e+00,6.547830e-02,-4.459650e-03
6.700000e-01,1.700000e-01,0.0,1.018555e+00,6.024678e-02,-4.099680e-03
6.800000e-01,1.700000e-01,0.0,1.014792e+00,4.759435e-02,-3.165981e-03
6.900000e-01,1.700000e-01,0.0,1.008995e+00,2.867270e-02,-1.874440e-03
7.000000e-01,1.700000e-01,0.0,1.003733e+00,1.181409e-02,-7.474730e-04
7.100000e-01,1.700000e-01,0.0,1.001027e+00,3.236779e-03,-1.992625e-04
7.200000e-01,1.700000e-01,0.0,1.000205e+00,6.434644e-04,-3.913155e-05
7.300000e-01,1.700000e-01,0.0,1.000034e+00,1.079310e-04,-6.537522e-06
7.400000e-01,1.700000e-01,0.0,1.000006e+00,1.775894e-05,-1.059733e-06
7.500000e-01,1.700000e-01,0.0,1.000001e+00,3.264377e-06,-1.853441e-07
7.600000e-01,1.700000e-01,0.0,1.000000e+00,7.269761e-07,-3.798408e-08
7.700000e-01,1.700000e-01,0.0,1.000000e+00,1.985288e-07,-9.738444e-09
7.800000e-01,1.700000e-01,0.0,1.000000e+00,6.784572e-08,-3.285519e-09
7.900000e-01,1.700000e-01,0.0,1.000000e+00,3.106895e-08,-1.520845e-09
8.000000e-01,1.700000e-01,0.0,1.000000e+00,1.835059e-08,-8.980031e-10
8.100000e-01,1.700000e-01,0.0,1.000000e+00,1.219751e-08,-5.896187e-10
8.200000e-01,1.700000e-01,0.0,1.000000e+00,8.394240e-09,-3.999437e-10
8.300000e-01,1.700000e-01,0.0,1.000000e+00,5.815259e-09,-2.735195e-10
8.400000e-01,1.700000e-01,0.0,1.000000e+00,4.016876e-09,-1.868763e-10
8.500000e-01,1.700000e-01,0.0,1.000000e+00,2.753407e-09,-1.268911e-10
8.600000e-01,1.700000e-01,0.0,1.000000e+00,1.867047e-09,-8.531758e-11
8.700000e-01,1.700000e-01,0.0,1.000000e+00,1.249545e-09,-5.665102e-11
8.800000e-01,1.700000e-01,0.0,1.000000e+00,8.239568e-10,-3.707312e-11
8.900000e-01,1.700000e-01,0.0,1.000000e+00,5.345914e-10,-2.387324e-11
9.000000e-01,1.700000e-01,0.0,1.000000e+00,3.409072e-10,-1.510978e-11
9.100000e-01,1.700000e-01,0.0,1.000000e+00,2.134880e-10,-9.390299e-12
9.200000e-01,1.700000e-01,0.0,1.000000e+00,1.311993e-10,-5.726429e-12
9.300000e-01,1.700000e-01,0.0,1.000000e+00,7.907869e-11,-3.424904e-12
9.400000e-01,1.700000e-01,0.0,1.000000e+00,4.672149e-11,-2.008134e-12
9.500000e-01,1.700000e-01,0.0,1.000000e+00,2.703598e-11,-1.154699e-12
9.600000e-01,1.700000e-01,0.0,1.000000e+00,1.529029e-11,-6.519807e-13
9.700000e-01,1.700000e-01,0.0,1.000000e+00,8.390527e-12,-3.638077e-13
9.800000e-01,1.700000e-01,0.0,1.000000e+00,4.343508e-12,-2.052323e-13
9.900000e-01,1.700000e-01,0.0,1.000000e+00,1.864667e-12,-1.268618e-13
1.000000e+00,1.700000e-01,0.0,1.000000e+00,3.659036e-13,-1.137285e-13
0.000000e+00,1.800000e-01,0.0,1.029763e+00,8.416409e-05,1.039360e-01
1.000000e-02,1.800000e-01,0.0,1.030453e+00,6.244587e-03,1.085251e-01
2.000000e-02,1.800000e-01,0.0,1.029625e+00,1.741547e-02,1.048098e-01
3.000000e-02,1.800000e-01,0.0,1.029172e+00,2.513130e-02,1.019462e-01
4.000000e-02,1.800000e-01,0.0,1.027737e+00,3.158250e-02,9.669079e-02
5.000000e-02,1.800000e-01,0.0,1.025689e+00,3.650696e-02,8.917628e-02
6.000000e-02,1.800000e-01,0.0,1.022560e+00,3.802766e-02,7.871797e-02
7.000000e-02,1.800000e-01,0.0,1.018153e+00,3.537628e-02,6.502822e-02
8.000000e-02,1.800000e-01,0.0,1.012449e+00,2.888289e-02,4.933146e-02
9.000000e-02,1.800000e-01,0.0,1.005711e+00,1.917469e-02,3.231784e-02
1.000000e-01,1.800000e-01,0.0,9.986589e-01,7.169881e-03,1.660895e-02
1.100000e-01,1.800000e-01,0.0,9.920471e-01,-5.195853e-03,3.827523e-03
1.200000e-01,1.800000e-01,0.0,9.863779e-01,-1.614009e-02,-5.826165e-03
1.300000e-01,1.800000e-01,0.0,9.821807e-01,-2.400265e-02,-1.189182e-02
1.400000e-01,1.800000e-01,0.0,9.800668e-01,-2.718017e-02,-1.492700e-02
1.500000e-01,1.800000e-01,0.0,9.795520e-01,-2.704554e-02,-1.632300e-02
1.600000e-01,1.800000e-01,0.0,9.795231e-01,-2.620574e-02,-1.715159e-02
1.700000e-01,1.800000e-01,0.0,9.802526e-01,-2.371427e-02,-1.757587e-02
1.800000e-01,1.800000e-01,0.0,9.822058e-01,-1.799218e-02,-1.799218e-02
1.900000e-01,1.800000e-01,0.0,9.854468e-01,-8.430750e-03,-1.910133e-02
2.000000e-01,1.800000e-01,0.0,9.899694e-01,4.903974e-03,-2.059050e-02
2.100000e-01,1.800000e-01,0.0,9.957347e-01,2.179780e-02,-2.154833e-02
2.200000e-01,1.800000e-01,0.0,1.002053e+00,4.025973e-02,-2.200914e-02
2.300000e-01,1.800000e-01,0.0,1.007344e+00,5.533621e-02,-2.220737e-02
2.400000e-01,1.800000e-01,0.0,1.010053e+00,6.209489e-02,-2.175382e-02
2.500000e-01,1.800000e-01,0.0,1.010644e+00,6.216832e-02,-2.047271e-02
2.600000e-01,1.800000e-01,0.0,1.010698e+00,6.035823e-02,-1.933917e-02
2.700000e-01,1.800000e-01,0.0,1.009757e+00,5.514959e-02,-1.796834e-02
2.800000e-01,1.800000e-01,0.0,1.006916e+00,4.366535e-02,-1.558836e-02
2.900000e-01,1.800000e-01,0.0,1.002094e+00,2.577905e-02,-1.169193e-02
3.000000e-01,1.800000e-01,0.0,9.980639e-01,1.017987e-02,-7.702728e-03
3.100000e-01,1.800000e-01,0.0,9.970867e-01,3.841426e-03,-3.809675e-03
3.200000e-01,1.800000e-01,0.0,9.975036e-01,1.719329e-03,6.661932e-04
3.300000e-01,1.800000e-01,0.0,9.983622e-01,7.096469e-04,5.574562e-03
3.400000e-01,1.800000e-01,0.0,1.000094e+00,1.997394e-03,1.153867e-02
3.500000e-01,1.800000e-01,0.0,1.002528e+00,5.064869e-03,1.849829e-02
3.600000e-01,1.800000e-01,0.0,1.005278e+00,8.829845e-03,2.617620e-02
3.700000e-01,1.800000e-01,0.0,1.008230e+00,1.303682e-02,3.448196e-02
3.800000e-01,1.800000e-01,0.0,1.011357e+00,1.776466e-02,4.321962e-02
3.900000e-01,1.800000e-01,0.0,1.014530e+00,2.290170e-02,5.186082e-02
4.000000e-01,1.800000e-01,0.0,1.017453e+00,2.801276e-02,5.951821e-02
4.100000e-01,1.800000e-01,0.0,1.019754e+00,3.247098e-02,6.515447e-02
4.200000e-01,1.800000e-01,0.0,1.021228e+00,3.572839e-02,6.821168e-02
4.300000e-01,1.800000e-01,0.0,1.021928e+00,3.796343e-02,6.916034e-02
4.400000e-01,1.800000e-01,0.0,1.022238e+00,3.952137e-02,6.896426e-02
4.500000e-01,1.800000e-01,0.0,1.022273e+00,4.045257e-02,6.834494e-02
4.600000e-01,1.800000e-01,0.0,1.021979e+00,4.079201e-02,6.654664e-02
4.700000e-01,1.800000e-01,0.0,1.020724e+00,3.891015e-02,6.237868e-02
4.800000e-01,1.800000e-01,0.0,1.017026e+00,3.162519e-02,5.229046e-02
4.900000e-01,1.800000e-01,0.0,1.009804e+00,1.690832e-02,3.419874e-02
5.000000e-01,1.800000e-01,0.0,1.001189e+00,-5.670836e-04,1.491936e-02
5.100000e-01,1.800000e-01,0.0,9.950335e-01,-1.360754e-02,3.857134e-03
5.200000e-01,1.800000e-01,0.0,9.916421e-01,-2.177207e-02,7.887434e-04
5.300000e-01,1.800000e-01,0.0,9.897763e-01,-2.694159e-02,5.703028e-04
5.400000e-01,1.800000e-01,0.0,9.889919e-01,-2.911160e-02,7.183832e-04
5.500000e-01,1.800000e-01,0.0,9.888748e-01,-2.928613e-02,8.991861e-04
5.600000e-01,1.800000e-01,0.0,9.889899e-01,-2.879064e-02,1.165529e-03
5.700000e-01,1.800000e-01,0.0,9.896786e-01,-2.656985e-02,1.443975e-03
5.800000e-01,1.800000e-01,0.0,9.913994e-01,-2.117464e-02,1.468726e-03
5.900000e-01,1.800000e-01,0.0,9.944530e-01,-1.152529e-02,8.946566e-04
6.000000e-01,1.800000e-01,0.0,9.990953e-01,3.047269e-03,-4.823110e-06
6.100000e-01,1.800000e-01,0.0,1.005264e+00,2.227297e-02,-1.000269e-03
6.200000e-01,1.800000e-01,0.0,1.012010e+00,4.321675e-02,-1.938152e-03
6.300000e-01,1.800000e-01,0.0,1.017291e+00,5.946689e-02,-2.675453e-03
6.400000e-01,1.800000e-01,0.0,1.019632e+00,6.620500e-02,-2.954101e-03
6.500000e-01,1.800000e-01,0.0,1.020042e+00,6.671288e-02,-2.993951e-03
6.600000e-01,1.800000e-01,0.0,1.019929e+00,6.555117e-02,-2.971912e-03
6.700000e-01,1.800000e-01,0.0,1.018646e+00,6.067584e-02,-2.760699e-03
6.800000e-01,1.800000e-01,0.0,1.015065e+00,4.853975e-02,-2.171517e-03
6.900000e-01,1.800000e-01,0.0,1.009340e+00,2.983928e-02,-1.290232e-03
7.000000e-01,1.800000e-01,0.0,1.003981e+00,1.262267e-02,-5.308887e-04
7.100000e-01,1.800000e-01,0.0,1.001125e+00,3.551906e-03,-1.441521e-04
7.200000e-01,1.800000e-01,0.0,1.000228e+00,7.199436e-04,-2.876756e-05
7.300000e-01,1.800000e-01,0.0,1.000039e+00,1.218205e-04,-4.841782e-06
7.400000e-01,1.800000e-01,0.0,1.000006e+00,1.998411e-05,-7.807516e-07
7.500000e-01,1.800000e-01,0.0,1.000001e+00,3.619154e-06,-1.337697e-07
7.600000e-01,1.800000e-01,0.0,1.000000e+00,7.888706e-07,-2.678778e-08
7.700000e-01,1.800000e-01,0.0,1.000000e+00,2.112222e-07,-6.795159e-09
7.800000e-01,1.800000e-01,0.0,1.000000e+00,7.099627e-08,-2.271132e-09
7.900000e-01,1.800000e-01,0.0,1.000000e+00,3.204844e-08,-1.041699e-09
8.000000e-01,1.800000e-01,0.0,1.000000e+00,1.877297e-08,-6.121693e-10
8.100000e-01,1.800000e-01,0.0,1.000000e+00,1.244006e-08,-4.012818e-10
8.200000e-01,1.800000e-01,0.0,1.000000e+00,8.552356e-09,-2.720220e-10
8.300000e-01,1.800000e-01,0.0,1.000000e+00,5.922868e-09,-1.859798e-10
8.400000e-01,1.800000e-01,0.0,1.000000e+00,4.091366e-09,-1.270581e-10
8.500000e-01,1.800000e-01,0.0,1.000000e+00,2.805288e-09,-8.628623e-11
8.600000e-01,1.800000e-01,0.0,1.000000e+00,1.903146e-09,-5.803503e-11
8.700000e-01,1.800000e-01,0.0,1.000000e+00,1.274505e-09,-3.855370e-11
8.800000e-01,1.800000e-01,0.0,1.000000e+00,8.410369e-10,-2.524519e-11
8.900000e-01,1.800000e-01,0.0,1.000000e+00,5.461244e-10,-1.626838e-11
9.000000e-01,1.800000e-01,0.0,1.000000e+00,3.485731e-10,-1.030429e-11
9.100000e-01,1.800000e-01,0.0,1.000000e+00,2.184952e-10,-6.409456e-12
9.200000e-01,1.800000e-01,0.0,1.000000e+00,1.344093e-10,-3.912271e-12
9.300000e-01,1.800000e-01,0.0,1.000000e+00,8.109619e-11,-2.341990e-12
9.400000e-01,1.800000e-01,0.0,1.000000e+00,4.796327e-11,-1.374728e-12
9.500000e-01,1.800000e-01,0.0,1.000000e+00,2.778393e-11,-7.913442e-13
9.600000e-01,1.800000e-01,0.0,1.000000e+00,1.573010e-11,-4.472457e-13
9.700000e-01,1.800000e-01,0.0,1.000000e+00,8.640705e-12,-2.497079e-13
9.800000e-01,1.800000e-01,0.0,1.000000e+00,4.477221e-12,-1.412891e-13
9.900000e-01,1.800000e-01,0.0,1.000000e+00,1.923362e-12,-8.745697e-14
1.000000e+00,1.800000e-01,0.0,1.000000e+00,3.772604e-13,-7.853926e-14
0.000000e+00,1.900000e-01,0.0,1.037635e+00,-1.727446e-04,1.264666e-01
1.000000e-02,1.900000e-01,0.0,1.038604e+00,5.566873e-03,1.310208e-01
2.000000e-02,1.900000e-01,0.0,1.037346e+00,1.458292e-02,1.262788e-01
3.000000e-02,1.900000e-01,0.0,1.035904e+00,1.967612e-02,1.209292e-01
4.000000e-02,1.900000e-01,0.0,1.033412e+00,2.350285e-02,1.123730e-01
5.000000e-02,1.900000e-01,0.0,1.029673e+00,2.448970e-02,1.006478e-01
6.000000e-02,1.900000e-01,0.0,1.024689e+00,2.299200e-02,8.573761e-02
7.000000e-02,1.900000e-01,0.0,1.018612e+00,1.846677e-02,6.824522e-02
8.000000e-02,1.900000e-01,0.0,1.011982e+00,1.100581e-02,5.038405e-02
9.000000e-02,1.900000e-01,0.0,1.005014e+00,1.749028e-03,3.311739e-02
1.000000e-01,1.900000e-01,0.0,9.982819e-01,-7.933594e-03,1.798569e-02
1.100000e-01,1.900000e-01,0.0,9.924083e-01,-1.686825e-02,6.483892e-03
1.200000e-01,1.900000e-01,0.0,9.879167e-01,-2.391127e-02,-8.141085e-04
1.300000e-01,1.900000e-01,0.0,9.850839e-01,-2.826131e-02,-4.224799e-03
1.400000e-01,1.900000e-01,0.0,9.836911e-01,-2.973704e-02,-5.276634e-03
1.500000e-01,1.900000e-01,0.0,9.833113e-01,-2.892118e-02,-6.217687e-03
1.600000e-01,1.900000e-01,0.0,9.832691e-01,-2.751867e-02,-6.902488e-03
1.700000e-01,1.900000e-01,0.0,9.838822e-01,-2.460430e-02,-7.469316e-03
1.800000e-01,1.900000e-01,0.0,9.854468e-01,-1.910133e-02,-8.430750e-03
1.900000e-01,1.900000e-01,0.0,9.883277e-01,-9.832407e-03,-9.832407e-03
2.000000e-01,1.900000e-01,0.0,9.927322e-01,3.896229e-03,-1.084590e-02
2.100000e-01,1.900000e-01,0.0,9.985820e-01,2.134868e-02,-1.110942e-02
2.200000e-01,1.900000e-01,0.0,1.004995e+00,4.044688e-02,-1.099265e-02
2.300000e-01,1.900000e-01,0.0,1.010396e+00,5.622823e-02,-1.059830e-02
2.400000e-01,1.900000e-01,0.0,1.013445e+00,6.422720e-02,-9.869518e-03
2.500000e-01,1.900000e-01,0.0,1.014290e+00,6.498258e-02,-8.277148e-03
2.600000e-01,1.900000e-01,0.0,1.014461e+00,6.337882e-02,-6.423557e-03
2.700000e-01,1.900000e-01,0.0,1.013871e+00,5.889266e-02,-4.206988e-03
2.800000e-01,1.900000e-01,0.0,1.011592e+00,4.858632e-02,-1.054516e-03
2.900000e-01,1.900000e-01,0.0,1.007351e+00,3.175563e-02,3.369938e-03
3.000000e-01,1.900000e-01,0.0,1.003434e+00,1.594530e-02,8.373307e-03
3.100000e-01,1.900000e-01,0.0,1.002668e+00,9.587716e-03,1.289282e-02
3.200000e-01,1.900000e-01,0.0,1.003299e+00,7.558994e-03,1.804829e-02
3.300000e-01,1.900000e-01,0.0,1.004566e+00,7.288136e-03,2.397363e-02
3.400000e-01,1.900000e-01,0.0,1.006719e+00,9.489901e-03,3.083050e-02
3.500000e-01,1.900000e-01,0.0,1.009350e+00,1.305525e-02,3.822471e-02
3.600000e-01,1.900000e-01,0.0,1.012093e+00,1.705096e-02,4.578566e-02
3.700000e-01,1.900000e-01,0.0,1.014781e+00,2.119513e-02,5.312789e-02
3.800000e-01,1.900000e-01,0.0,1.017235e+00,2.528324e-02,5.965093e-02
3.900000e-01,1.900000e-01,0.0,1.019226e+00,2.899206e-02,6.465358e-02
4.000000e-01,1.900000e-01,0.0,1.020616e+00,3.201038e-02,6.768314e-02
4.100000e-01,1.900000e-01,0.0,1.021411e+00,3.431836e-02,6.896129e-02
4.200000e-01,1.900000e-01,0.0,1.021829e+00,3.615749e-02,6.910707e-02
4.300000e-01,1.900000e-01,0.0,1.022072e+00,3.759577e-02,6.880297e-02
4.400000e-01,1.900000e-01,0.0,1.021999e+00,3.842170e-02,6.781079e-02
4.500000e-01,1.900000e-01,0.0,1.021484e+00,3.843396e-02,6.518761e-02
4.600000e-01,1.900000e-01,0.0,1.019631e+00,3.545477e-02,5.945022e-02
4.700000e-01,1.900000e-01,0.0,1.015265e+00,2.722396e-02,4.735328e-02
4.800000e-01,1.900000e-01,0.0,1.008069e+00,1.337393e-02,2.882276e-02
4.900000e-01,1.900000e-01,0.0,1.000670e+00,-7.697974e-04,1.150033e-02
5.000000e-01,1.900000e-01,0.0,9.959800e-01,-1.019540e-02,2.404007e-03
5.100000e-01,1.900000e-01,0.0,9.934620e-01,-1.623484e-02,-8.578560e-05
5.200000e-01,1.900000e-01,0.0,9.916083e-01,-2.160832e-02,-2.356918e-04
5.300000e-01,1.900000e-01,0.0,9.899579e-01,-2.651336e-02,5.928448e-05
5.400000e-01,1.900000e-01,0.0,9.891410e-01,-2.886731e-02,2.895140e-04
5.500000e-01,1.900000e-01,0.0,9.890361e-01,-2.904082e-02,5.018315e-04
5.600000e-01,1.900000e-01,0.0,9.891521e-01,-2.853011e-02,7.579328e-04
5.700000e-01,1.900000e-01,0.0,9.897819e-01,-2.642887e-02,9.647630e-04
5.800000e-01,1.900000e-01,0.0,9.913164e-01,-2.144090e-02,8.191411e-04
5.900000e-01,1.900000e-01,0.0,9.942333e-01,-1.218347e-02,3.662655e-04
6.000000e-01,1.900000e-01,0.0,9.988602e-01,2.337054e-03,-5.678023e-05
6.100000e-01,1.900000e-01,0.0,1.005047e+00,2.159095e-02,-4.457402e-04
6.200000e-01,1.900000e-01,0.0,1.011777e+00,4.255470e-02,-9.710844e-04
6.300000e-01,1.900000e-01,0.0,1.017137e+00,5.903972e-02,-1.321267e-03
6.400000e-01,1.900000e-01,0.0,1.019571e+00,6.608420e-02,-1.470521e-03
6.500000e-01,1.900000e-01,0.0,1.020009e+00,6.668724e-02,-1.496363e-03
6.600000e-01,1.900000e-01,0.0,1.019916e+00,6.559244e-02,-1.483681e-03
6.700000e-01,1.900000e-01,0.0,1.018694e+00,6.090054e-02,-1.381839e-03
6.800000e-01,1.900000e-01,0.0,1.015216e+00,4.908390e-02,-1.130239e-03
6.900000e-01,1.900000e-01,0.0,1.009560e+00,3.057427e-02,-6.797560e-04
7.000000e-01,1.900000e-01,0.0,1.004135e+00,1.313599e-02,-2.739267e-04
7.100000e-01,1.900000e-01,0.0,1.001187e+00,3.751349e-03,-7.799873e-05
7.200000e-01,1.900000e-01,0.0,1.000244e+00,7.691098e-04,-1.572452e-05
7.300000e-01,1.900000e-01,0.0,1.000041e+00,1.308697e-04,-2.633472e-06
7.400000e-01,1.900000e-01,0.0,1.000007e+00,2.144212e-05,-4.182141e-07
7.500000e-01,1.900000e-01,0.0,1.000001e+00,3.851030e-06,-6.936116e-08
7.600000e-01,1.900000e-01,0.0,1.000000e+00,8.289442e-07,-1.367783e-08
7.700000e-01,1.900000e-01,0.0,1.000000e+00,2.193438e-07,-3.491331e-09
7.800000e-01,1.900000e-01,0.0,1.000000e+00,7.298609e-08,-1.156901e-09
7.900000e-01,1.900000e-01,0.0,1.000000e+00,3.265744e-08,-5.265471e-10
8.000000e-01,1.900000e-01,0.0,1.000000e+00,1.903207e-08,-3.085557e-10
8.100000e-01,1.900000e-01,0.0,1.000000e+00,1.258805e-08,-2.021902e-10
8.200000e-01,1.900000e-01,0.0,1.000000e+00,8.648719e-09,-1.370938e-10
8.300000e-01,1.900000e-01,0.0,1.000000e+00,5.988428e-09,-9.376901e-11
8.400000e-01,1.900000e-01,0.0,1.000000e+00,4.136735e-09,-6.409465e-11
8.500000e-01,1.900000e-01,0.0,1.000000e+00,2.836882e-09,-4.355345e-11
8.600000e-01,1.900000e-01,0.0,1.000000e+00,1.925129e-09,-2.931260e-11
8.700000e-01,1.900000e-01,0.0,1.000000e+00,1.289708e-09,-1.948603e-11
8.800000e-01,1.900000e-01,0.0,1.000000e+00,8.514446e-10,-1.276821e-11
8.900000e-01,1.900000e-01,0.0,1.000000e+00,5.531554e-10,-8.234002e-12
9.000000e-01,1.900000e-01,0.0,1.000000e+00,3.532494e-10,-5.218816e-12
9.100000e-01,1.900000e-01,0.0,1.000000e+00,2.215513e-10,-3.248520e-12
9.200000e-01,1.900000e-01,0.0,1.000000e+00,1.363698e-10,-1.984368e-12
9.300000e-01,1.900000e-01,0.0,1.000000e+00,8.232955e-11,-1.188827e-12
9.400000e-01,1.900000e-01,0.0,1.000000e+00,4.872345e-11,-6.984691e-13
9.500000e-01,1.900000e-01,0.0,1.000000e+00,2.824231e-11,-4.020489e-13
9.600000e-01,1.900000e-01,0.0,1.000000e+00,1.599989e-11,-2.273790e-13
9.700000e-01,1.900000e-01,0.0,1.000000e+00,8.794195e-12,-1.271239e-13
9.800000e-01,1.900000e-01,0.0,1.000000e+00,4.558994e-12,-7.210370e-14
9.900000e-01,1.900000e-01,0.0,1.000000e+00,1.959196e-12,-4.475509e-14
1.000000e+00,1.900000e-01,0.0,1.000000e+00,3.843989e-13,-3.999926e-14
0.000000e+00,2.000000e-01,0.0,1.042611e+00,3.316243e-04,1.404295e-01
1.000000e-02,2.000000e-01,0.0,1.042982e+00,3.636373e-03,1.420277e-01
2.000000e-02,2.000000e-01,0.0,1.040881e+00,9.478775e-03,1.353323e-01
3.000000e-02,2.000000e-01,0.0,1.038397e+00,1.168674e-02,1.271883e-01
4.000000e-02,2.000000e-01,0.0,1.034866e+00,1.215977e-02,1.163472e-01
5.000000e-02,2.000000e-01,0.0,1.030401e+00,1.054040e-02,1.032424e-01
6.000000e-02,2.000000e-01,0.0,1.024993e+00,6.508602e-03,8.775189e-02
7.000000e-02,2.000000e-01,0.0,1.018757e+00,6.361419e-04,7.076896e-02
8.000000e-02,2.000000e-01,0.0,1.011950e+00,-6.561303e-03,5.286469e-02
9.000000e-02,2.000000e-01,0.0,1.005582e+00,-1.401914e-02,3.720637e-02
1.000000e-01,2.000000e-01,0.0,1.000196e+00,-2.023029e-02,2.544863e-02
1.100000e-01,2.000000e-01,0.0,9.960903e-01,-2.494974e-02,1.808131e-02
1.200000e-01,2.000000e-01,0.0,9.931363e-01,-2.852683e-02,1.431715e-02
1.300000e-01,2.000000e-01,0.0,9.910123e-01,-3.103705e-02,1.226088e-02
1.400000e-01,2.000000e-01,0.0,9.895391e-01,-3.212240e-02,1.079586e-02
1.500000e-01,2.000000e-01,0.0,9.888383e-01,-3.101651e-02,9.271617e-03
1.600000e-01,2.000000e-01,0.0,9.885516e-01,-2.921334e-02,7.805816e-03
1.700000e-01,2.000000e-01,0.0,9.887532e-01,-2.624698e-02,6.348701e-03
1.800000e-01,2.000000e-01,0.0,9.899694e-01,-2.059050e-02,4.903974e-03
1.900000e-01,2.000000e-01,0.0,9.927322e-01,-1.084590e-02,3.896229e-03
2.000000e-01,2.000000e-01,0.0,9.971963e-01,3.387129e-03,3.387129e-03
2.100000e-01,2.000000e-01,0.0,1.003083e+00,2.158357e-02,3.619444e-03
2.200000e-01,2.000000e-01,0.0,1.009552e+00,4.132453e-02,4.175745e-03
2.300000e-01,2.000000e-01,0.0,1.015046e+00,5.779324e-02,5.206997e-03
2.400000e-01,2.000000e-01,0.0,1.018307e+00,6.669171e-02,6.567384e-03
2.500000e-01,2.000000e-01,0.0,1.019456e+00,6.832636e-02,8.519293e-03
2.600000e-01,2.000000e-01,0.0,1.019777e+00,6.698221e-02,1.111587e-02
2.700000e-01,2.000000e-01,0.0,1.019508e+00,6.324207e-02,1.424577e-02
2.800000e-01,2.000000e-01,0.0,1.017643e+00,5.386002e-02,1.810654e-02
2.900000e-01,2.000000e-01,0.0,1.013794e+00,3.782692e-02,2.261272e-02
3.000000e-01,2.000000e-01,0.0,1.009946e+00,2.193006e-02,2.799516e-02
3.100000e-01,2.000000e-01,0.0,1.009127e+00,1.545945e-02,3.289367e-02
3.200000e-01,2.000000e-01,0.0,1.009891e+00,1.373735e-02,3.804972e-02
3.300000e-01,2.000000e-01,0.0,1.011323e+00,1.417275e-02,4.402258e-02
3.400000e-01,2.000000e-01,0.0,1.013365e+00,1.665089e-02,5.026078e-02
3.500000e-01,2.000000e-01,0.0,1.015534e+00,1.991655e-02,5.613211e-02
3.600000e-01,2.000000e-01,0.0,1.017492e+00,2.318968e-02,6.120605e-02
3.700000e-01,2.000000e-01,0.0,1.019067e+00,2.616499e-02,6.508567e-02
3.800000e-01,2.000000e-01,0.0,1.020197e+00,2.867963e-02,6.750631e-02
3.900000e-01,2.000000e-01,0.0,1.020902e+00,3.077629e-02,6.866016e-02
4.000000e-01,2.000000e-01,0.0,1.021325e+00,3.260507e-02,6.895244e-02
4.100000e-01,2.000000e-01,0.0,1.021640e+00,3.426448e-02,6.879240e-02
4.200000e-01,2.000000e-01,0.0,1.021749e+00,3.548323e-02,6.827724e-02
4.300000e-01,2.000000e-01,0.0,1.021525e+00,3.615994e-02,6.653054e-02
4.400000e-01,2.000000e-01,0.0,1.020537e+00,3.527603e-02,6.271877e-02
4.500000e-01,2.000000e-01,0.0,1.017902e+00,3.095048e-02,5.484271e-02
4.600000e-01,2.000000e-01,0.0,1.012845e+00,2.186049e-02,4.077396e-02
4.700000e-01,2.000000e-01,0.0,1.005910e+00,9.235469e-03,2.271148e-02
4.800000e-01,2.000000e-01,0.0,9.998542e-01,-1.702310e-03,8.207727e-03
4.900000e-01,2.000000e-01,0.0,9.964774e-01,-8.184638e-03,1.355640e-03
5.000000e-01,2.000000e-01,0.0,9.947804e-01,-1.220507e-02,-5.100484e-04
5.100000e-01,2.000000e-01,0.0,9.934256e-01,-1.618256e-02,-7.275443e-04
5.200000e-01,2.000000e-01,0.0,9.917702e-01,-2.122004e-02,-5.876563e-04
5.300000e-01,2.000000e-01,0.0,9.901157e-01,-2.622365e-02,-3.533163e-04
5.400000e-01,2.000000e-01,0.0,9.892704e-01,-2.865759e-02,-1.315915e-04
5.500000e-01,2.000000e-01,0.0,9.891586e-01,-2.883114e-02,2.916267e-05
5.600000e-01,2.000000e-01,0.0,9.892518e-01,-2.833642e-02,1.869156e-04
5.700000e-01,2.000000e-01,0.0,9.897859e-01,-2.641639e-02,1.877815e-04
5.800000e-01,2.000000e-01,0.0,9.912209e-01,-2.166589e-02,5.080510e-05
5.900000e-01,2.000000e-01,0.0,9.941213e-01,-1.246113e-02,-2.049066e-05
6.000000e-01,2.000000e-01,0.0,9.988097e-01,2.149811e-03,-2.232503e-05
6.100000e-01,2.000000e-01,0.0,1.004981e+00,2.141760e-02,-9.405535e-06
6.200000e-01,2.000000e-01,0.0,1.011705e+00,4.233189e-02,2.555461e-06
6.300000e-01,2.000000e-01,0.0,1.017085e+00,5.889917e-02,1.690565e-06
6.400000e-01,2.000000e-01,0.0,1.019548e+00,6.604624e-02,7.782874e-07
6.500000e-01,2.000000e-01,0.0,1.019999e+00,6.669010e-02,3.816887e-07
6.600000e-01,2.000000e-01,0.0,1.019912e+00,6.561299e-02,5.245175e-08
6.700000e-01,2.000000e-01,0.0,1.018707e+00,6.097520e-02,-1.127979e-07
6.800000e-01,2.000000e-01,0.0,1.015253e+00,4.923239e-02,-8.218239e-08
6.900000e-01,2.000000e-01,0.0,1.009636e+00,3.082517e-02,-1.631455e-08
7.000000e-01,2.000000e-01,0.0,1.004212e+00,1.337666e-02,2.299002e-09
7.100000e-01,2.000000e-01,0.0,1.001219e+00,3.857956e-03,8.124202e-10
7.200000e-01,2.000000e-01,0.0,1.000252e+00,7.951945e-04,1.167986e-10
7.300000e-01,2.000000e-01,0.0,1.000043e+00,1.355086e-04,4.447128e-11
7.400000e-01,2.000000e-01,0.0,1.000007e+00,2.217090e-05,3.168823e-11
7.500000e-01,2.000000e-01,0.0,1.000001e+00,3.964121e-06,2.334744e-11
7.600000e-01,2.000000e-01,0.0,1.000000e+00,8.472151e-07,1.800135e-11
7.700000e-01,2.000000e-01,0.0,1.000000e+00,2.225693e-07,1.332764e-11
7.800000e-01,2.000000e-01,0.0,1.000000e+00,7.367061e-08,9.043820e-12
7.900000e-01,2.000000e-01,0.0,1.000000e+00,3.285364e-08,5.956087e-12
8.000000e-01,2.000000e-01,0.0,1.000000e+00,1.911579e-08,3.859927e-12
8.100000e-01,2.000000e-01,0.0,1.000000e+00,1.263658e-08,2.443703e-12
8.200000e-01,2.000000e-01,0.0,1.000000e+00,8.680539e-09,1.501585e-12
8.300000e-01,2.000000e-01,0.0,1.000000e+00,6.010142e-09,8.948686e-13
8.400000e-01,2.000000e-01,0.0,1.000000e+00,4.151794e-09,5.179072e-13
8.500000e-01,2.000000e-01,0.0,1.000000e+00,2.847387e-09,2.916912e-13
8.600000e-01,2.000000e-01,0.0,1.000000e+00,1.932452e-09,1.595264e-13
8.700000e-01,2.000000e-01,0.0,1.000000e+00,1.294780e-09,8.503559e-14
8.800000e-01,2.000000e-01,0.0,1.000000e+00,8.549223e-10,4.411356e-14
8.900000e-01,2.000000e-01,0.0,1.000000e+00,5.555077e-10,2.221990e-14
9.000000e-01,2.000000e-01,0.0,1.000000e+00,3.548158e-10,1.070454e-14
9.100000e-01,2.000000e-01,0.0,1.000000e+00,2.225767e-10,5.082051e-15
9.200000e-01,2.000000e-01,0.0,1.000000e+00,1.370282e-10,2.108646e-15
9.300000e-01,2.000000e-01,0.0,1.000000e+00,8.274401e-11,8.111011e-16
9.400000e-01,2.000000e-01,0.0,1.000000e+00,4.897922e-11,3.244833e-16
9.500000e-01,2.000000e-01,0.0,1.000000e+00,2.839644e-11,0.000000e+00
9.600000e-01,2.000000e-01,0.0,1.000000e+00,1.609052e-11,0.000000e+00
9.700000e-01,2.000000e-01,0.0,1.000000e+00,8.845808e-12,0.000000e+00
9.800000e-01,2.000000e-01,0.0,1.000000e+00,4.586775e-12,0.000000e+00
9.900000e-01,2.000000e-01,0.0,1.000000e+00,1.971520e-12,0.000000e+00
1.000000e+00,2.000000e-01,0.0,1.000000e+00,3.865621e-13,0.000000e+00
0.000000e+00,2.100000e-01,0.0,1.044363e+00,4.044872e-04,1.442930e-01
1.000000e-02,2.100000e-01,0.0,1.043822e+00,1.365036e-04,1.429293e-01
2.000000e-02,2.100000e-01,0.0,1.041362e+00,2.326636e-03,1.356976e-01
3.000000e-02,2.100000e-01,0.0,1.038378e+00,2.178049e-03,1.266953e-01
4.000000e-02,2.100000e-01,0.0,1.034455e+00,5.139305e-04,1.154138e-01
5.000000e-02,2.100000e-01,0.0,1.029646e+00,-3.056373e-03,1.019892e-01
6.000000e-02,2.100000e-01,0.0,1.024144e+00,-8.306781e-03,8.698025e-02
7.000000e-02,2.100000e-01,0.0,1.018406e+00,-1.448880e-02,7.173878e-02
8.000000e-02,2.100000e-01,0.0,1.013162e+00,-1.989454e-02,5.867835e-02
9.000000e-02,2.100000e-01,0.0,1.008849e+00,-2.378539e-02,4.880458e-02
1.000000e-01,2.100000e-01,0.0,1.005642e+00,-2.651603e-02,4.249315e-02
1.100000e-01,2.100000e-01,0.0,1.003064e+00,-2.862704e-02,3.874910e-02
1.200000e-01,2.100000e-01,0.0,1.000617e+00,-3.089972e-02,3.596116e-02
1.300000e-01,2.100000e-01,0.0,9.982654e-01,-3.310175e-02,3.304869e-02
1.400000e-01,2.100000e-01,0.0,9.964217e-01,-3.394116e-02,3.012243e-02
1.500000e-01,2.100000e-01,0.0,9.953020e-01,-3.285517e-02,2.761750e-02
1.600000e-01,2.100000e-01,0.0,9.946888e-01,-3.071977e-02,2.521324e-02
1.700000e-01,2.100000e-01,0.0,9.945956e-01,-2.763463e-02,2.314821e-02
1.800000e-01,2.100000e-01,0.0,9.957347e-01,-2.154833e-02,2.179780e-02
1.900000e-01,2.100000e-01,0.0,9.985820e-01,-1.110942e-02,2.134868e-02
2.000000e-01,2.100000e-01,0.0,1.003083e+00,3.619444e-03,2.158357e-02
2.100000e-01,2.100000e-01,0.0,1.008970e+00,2.214042e-02,2.214042e-02
2.200000e-01,2.100000e-01,0.0,1.015512e+00,4.227743e-02,2.316600e-02
2.300000e-01,2.100000e-01,0.0,1.021139e+00,5.923599e-02,2.484031e-02
2.400000e-01,2.100000e-01,0.0,1.024498e+00,6.848758e-02,2.692199e-02
2.500000e-01,2.100000e-01,0.0,1.025831e+00,7.072815e-02,2.922718e-02
2.600000e-01,2.100000e-01,0.0,1.026264e+00,6.970255e-02,3.219274e-02
2.700000e-01,2.100000e-01,0.0,1.026172e+00,6.663672e-02,3.580318e-02
2.800000e-01,2.100000e-01,0.0,1.024417e+00,5.783292e-02,3.976335e-02
2.900000e-01,2.100000e-01,0.0,1.020559e+00,4.216907e-02,4.370643e-02
3.000000e-01,2.100000e-01,0.0,1.016614e+00,2.637949e-02,4.800756e-02
3.100000e-01,2.100000e-01,0.0,1.015288e+00,1.941550e-02,5.229385e-02
3.200000e-01,2.100000e-01,0.0,1.015806e+00,1.823786e-02,5.605223e-02
3.300000e-01,2.100000e-01,0.0,1.016777e+00,1.888479e-02,6.005773e-02
3.400000e-01,2.100000e-01,0.0,1.017969e+00,2.079094e-02,6.351743e-02
3.500000e-01,2.100000e-01,0.0,1.019053e+00,2.311739e-02,6.606325e-02
3.600000e-01,2.100000e-01,0.0,1.019897e+00,2.529436e-02,6.763609e-02
3.700000e-01,2.100000e-01,0.0,1.020446e+00,2.722742e-02,6.837487e-02
3.800000e-01,2.100000e-01,0.0,1.020817e+00,2.896862e-02,6.861479e-02
3.900000e-01,2.100000e-01,0.0,1.021132e+00,3.064823e-02,6.851799e-02
4.000000e-01,2.100000e-01,0.0,1.021322e+00,3.207379e-02,6.820553e-02
4.100000e-01,2.100000e-01,0.0,1.021221e+00,3.300303e-02,6.701108e-02
4.200000e-01,2.100000e-01,0.0,1.020655e+00,3.315870e-02,6.414542e-02
4.300000e-01,2.100000e-01,0.0,1.018931e+00,3.095045e-02,5.851038e-02
4.400000e-01,2.100000e-01,0.0,1.015434e+00,2.532448e-02,4.816155e-02
4.500000e-01,2.100000e-01,0.0,1.009907e+00,1.589701e-02,3.280895e-02
4.600000e-01,2.100000e-01,0.0,1.003661e+00,5.168211e-03,1.647278e-02
4.700000e-01,2.100000e-01,0.0,9.990475e-01,-2.740465e-03,5.311743e-03
4.800000e-01,2.100000e-01,0.0,9.967472e-01,-7.023097e-03,5.774216e-04
4.900000e-01,2.100000e-01,0.0,9.956356e-01,-9.646099e-03,-7.018317e-04
5.000000e-01,2.100000e-01,0.0,9.947335e-01,-1.230295e-02,-9.238073e-04
5.100000e-01,2.100000e-01,0.0,9.935174e-01,-1.604109e-02,-9.222415e-04
5.200000e-01,2.100000e-01,0.0,9.918668e-01,-2.110924e-02,-8.598956e-04
5.300000e-01,2.100000e-01,0.0,9.902212e-01,-2.608561e-02,-7.747135e-04
5.400000e-01,2.100000e-01,0.0,9.893530e-01,-2.857113e-02,-6.645981e-04
5.500000e-01,2.100000e-01,0.0,9.892046e-01,-2.876663e-02,-6.220192e-04
5.600000e-01,2.100000e-01,0.0,9.892526e-01,-2.832296e-02,-6.334142e-04
5.700000e-01,2.100000e-01,0.0,9.897322e-01,-2.650766e-02,-6.970460e-04
5.800000e-01,2.100000e-01,0.0,9.912047e-01,-2.167601e-02,-6.485319e-04
5.900000e-01,2.100000e-01,0.0,9.941907e-01,-1.227490e-02,-3.575361e-04
6.000000e-01,2.100000e-01,0.0,9.988702e-01,2.368623e-03,1.784511e-05
6.100000e-01,2.100000e-01,0.0,1.005060e+00,2.162406e-02,4.298912e-04
6.200000e-01,2.100000e-01,0.0,1.011782e+00,4.256315e-02,9.674552e-04
6.300000e-01,2.100000e-01,0.0,1.017137e+00,5.903790e-02,1.322751e-03
6.400000e-01,2.100000e-01,0.0,1.019571e+00,6.608314e-02,1.471691e-03
6.500000e-01,2.100000e-01,0.0,1.020009e+00,6.668667e-02,1.497185e-03
6.600000e-01,2.100000e-01,0.0,1.019916e+00,6.559193e-02,1.484026e-03
6.700000e-01,2.100000e-01,0.0,1.018694e+00,6.090036e-02,1.381788e-03
6.800000e-01,2.100000e-01,0.0,1.015216e+00,4.908404e-02,1.130110e-03
6.900000e-01,2.100000e-01,0.0,1.009560e+00,3.057438e-02,6.797146e-04
7.000000e-01,2.100000e-01,0.0,1.004135e+00,1.313600e-02,2.739264e-04
7.100000e-01,2.100000e-01,0.0,1.001187e+00,3.751344e-03,7.800080e-05
7.200000e-01,2.100000e-01,0.0,1.000244e+00,7.691089e-04,1.572494e-05
7.300000e-01,2.100000e-01,0.0,1.000041e+00,1.308696e-04,2.633603e-06
7.400000e-01,2.100000e-01,0.0,1.000007e+00,2.144210e-05,4.182995e-07
7.500000e-01,2.100000e-01,0.0,1.000001e+00,3.851013e-06,6.942176e-08
7.600000e-01,2.100000e-01,0.0,1.000000e+00,8.289320e-07,1.372037e-08
7.700000e-01,2.100000e-01,0.0,1.000000e+00,2.193348e-07,3.520816e-09
7.800000e-01,2.100000e-01,0.0,1.000000e+00,7.297983e-08,1.176861e-09
7.900000e-01,2.100000e-01,0.0,1.000000e+00,3.265321e-08,5.397275e-10
8.000000e-01,2.100000e-01,0.0,1.000000e+00,1.902915e-08,3.171264e-10
8.100000e-01,2.100000e-01,0.0,1.000000e+00,1.258600e-08,2.076327e-10
8.200000e-01,2.100000e-01,0.0,1.000000e+00,8.647320e-09,1.404489e-10
8.300000e-01,2.100000e-01,0.0,1.000000e+00,5.987510e-09,9.577570e-11
8.400000e-01,2.100000e-01,0.0,1.000000e+00,4.136157e-09,6.526110e-11
8.500000e-01,2.100000e-01,0.0,1.000000e+00,2.836530e-09,4.421272e-11
8.600000e-01,2.100000e-01,0.0,1.000000e+00,1.924922e-09,2.967479e-11
8.700000e-01,2.100000e-01,0.0,1.000000e+00,1.289590e-09,1.967999e-11
8.800000e-01,2.100000e-01,0.0,1.000000e+00,8.513793e-10,1.286935e-11
8.900000e-01,2.100000e-01,0.0,1.000000e+00,5.531204e-10,8.284928e-12
9.000000e-01,2.100000e-01,0.0,1.000000e+00,3.532311e-10,5.244064e-12
9.100000e-01,2.100000e-01,0.0,1.000000e+00,2.215422e-10,3.260306e-12
9.200000e-01,2.100000e-01,0.0,1.000000e+00,1.363654e-10,1.989775e-12
9.300000e-01,2.100000e-01,0.0,1.000000e+00,8.232749e-11,1.190990e-12
9.400000e-01,2.100000e-01,0.0,1.000000e+00,4.872242e-11,6.992262e-13
9.500000e-01,2.100000e-01,0.0,1.000000e+00,2.824193e-11,4.022652e-13
9.600000e-01,2.100000e-01,0.0,1.000000e+00,1.599984e-11,2.273790e-13
9.700000e-01,2.100000e-01,0.0,1.000000e+00,8.794195e-12,1.271239e-13
9.800000e-01,2.100000e-01,0.0,1.000000e+00,4.558994e-12,7.210370e-14
9.900000e-01,2.100000e-01,0.0,1.000000e+00,1.959196e-12,4.475509e-14
1.000000e+00,2.100000e-01,0.0,1.000000e+00,3.843989e-13,3.999926e-14
0.000000e+00,2.200000e-01,0.0,1.042548e+00,-1.597323e-04,1.388700e-01
1.000000e-02,2.200000e-01,0.0,1.042026e+00,-4.074453e-03,1.366945e-01
2.000000e-02,2.200000e-01,0.0,1.039485e+00,-6.046652e-03,1.295424e-01
3.000000e-02,2.200000e-01,0.0,1.035777e+00,-8.097767e-03,1.187977e-01
4.000000e-02,2.200000e-01,0.0,1.031316e+00,-1.164495e-02,1.063067e-01
5.000000e-02,2.200000e-01,0.0,1.026334e+00,-1.597646e-02,9.292211e-02
6.000000e-02,2.200000e-01,0.0,1.021544e+00,-2.024253e-02,8.040453e-02
7.000000e-02,2.200000e-01,0.0,1.017576e+00,-2.376670e-02,7.063550e-02
8.000000e-02,2.200000e-01,0.0,1.014789e+00,-2.613300e-02,6.451651e-02
9.000000e-02,2.200000e-01,0.0,1.012711e+00,-2.745512e-02,6.082246e-02
1.000000e-01,2.200000e-01,0.0,1.010975e+00,-2.856012e-02,5.835900e-02
1.100000e-01,2.200000e-01,0.0,1.009134e+00,-3.020103e-02,5.630967e-02
1.200000e-01,2.200000e-01,0.0,1.006887e+00,-3.265941e-02,5.394929e-02
1.300000e-01,2.200000e-01,0.0,1.004542e+00,-3.509312e-02,5.107612e-02
1.400000e-01,2.200000e-01,0.0,1.002771e+00,-3.575316e-02,4.812121e-02
1.500000e-01,2.200000e-01,0.0,1.001632e+00,-3.457335e-02,4.549357e-02
1.600000e-01,2.200000e-01,0.0,1.000902e+00,-3.238380e-02,4.302169e-02
1.700000e-01,2.200000e-01,0.0,1.000786e+00,-2.888075e-02,4.110449e-02
1.800000e-01,2.200000e-01,0.0,1.002053e+00,-2.200914e-02,4.025973e-02
1.900000e-01,2.200000e-01,0.0,1.004995e+00,-1.099265e-02,4.044688e-02
2.000000e-01,2.200000e-01,0.0,1.009552e+00,4.175745e-03,4.132453e-02
2.100000e-01,2.200000e-01,0.0,1.015512e+00,2.316600e-02,4.227743e-02
2.200000e-01,2.200000e-01,0.0,1.022124e+00,4.383257e-02,4.383257e-02
2.300000e-01,2.200000e-01,0.0,1.027783e+00,6.107940e-02,4.591397e-02
2.400000e-01,2.200000e-01,0.0,1.031028e+00,7.025473e-02,4.813828e-02
2.500000e-01,2.200000e-01,0.0,1.032242e+00,7.256738e-02,5.028680e-02
2.600000e-01,2.200000e-01,0.0,1.032628e+00,7.191442e-02,5.286389e-02
2.700000e-01,2.200000e-01,0.0,1.032406e+00,6.913948e-02,5.589730e-02
2.800000e-01,2.200000e-01,0.0,1.030253e+00,6.015236e-02,5.859733e-02
2.900000e-01,2.200000e-01,0.0,1.025841e+00,4.420751e-02,6.062969e-02
3.000000e-01,2.200000e-01,0.0,1.021387e+00,2.859475e-02,6.239189e-02
3.100000e-01,2.200000e-01,0.0,1.019229e+00,2.086056e-02,6.439128e-02
3.200000e-01,2.200000e-01,0.0,1.019061e+00,1.982206e-02,6.576960e-02
3.300000e-01,2.200000e-01,0.0,1.019254e+00,2.025142e-02,6.689307e-02
3.400000e-01,2.200000e-01,0.0,1.019576e+00,2.153235e-02,6.762004e-02
3.500000e-01,2.200000e-01,0.0,1.019960e+00,2.331672e-02,6.799278e-02
3.600000e-01,2.200000e-01,0.0,1.020306e+00,2.516023e-02,6.813904e-02
3.700000e-01,2.200000e-01,0.0,1.020615e+00,2.689528e-02,6.807604e-02
3.800000e-01,2.200000e-01,0.0,1.020798e+00,2.837193e-02,6.776956e-02
3.900000e-01,2.200000e-01,0.0,1.020735e+00,2.946275e-02,6.679602e-02
4.000000e-01,2.200000e-01,0.0,1.020330e+00,3.004375e-02,6.440628e-02
4.100000e-01,2.200000e-01,0.0,1.019074e+00,2.899388e-02,5.990181e-02
4.200000e-01,2.200000e-01,0.0,1.016495e+00,2.549003e-02,5.186074e-02
4.300000e-01,2.200000e-01,0.0,1.012242e+00,1.893332e-02,3.942247e-02
4.400000e-01,2.200000e-01,0.0,1.006744e+00,1.009020e-02,2.420350e-02
4.500000e-01,2.200000e-01,0.0,1.001640e+00,1.832414e-03,1.083205e-02
4.600000e-01,2.200000e-01,0.0,9.984195e-01,-3.460722e-03,3.030676e-03
4.700000e-01,2.200000e-01,0.0,9.969332e-01,-6.220511e-03,2.057378e-05
4.800000e-01,2.200000e-01,0.0,9.962025e-01,-7.976959e-03,-7.980839e-04
4.900000e-01,2.200000e-01,0.0,9.955960e-01,-9.770135e-03,-9.915395e-04
5.000000e-01,2.200000e-01,0.0,9.947806e-01,-1.228763e-02,-1.046962e-03
5.100000e-01,2.200000e-01,0.0,9.935614e-01,-1.606359e-02,-1.085056e-03
5.200000e-01,2.200000e-01,0.0,9.918942e-01,-2.116038e-02,-1.180612e-03
5.300000e-01,2.200000e-01,0.0,9.902318e-01,-2.613209e-02,-1.323619e-03
5.400000e-01,2.200000e-01,0.0,9.893444e-01,-2.859812e-02,-1.422387e-03
5.500000e-01,2.200000e-01,0.0,9.891678e-01,-2.881177e-02,-1.479182e-03
5.600000e-01,2.200000e-01,0.0,9.892034e-01,-2.836547e-02,-1.537082e-03
5.700000e-01,2.200000e-01,0.0,9.897180e-01,-2.647650e-02,-1.493546e-03
5.800000e-01,2.200000e-01,0.0,9.912774e-01,-2.141923e-02,-1.221807e-03
5.900000e-01,2.200000e-01,0.0,9.943417e-01,-1.177485e-02,-7.204359e-04
6.000000e-01,2.200000e-01,0.0,9.990781e-01,3.006892e-03,3.409218e-05
6.100000e-01,2.200000e-01,0.0,1.005283e+00,2.232564e-02,9.808261e-04
6.200000e-01,2.200000e-01,0.0,1.012019e+00,4.324081e-02,1.925102e-03
6.300000e-01,2.200000e-01,0.0,1.017292e+00,5.946888e-02,2.671084e-03
6.400000e-01,2.200000e-01,0.0,1.019632e+00,6.620433e-02,2.953538e-03
6.500000e-01,2.200000e-01,0.0,1.020042e+00,6.671224e-02,2.994336e-03
6.600000e-01,2.200000e-01,0.0,1.019929e+00,6.555043e-02,2.972654e-03
6.700000e-01,2.200000e-01,0.0,1.018646e+00,6.067529e-02,2.761149e-03
6.800000e-01,2.200000e-01,0.0,1.015065e+00,4.853978e-02,2.171542e-03
6.900000e-01,2.200000e-01,0.0,1.009340e+00,2.983947e-02,1.290166e-03
7.000000e-01,2.200000e-01,0.0,1.003981e+00,1.262273e-02,5.308698e-04
7.100000e-01,2.200000e-01,0.0,1.001125e+00,3.551904e-03,1.441513e-04
7.200000e-01,2.200000e-01,0.0,1.000228e+00,7.199420e-04,2.876799e-05
7.300000e-01,2.200000e-01,0.0,1.000039e+00,1.218203e-04,4.841974e-06
7.400000e-01,2.200000e-01,0.0,1.000006e+00,1.998405e-05,7.808650e-07
7.500000e-01,2.200000e-01,0.0,1.000001e+00,3.619115e-06,1.338485e-07
7.600000e-01,2.200000e-01,0.0,1.000000e+00,7.888428e-07,2.684316e-08
7.700000e-01,2.200000e-01,0.0,1.000000e+00,2.112023e-07,6.833565e-09
7.800000e-01,2.200000e-01,0.0,1.000000e+00,7.098249e-08,2.297025e-09
7.900000e-01,2.200000e-01,0.0,1.000000e+00,3.203909e-08,1.058874e-09
8.000000e-01,2.200000e-01,0.0,1.000000e+00,1.876649e-08,6.234081e-10
8.100000e-01,2.200000e-01,0.0,1.000000e+00,1.243550e-08,4.084680e-10
8.200000e-01,2.200000e-01,0.0,1.000000e+00,8.549233e-09,2.764848e-10
8.300000e-01,2.200000e-01,0.0,1.000000e+00,5.920815e-09,1.886708e-10
8.400000e-01,2.200000e-01,0.0,1.000000e+00,4.090068e-09,1.286361e-10
8.500000e-01,2.200000e-01,0.0,1.000000e+00,2.804495e-09,8.718669e-11
8.600000e-01,2.200000e-01,0.0,1.000000e+00,1.902678e-09,5.853521e-11
8.700000e-01,2.200000e-01,0.0,1.000000e+00,1.274236e-09,3.882459e-11
8.800000e-01,2.200000e-01,0.0,1.000000e+00,8.408880e-10,2.538764e-11
8.900000e-01,2.200000e-01,0.0,1.000000e+00,5.460441e-10,1.634120e-11
9.000000e-01,2.200000e-01,0.0,1.000000e+00,3.485309e-10,1.034084e-11
9.100000e-01,2.200000e-01,0.0,1.000000e+00,2.184738e-10,6.427189e-12
9.200000e-01,2.200000e-01,0.0,1.000000e+00,1.343985e-10,3.920759e-12
9.300000e-01,2.200000e-01,0.0,1.000000e+00,8.109105e-11,2.345721e-12
9.400000e-01,2.200000e-01,0.0,1.000000e+00,4.796100e-11,1.376242e-12
9.500000e-01,2.200000e-01,0.0,1.000000e+00,2.778317e-11,7.917769e-13
9.600000e-01,2.200000e-01,0.0,1.000000e+00,1.572978e-11,4.474079e-13
9.700000e-01,2.200000e-01,0.0,1.000000e+00,8.640705e-12,2.497620e-13
9.800000e-01,2.200000e-01,0.0,1.000000e+00,4.477221e-12,1.412891e-13
9.900000e-01,2.200000e-01,0.0,1.000000e+00,1.923362e-12,8.745697e-14
1.000000e+00,2.200000e-01,0.0,1.000000e+00,3.772604e-13,7.853926e-14
0.000000e+00,2.300000e-01,0.0,1.033477e+00,-9.695777e-04,1.122506e-01
1.000000e-02,2.300000e-01,0.0,1.033309e+00,-7.154956e-03,1.092166e-01
2.000000e-02,2.300000e-01,0.0,1.031721e+00,-1.347935e-02,1.055493e-01
3.000000e-02,2.300000e-01,0.0,1.028454e+00,-1.799744e-02,9.625510e-02
4.000000e-02,2.300000e-01,0.0,1.024800e+00,-2.198293e-02,8.658255e-02
5.000000e-02,2.300000e-01,0.0,1.021319e+00,-2.501982e-02,7.783261e-02
6.000000e-02,2.300000e-01,0.0,1.018515e+00,-2.694257e-02,7.143917e-02
7.000000e-02,2.300000e-01,0.0,1.016593e+00,-2.741007e-02,6.752966e-02
8.000000e-02,2.300000e-01,0.0,1.015210e+00,-2.744705e-02,6.524506e-02
9.000000e-02,2.300000e-01,0.0,1.014266e+00,-2.771577e-02,6.469046e-02
1.000000e-01,2.300000e-01,0.0,1.013167e+00,-2.841257e-02,6.407110e-02
1.100000e-01,2.300000e-01,0.0,1.011671e+00,-3.026401e-02,6.294829e-02
1.200000e-01,2.300000e-01,0.0,1.009757e+00,-3.323169e-02,6.151447e-02
1.300000e-01,2.300000e-01,0.0,1.007855e+00,-3.587596e-02,5.993504e-02
1.400000e-01,2.300000e-01,0.0,1.006606e+00,-3.644657e-02,5.841723e-02
1.500000e-01,2.300000e-01,0.0,1.005932e+00,-3.538185e-02,5.710748e-02
1.600000e-01,2.300000e-01,0.0,1.005514e+00,-3.355249e-02,5.591159e-02
1.700000e-01,2.300000e-01,0.0,1.005797e+00,-2.968928e-02,5.522841e-02
1.800000e-01,2.300000e-01,0.0,1.007344e+00,-2.220737e-02,5.533621e-02
1.900000e-01,2.300000e-01,0.0,1.010396e+00,-1.059830e-02,5.622823e-02
2.000000e-01,2.300000e-01,0.0,1.015046e+00,5.206997e-03,5.779324e-02
2.100000e-01,2.300000e-01,0.0,1.021139e+00,2.484031e-02,5.923599e-02
2.200000e-01,2.300000e-01,0.0,1.027783e+00,4.591397e-02,6.107940e-02
2.300000e-01,2.300000e-01,0.0,1.033215e+00,6.293503e-02,6.293503e-02
2.400000e-01,2.300000e-01,0.0,1.036008e+00,7.145343e-02,6.430887e-02
2.500000e-01,2.300000e-01,0.0,1.036762e+00,7.342446e-02,6.536902e-02
2.600000e-01,2.300000e-01,0.0,1.036843e+00,7.314387e-02,6.669095e-02
2.700000e-01,2.300000e-01,0.0,1.036053e+00,7.002520e-02,6.798320e-02
2.800000e-01,2.300000e-01,0.0,1.033075e+00,5.998760e-02,6.837816e-02
2.900000e-01,2.300000e-01,0.0,1.027931e+00,4.335750e-02,6.787605e-02
3.000000e-01,2.300000e-01,0.0,1.022991e+00,2.791784e-02,6.736524e-02
3.100000e-01,2.300000e-01,0.0,1.020392e+00,2.030772e-02,6.736367e-02
3.200000e-01,2.300000e-01,0.0,1.019746e+00,1.913353e-02,6.743892e-02
3.300000e-01,2.300000e-01,0.0,1.019662e+00,1.968936e-02,6.738729e-02
3.400000e-01,2.300000e-01,0.0,1.019780e+00,2.098007e-02,6.742067e-02
3.500000e-01,2.300000e-01,0.0,1.020043e+00,2.276699e-02,6.735134e-02
3.600000e-01,2.300000e-01,0.0,1.020205e+00,2.436757e-02,6.696662e-02
3.700000e-01,2.300000e-01,0.0,1.020112e+00,2.556378e-02,6.592679e-02
3.800000e-01,2.300000e-01,0.0,1.019722e+00,2.633499e-02,6.367928e-02
3.900000e-01,2.300000e-01,0.0,1.018658e+00,2.587396e-02,5.965767e-02
4.000000e-01,2.300000e-01,0.0,1.016570e+00,2.362354e-02,5.289517e-02
4.100000e-01,2.300000e-01,0.0,1.013181e+00,1.908662e-02,4.257913e-02
4.200000e-01,2.300000e-01,0.0,1.008601e+00,1.240137e-02,2.935332e-02
4.300000e-01,2.300000e-01,0.0,1.003778e+00,5.138155e-03,1.605154e-02
4.400000e-01,2.300000e-01,0.0,1.000065e+00,-5.313411e-04,6.346888e-03
4.500000e-01,2.300000e-01,0.0,9.980151e-01,-3.823021e-03,1.418172e-03
4.600000e-01,2.300000e-01,0.0,9.970902e-01,-5.587448e-03,-3.575099e-04
4.700000e-01,2.300000e-01,0.0,9.965986e-01,-6.820606e-03,-8.719689e-04
4.800000e-01,2.300000e-01,0.0,9.961689e-01,-8.106333e-03,-1.027220e-03
4.900000e-01,2.300000e-01,0.0,9.956146e-01,-9.826722e-03,-1.094960e-03
5.000000e-01,2.300000e-01,0.0,9.947959e-01,-1.237431e-02,-1.173093e-03
5.100000e-01,2.300000e-01,0.0,9.935366e-01,-1.623371e-02,-1.346662e-03
5.200000e-01,2.300000e-01,0.0,9.918081e-01,-2.145404e-02,-1.696592e-03
5.300000e-01,2.300000e-01,0.0,9.901191e-01,-2.641269e-02,-2.095601e-03
5.400000e-01,2.300000e-01,0.0,9.892659e-01,-2.871308e-02,-2.318089e-03
5.500000e-01,2.300000e-01,0.0,9.891096e-01,-2.886279e-02,-2.374658e-03
5.600000e-01,2.300000e-01,0.0,9.891698e-01,-2.836523e-02,-2.376462e-03
5.700000e-01,2.300000e-01,0.0,9.897553e-01,-2.628591e-02,-2.210844e-03
5.800000e-01,2.300000e-01,0.0,9.914153e-01,-2.095443e-02,-1.762707e-03
5.900000e-01,2.300000e-01,0.0,9.945733e-01,-1.102263e-02,-1.017403e-03
6.000000e-01,2.300000e-01,0.0,9.994161e-01,4.066068e-03,9.727336e-05
6.100000e-01,2.300000e-01,0.0,1.005698e+00,2.359295e-02,1.519751e-03
6.200000e-01,2.300000e-01,0.0,1.012408e+00,4.441418e-02,2.988107e-03
6.300000e-01,2.300000e-01,0.0,1.017546e+00,6.016716e-02,4.055147e-03
6.400000e-01,2.300000e-01,0.0,1.019730e+00,6.638948e-02,4.454904e-03
6.500000e-01,2.300000e-01,0.0,1.020095e+00,6.675073e-02,4.506336e-03
6.600000e-01,2.300000e-01,0.0,1.019948e+00,6.547830e-02,4.460060e-03
6.700000e-01,2.300000e-01,0.0,1.018554e+00,6.024580e-02,4.100604e-03
6.800000e-01,2.300000e-01,0.0,1.014792e+00,4.759380e-02,3.166401e-03
6.900000e-01,2.300000e-01,0.0,1.008995e+00,2.867277e-02,1.874449e-03
7.000000e-01,2.300000e-01,0.0,1.003733e+00,1.181420e-02,7.474428e-04
7.100000e-01,2.300000e-01,0.0,1.001027e+00,3.236794e-03,1.992573e-04
7.200000e-01,2.300000e-01,0.0,1.000205e+00,6.434636e-04,3.913165e-05
7.300000e-01,2.300000e-01,0.0,1.000034e+00,1.079306e-04,6.537781e-06
7.400000e-01,2.300000e-01,0.0,1.000006e+00,1.775881e-05,1.059896e-06
7.500000e-01,2.300000e-01,0.0,1.000001e+00,3.264305e-06,1.854556e-07
7.600000e-01,2.300000e-01,0.0,1.000000e+00,7.269261e-07,3.806211e-08
7.700000e-01,2.300000e-01,0.0,1.000000e+00,1.984934e-07,9.792351e-09
7.800000e-01,2.300000e-01,0.0,1.000000e+00,6.782150e-08,3.322019e-09
7.900000e-01,2.300000e-01,0.0,1.000000e+00,3.105257e-08,1.545240e-09
8.000000e-01,2.300000e-01,0.0,1.000000e+00,1.833918e-08,9.140880e-10
8.100000e-01,2.300000e-01,0.0,1.000000e+00,1.218945e-08,5.999790e-10
8.200000e-01,2.300000e-01,0.0,1.000000e+00,8.388700e-09,4.064283e-10
8.300000e-01,2.300000e-01,0.0,1.000000e+00,5.811601e-09,2.774643e-10
8.400000e-01,2.300000e-01,0.0,1.000000e+00,4.014552e-09,1.892113e-10
8.500000e-01,2.300000e-01,0.0,1.000000e+00,2.751981e-09,1.282373e-10
8.600000e-01,2.300000e-01,0.0,1.000000e+00,1.866199e-09,8.607361e-11
8.700000e-01,2.300000e-01,0.0,1.000000e+00,1.249056e-09,5.706439e-11
8.800000e-01,2.300000e-01,0.0,1.000000e+00,8.236830e-10,3.729351e-11
8.900000e-01,2.300000e-01,0.0,1.000000e+00,5.344428e-10,2.398763e-11
9.000000e-01,2.300000e-01,0.0,1.000000e+00,3.408289e-10,1.516735e-11
9.100000e-01,2.300000e-01,0.0,1.000000e+00,2.134476e-10,9.418735e-12
9.200000e-01,2.300000e-01,0.0,1.000000e+00,1.311792e-10,5.739890e-12
9.300000e-01,2.300000e-01,0.0,1.000000e+00,7.906885e-11,3.431013e-12
9.400000e-01,2.300000e-01,0.0,1.000000e+00,4.671705e-11,2.011053e-12
9.500000e-01,2.300000e-01,0.0,1.000000e+00,2.703415e-11,1.155889e-12
9.600000e-01,2.300000e-01,0.0,1.000000e+00,1.528975e-11,6.525214e-13
9.700000e-01,2.300000e-01,0.0,1.000000e+00,8.390311e-12,3.640240e-13
9.800000e-01,2.300000e-01,0.0,1.000000e+00,4.343454e-12,2.053404e-13
9.900000e-01,2.300000e-01,0.0,1.000000e+00,1.864667e-12,1.268618e-13
1.000000e+00,2.300000e-01,0.0,1.000000e+00,3.659036e-13,1.137285e-13
0.000000e+00,2.400000e-01,0.0,1.018193e+00,-3.973828e-04,6.710931e-02
1.000000e-02,2.400000e-01,0.0,1.017991e+00,-6.103303e-03,6.242470e-02
2.000000e-02,2.400000e-01,0.0,1.018772e+00,-1.601328e-02,6.582370e-02
3.000000e-02,2.400000e-01,0.0,1.018282e+00,-2.147347e-02,6.503589e-02
4.000000e-02,2.400000e-01,0.0,1.017553e+00,-2.537881e-02,6.420744e-02
5.000000e-02,2.400000e-01,0.0,1.016773e+00,-2.743332e-02,6.354030e-02
6.000000e-02,2.400000e-01,0.0,1.016164e+00,-2.812945e-02,6.354414e-02
7.000000e-02,2.400000e-01,0.0,1.015769e+00,-2.769270e-02,6.377998e-02
8.000000e-02,2.400000e-01,0.0,1.015236e+00,-2.709685e-02,6.413503e-02
9.000000e-02,2.400000e-01,0.0,1.014532e+00,-2.696129e-02,6.423207e-02
1.000000e-01,2.400000e-01,0.0,1.013580e+00,-2.772994e-02,6.408264e-02
1.100000e-01,2.400000e-01,0.0,1.012139e+00,-2.991183e-02,6.329532e-02
1.200000e-01,2.400000e-01,0.0,1.010302e+00,-3.319252e-02,6.198980e-02
1.300000e-01,2.400000e-01,0.0,1.008657e+00,-3.576362e-02,6.092034e-02
1.400000e-01,2.400000e-01,0.0,1.007719e+00,-3.615099e-02,6.024774e-02
1.500000e-01,2.400000e-01,0.0,1.007316e+00,-3.511809e-02,5.979865e-02
1.600000e-01,2.400000e-01,0.0,1.007259e+00,-3.337081e-02,5.981545e-02
1.700000e-01,2.400000e-01,0.0,1.008046e+00,-2.935213e-02,6.058336e-02
1.800000e-01,2.400000e-01,0.0,1.010053e+00,-2.175382e-02,6.209489e-02
1.900000e-01,2.400000e-01,0.0,1.013445e+00,-9.869518e-03,6.422720e-02
2.000000e-01,2.400000e-01,0.0,1.018307e+00,6.567384e-03,6.669171e-02
2.100000e-01,2.400000e-01,0.0,1.024498e+00,2.692199e-02,6.848758e-02
2.200000e-01,2.400000e-01,0.0,1.031028e+00,4.813828e-02,7.025473e-02
2.300000e-01,2.400000e-01,0.0,1.036008e+00,6.430887e-02,7.145343e-02
2.400000e-01,2.400000e-01,0.0,1.038243e+00,7.169625e-02,7.169625e-02
2.500000e-01,2.400000e-01,0.0,1.038591e+00,7.316513e-02,7.167637e-02
2.600000e-01,2.400000e-01,0.0,1.038363e+00,7.289016e-02,7.180025e-02
2.700000e-01,2.400000e-01,0.0,1.037029e+00,6.911422e-02,7.164222e-02
2.800000e-01,2.400000e-01,0.0,1.033438e+00,5.812664e-02,7.062015e-02
2.900000e-01,2.400000e-01,0.0,1.027941e+00,4.111063e-02,6.895205e-02
3.000000e-01,2.400000e-01,0.0,1.023011e+00,2.616586e-02,6.759947e-02
3.100000e-01,2.400000e-01,0.0,1.020482e+00,1.912273e-02,6.697302e-02
3.200000e-01,2.400000e-01,0.0,1.019710e+00,1.786430e-02,6.670455e-02
3.300000e-01,2.400000e-01,0.0,1.019524e+00,1.863069e-02,6.619705e-02
3.400000e-01,2.400000e-01,0.0,1.019467e+00,1.990588e-02,6.548908e-02
3.500000e-01,2.400000e-01,0.0,1.019279e+00,2.115470e-02,6.423185e-02
3.600000e-01,2.400000e-01,0.0,1.018822e+00,2.206689e-02,6.185049e-02
3.700000e-01,2.400000e-01,0.0,1.017782e+00,2.193586e-02,5.790351e-02
3.800000e-01,2.400000e-01,0.0,1.015927e+00,2.044456e-02,5.174515e-02
3.900000e-01,2.400000e-01,0.0,1.013065e+00,1.724143e-02,4.280435e-02
4.000000e-01,2.400000e-01,0.0,1.009249e+00,1.235657e-02,3.142671e-02
4.100000e-01,2.400000e-01,0.0,1.005037e+00,6.614716e-03,1.936877e-02
4.200000e-01,2.400000e-01,0.0,1.001390e+00,1.484999e-03,9.373304e-03
4.300000e-01,2.400000e-01,0.0,9.990090e-01,-1.986026e-03,3.194373e-03
4.400000e-01,2.400000e-01,0.0,9.978044e-01,-3.932101e-03,3.746384e-04
4.500000e-01,2.400000e-01,0.0,9.972356e-01,-5.079470e-03,-6.221691e-04
4.600000e-01,2.400000e-01,0.0,9.968911e-01,-5.986064e-03,-9.490907e-04
4.700000e-01,2.400000e-01,0.0,9.965673e-01,-6.959774e-03,-1.072452e-03
4.800000e-01,2.400000e-01,0.0,9.961684e-01,-8.201510e-03,-1.144940e-03
4.900000e-01,2.400000e-01,0.0,9.956085e-01,-9.945199e-03,-1.231050e-03
5.000000e-01,2.400000e-01,0.0,9.947457e-01,-1.258631e-02,-1.421461e-03
5.100000e-01,2.400000e-01,0.0,9.934075e-01,-1.662626e-02,-1.823402e-03
5.200000e-01,2.400000e-01,0.0,9.915984e-01,-2.200418e-02,-2.422276e-03
5.300000e-01,2.400000e-01,0.0,9.899340e-01,-2.683883e-02,-2.979926e-03
5.400000e-01,2.400000e-01,0.0,9.891788e-01,-2.883662e-02,-3.203820e-03
5.500000e-01,2.400000e-01,0.0,9.890628e-01,-2.888347e-02,-3.219571e-03
5.600000e-01,2.400000e-01,0.0,9.891585e-01,-2.829932e-02,-3.157957e-03
5.700000e-01,2.400000e-01,0.0,9.898284e-01,-2.597435e-02,-2.892676e-03
5.800000e-01,2.400000e-01,0.0,9.915995e-01,-2.029682e-02,-2.301349e-03
5.900000e-01,2.400000e-01,0.0,9.949010e-01,-9.953998e-03,-1.254731e-03
6.000000e-01,2.400000e-01,0.0,9.998896e-01,5.551583e-03,2.715300e-04
6.100000e-01,2.400000e-01,0.0,1.006276e+00,2.536414e-02,2.186777e-03
6.200000e-01,2.400000e-01,0.0,1.012957e+00,4.604994e-02,4.139207e-03
6.300000e-01,2.400000e-01,0.0,1.017889e+00,6.110245e-02,5.493204e-03
6.400000e-01,2.400000e-01,0.0,1.019861e+00,6.662563e-02,5.979399e-03
6.500000e-01,2.400000e-01,0.0,1.020165e+00,6.678473e-02,6.035487e-03
6.600000e-01,2.400000e-01,0.0,1.019963e+00,6.534672e-02,5.938892e-03
6.700000e-01,2.400000e-01,0.0,1.018403e+00,5.959430e-02,5.392656e-03
6.800000e-01,2.400000e-01,0.0,1.014422e+00,4.624836e-02,4.139929e-03
6.900000e-01,2.400000e-01,0.0,1.008514e+00,2.706485e-02,2.358576e-03
7.000000e-01,2.400000e-01,0.0,1.003400e+00,1.073220e-02,9.059595e-04
7.100000e-01,2.400000e-01,0.0,1.000901e+00,2.831883e-03,2.332661e-04
7.200000e-01,2.400000e-01,0.0,1.000175e+00,5.482374e-04,4.469650e-05
7.300000e-01,2.400000e-01,0.0,1.000029e+00,9.094556e-05,7.391172e-06
7.400000e-01,2.400000e-01,0.0,1.000005e+00,1.505326e-05,1.205665e-06
7.500000e-01,2.400000e-01,0.0,1.000001e+00,2.829843e-06,2.162562e-07
7.600000e-01,2.400000e-01,0.0,1.000000e+00,6.495616e-07,4.601249e-08
7.700000e-01,2.400000e-01,0.0,1.000000e+00,1.821783e-07,1.216970e-08
7.800000e-01,2.400000e-01,0.0,1.000000e+00,6.366943e-08,4.205959e-09
7.900000e-01,2.400000e-01,0.0,1.000000e+00,2.973451e-08,1.983957e-09
8.000000e-01,2.400000e-01,0.0,1.000000e+00,1.776067e-08,1.181993e-09
8.100000e-01,2.400000e-01,0.0,1.000000e+00,1.185434e-08,7.778084e-10
8.200000e-01,2.400000e-01,0.0,1.000000e+00,8.169650e-09,5.274353e-10
8.300000e-01,2.400000e-01,0.0,1.000000e+00,5.662410e-09,3.602459e-10
8.400000e-01,2.400000e-01,0.0,1.000000e+00,3.911301e-09,2.456846e-10
8.500000e-01,2.400000e-01,0.0,1.000000e+00,2.680134e-09,1.664710e-10
8.600000e-01,2.400000e-01,0.0,1.000000e+00,1.816280e-09,1.116779e-10
8.700000e-01,2.400000e-01,0.0,1.000000e+00,1.214600e-09,7.398370e-11
8.800000e-01,2.400000e-01,0.0,1.000000e+00,8.001496e-10,4.830512e-11
8.900000e-01,2.400000e-01,0.0,1.000000e+00,5.185845e-10,3.103701e-11
9.000000e-01,2.400000e-01,0.0,1.000000e+00,3.303090e-10,1.960124e-11
9.100000e-01,2.400000e-01,0.0,1.000000e+00,2.065896e-10,1.215627e-11
9.200000e-01,2.400000e-01,0.0,1.000000e+00,1.267912e-10,7.397943e-12
9.300000e-01,2.400000e-01,0.0,1.000000e+00,7.631627e-11,4.416119e-12
9.400000e-01,2.400000e-01,0.0,1.000000e+00,4.502516e-11,2.584637e-12
9.500000e-01,2.400000e-01,0.0,1.000000e+00,2.601653e-11,1.483522e-12
9.600000e-01,2.400000e-01,0.0,1.000000e+00,1.469229e-11,8.361787e-13
9.700000e-01,2.400000e-01,0.0,1.000000e+00,8.050902e-12,4.654761e-13
9.800000e-01,2.400000e-01,0.0,1.000000e+00,4.162774e-12,2.624189e-13
9.900000e-01,2.400000e-01,0.0,1.000000e+00,1.785540e-12,1.617261e-13
1.000000e+00,2.400000e-01,0.0,1.000000e+00,3.505450e-13,1.450800e-13
0.000000e+00,2.500000e-01,0.0,1.005232e+00,3.737918e-04,2.785833e-02
1.000000e-02,2.500000e-01,0.0,1.004468e+00,-3.257865e-03,2.268582e-02
2.000000e-02,2.500000e-01,0.0,1.006704e+00,-1.097512e-02,2.985885e-02
3.000000e-02,2.500000e-01,0.0,1.008641e+00,-1.655131e-02,3.610332e-02
4.000000e-02,2.500000e-01,0.0,1.010591e+00,-2.096757e-02,4.286198e-02
5.000000e-02,2.500000e-01,0.0,1.012200e+00,-2.371510e-02,4.897465e-02
6.000000e-02,2.500000e-01,0.0,1.013391e+00,-2.499235e-02,5.408197e-02
7.000000e-02,2.500000e-01,0.0,1.014240e+00,-2.514085e-02,5.784456e-02
8.000000e-02,2.500000e-01,0.0,1.014438e+00,-2.545947e-02,6.035728e-02
9.000000e-02,2.500000e-01,0.0,1.014152e+00,-2.585525e-02,6.180081e-02
1.000000e-01,2.500000e-01,0.0,1.013404e+00,-2.699473e-02,6.235276e-02
1.100000e-01,2.500000e-01,0.0,1.012033e+00,-2.967441e-02,6.199553e-02
1.200000e-01,2.500000e-01,0.0,1.010237e+00,-3.339234e-02,6.081370e-02
1.300000e-01,2.500000e-01,0.0,1.008744e+00,-3.578636e-02,5.978869e-02
1.400000e-01,2.500000e-01,0.0,1.007930e+00,-3.601068e-02,5.926681e-02
1.500000e-01,2.500000e-01,0.0,1.007552e+00,-3.495688e-02,5.899485e-02
1.600000e-01,2.500000e-01,0.0,1.007555e+00,-3.296916e-02,5.916675e-02
1.700000e-01,2.500000e-01,0.0,1.008463e+00,-2.848536e-02,6.019473e-02
1.800000e-01,2.500000e-01,0.0,1.010644e+00,-2.047271e-02,6.216832e-02
1.900000e-01,2.500000e-01,0.0,1.014290e+00,-8.277148e-03,6.498258e-02
2.000000e-01,2.500000e-01,0.0,1.019456e+00,8.519293e-03,6.832636e-02
2.100000e-01,2.500000e-01,0.0,1.025831e+00,2.922718e-02,7.072815e-02
2.200000e-01,2.500000e-01,0.0,1.032242e+00,5.028680e-02,7.256738e-02
2.300000e-01,2.500000e-01,0.0,1.036762e+00,6.536902e-02,7.342446e-02
2.400000e-01,2.500000e-01,0.0,1.038591e+00,7.167637e-02,7.316513e-02
2.500000e-01,2.500000e-01,0.0,1.038794e+00,7.272981e-02,7.272981e-02
2.600000e-01,2.500000e-01,0.0,1.038493e+00,7.222986e-02,7.260775e-02
2.700000e-01,2.500000e-01,0.0,1.036972e+00,6.783849e-02,7.223594e-02
2.800000e-01,2.500000e-01,0.0,1.033106e+00,5.591055e-02,7.092491e-02
2.900000e-01,2.500000e-01,0.0,1.027368e+00,3.835116e-02,6.849173e-02
3.000000e-01,2.500000e-01,0.0,1.022427e+00,2.391128e-02,6.611915e-02
3.100000e-01,2.500000e-01,0.0,1.019868e+00,1.743968e-02,6.454629e-02
3.200000e-01,2.500000e-01,0.0,1.018810e+00,1.607571e-02,6.308851e-02
3.300000e-01,2.500000e-01,0.0,1.018173e+00,1.644583e-02,6.120063e-02
3.400000e-01,2.500000e-01,0.0,1.017461e+00,1.710437e-02,5.844033e-02
3.500000e-01,2.500000e-01,0.0,1.016378e+00,1.727349e-02,5.432237e-02
3.600000e-01,2.500000e-01,0.0,1.014630e+00,1.635365e-02,4.842898e-02
3.700000e-01,2.500000e-01,0.0,1.012108e+00,1.410274e-02,4.042754e-02
3.800000e-01,2.500000e-01,0.0,1.008884e+00,1.060560e-02,3.060714e-02
3.900000e-01,2.500000e-01,0.0,1.005338e+00,6.367051e-03,2.018652e-02
4.000000e-01,2.500000e-01,0.0,1.002107e+00,2.286885e-03,1.103562e-02
4.100000e-01,2.500000e-01,0.0,9.997586e-01,-8.159570e-04,4.656141e-03
4.200000e-01,2.500000e-01,0.0,9.984017e-01,-2.751671e-03,1.205671e-03
4.300000e-01,2.500000e-01,0.0,9.977256e-01,-3.889018e-03,-2.671984e-04
4.400000e-01,2.500000e-01,0.0,9.973696e-01,-4.664551e-03,-8.181271e-04
4.500000e-01,2.500000e-01,0.0,9.971153e-01,-5.360253e-03,-1.035056e-03
4.600000e-01,2.500000e-01,0.0,9.968594e-01,-6.129849e-03,-1.137388e-03
4.700000e-01,2.500000e-01,0.0,9.965533e-01,-7.075937e-03,-1.212948e-03
4.800000e-01,2.500000e-01,0.0,9.961462e-01,-8.334511e-03,-1.309740e-03
4.900000e-01,2.500000e-01,0.0,9.955475e-01,-1.015665e-02,-1.490574e-03
5.000000e-01,2.500000e-01,0.0,9.946105e-01,-1.297178e-02,-1.850671e-03
5.100000e-01,2.500000e-01,0.0,9.931704e-01,-1.725938e-02,-2.461149e-03
5.200000e-01,2.500000e-01,0.0,9.913109e-01,-2.274677e-02,-3.250883e-03
5.300000e-01,2.500000e-01,0.0,9.897321e-01,-2.730244e-02,-3.859851e-03
5.400000e-01,2.500000e-01,0.0,9.891026e-01,-2.892425e-02,-4.044660e-03
5.500000e-01,2.500000e-01,0.0,9.890223e-01,-2.887409e-02,-4.032480e-03
5.600000e-01,2.500000e-01,0.0,9.891613e-01,-2.816545e-02,-3.924013e-03
5.700000e-01,2.500000e-01,0.0,9.899296e-01,-2.554778e-02,-3.560370e-03
5.800000e-01,2.500000e-01,0.0,9.918526e-01,-1.942303e-02,-2.771337e-03
5.900000e-01,2.500000e-01,0.0,9.953419e-01,-8.523133e-03,-1.401274e-03
6.000000e-01,2.500000e-01,0.0,1.000520e+00,7.520764e-03,5.741204e-04
6.100000e-01,2.500000e-01,0.0,1.007030e+00,2.766099e-02,3.010993e-03
6.200000e-01,2.500000e-01,0.0,1.013651e+00,4.809991e-02,5.423659e-03
6.300000e-01,2.500000e-01,0.0,1.018304e+00,6.221183e-02,7.013954e-03
6.400000e-01,2.500000e-01,0.0,1.020016e+00,6.687896e-02,7.524174e-03
6.500000e-01,2.500000e-01,0.0,1.020248e+00,6.680812e-02,7.570516e-03
6.600000e-01,2.500000e-01,0.0,1.019967e+00,6.511860e-02,7.407790e-03
6.700000e-01,2.500000e-01,0.0,1.018180e+00,5.868258e-02,6.635708e-03
6.800000e-01,2.500000e-01,0.0,1.013912e+00,4.445755e-02,4.969930e-03
6.900000e-01,2.500000e-01,0.0,1.007894e+00,2.500180e-02,2.720333e-03
7.000000e-01,2.500000e-01,0.0,1.002997e+00,9.423427e-03,9.941675e-04
7.100000e-01,2.500000e-01,0.0,1.000757e+00,2.370332e-03,2.443660e-04
7.200000e-01,2.500000e-01,0.0,1.000142e+00,4.443471e-04,4.539683e-05
7.300000e-01,2.500000e-01,0.0,1.000023e+00,7.285899e-05,7.422616e-06
7.400000e-01,2.500000e-01,0.0,1.000004e+00,1.219181e-05,1.222611e-06
7.500000e-01,2.500000e-01,0.0,1.000001e+00,2.365703e-06,2.263741e-07
7.600000e-01,2.500000e-01,0.0,1.000000e+00,5.645527e-07,5.038610e-08
7.700000e-01,2.500000e-01,0.0,1.000000e+00,1.635404e-07,1.384395e-08
7.800000e-01,2.500000e-01,0.0,1.000000e+00,5.876800e-08,4.912555e-09
7.900000e-01,2.500000e-01,0.0,1.000000e+00,2.814166e-08,2.361759e-09
8.000000e-01,2.500000e-01,0.0,1.000000e+00,1.704912e-08,1.420537e-09
8.100000e-01,2.500000e-01,0.0,1.000000e+00,1.143887e-08,9.380387e-10
8.200000e-01,2.500000e-01,0.0,1.000000e+00,7.897307e-09,6.369811e-10
8.300000e-01,2.500000e-01,0.0,1.000000e+00,5.476621e-09,4.353271e-10
8.400000e-01,2.500000e-01,0.0,1.000000e+00,3.782568e-09,2.969056e-10
8.500000e-01,2.500000e-01,0.0,1.000000e+00,2.590493e-09,2.010996e-10
8.600000e-01,2.500000e-01,0.0,1.000000e+00,1.753982e-09,1.348077e-10
8.700000e-01,2.500000e-01,0.0,1.000000e+00,1.171611e-09,8.921457e-11
8.800000e-01,2.500000e-01,0.0,1.000000e+00,7.708065e-10,5.817616e-11
8.900000e-01,2.500000e-01,0.0,1.000000e+00,4.988302e-10,3.732546e-11
9.000000e-01,2.500000e-01,0.0,1.000000e+00,3.172203e-10,2.353555e-11
9.100000e-01,2.500000e-01,0.0,1.000000e+00,1.980689e-10,1.457194e-11
9.200000e-01,2.500000e-01,0.0,1.000000e+00,1.213476e-10,8.852713e-12
9.300000e-01,2.500000e-01,0.0,1.000000e+00,7.290700e-11,5.274506e-12
9.400000e-01,2.500000e-01,0.0,1.000000e+00,4.293342e-11,3.081267e-12
9.500000e-01,2.500000e-01,0.0,1.000000e+00,2.476096e-11,1.765165e-12
9.600000e-01,2.500000e-01,0.0,1.000000e+00,1.395686e-11,9.927055e-13
9.700000e-01,2.500000e-01,0.0,1.000000e+00,7.633774e-12,5.518494e-13
9.800000e-01,2.500000e-01,0.0,1.000000e+00,3.940584e-12,3.102014e-13
9.900000e-01,2.500000e-01,0.0,1.000000e+00,1.688252e-12,1.905912e-13
1.000000e+00,2.500000e-01,0.0,1.000000e+00,3.316170e-13,1.709718e-13
0.000000e+00,2.600000e-01,0.0,9.986480e-01,3.568396e-04,7.168570e-03
1.000000e-02,2.600000e-01,0.0,9.980217e-01,-1.242480e-03,4.337025e-03
2.000000e-02,2.600000e-01,0.0,9.994594e-01,-5.135189e-03,9.119740e-03
3.000000e-02,2.600000e-01,0.0,1.001363e+00,-8.855690e-03,1.480759e-02
4.000000e-02,2.600000e-01,0.0,1.003827e+00,-1.272268e-02,2.260987e-02
5.000000e-02,2.600000e-01,0.0,1.006383e+00,-1.600371e-02,3.099631e-02
6.000000e-02,2.600000e-01,0.0,1.008664e+00,-1.849383e-02,3.881274e-02
7.000000e-02,2.600000e-01,0.0,1.010441e+00,-2.020281e-02,4.530187e-02
8.000000e-02,2.600000e-01,0.0,1.011502e+00,-2.173927e-02,5.001764e-02
9.000000e-02,2.600000e-01,0.0,1.011831e+00,-2.353956e-02,5.348981e-02
1.000000e-01,2.600000e-01,0.0,1.011578e+00,-2.562723e-02,5.562402e-02
1.100000e-01,2.600000e-01,0.0,1.010498e+00,-2.911442e-02,5.648652e-02
1.200000e-01,2.600000e-01,0.0,1.008974e+00,-3.339915e-02,5.619677e-02
1.300000e-01,2.600000e-01,0.0,1.007919e+00,-3.568388e-02,5.593957e-02
1.400000e-01,2.600000e-01,0.0,1.007401e+00,-3.590576e-02,5.606377e-02
1.500000e-01,2.600000e-01,0.0,1.007148e+00,-3.505752e-02,5.623899e-02
1.600000e-01,2.600000e-01,0.0,1.007317e+00,-3.281625e-02,5.681962e-02
1.700000e-01,2.600000e-01,0.0,1.008407e+00,-2.786321e-02,5.818685e-02
1.800000e-01,2.600000e-01,0.0,1.010698e+00,-1.933917e-02,6.035823e-02
1.900000e-01,2.600000e-01,0.0,1.014461e+00,-6.423557e-03,6.337882e-02
2.000000e-01,2.600000e-01,0.0,1.019777e+00,1.111587e-02,6.698221e-02
2.100000e-01,2.600000e-01,0.0,1.026264e+00,3.219274e-02,6.970255e-02
2.200000e-01,2.600000e-01,0.0,1.032628e+00,5.286389e-02,7.191442e-02
2.300000e-01,2.600000e-01,0.0,1.036843e+00,6.669095e-02,7.314387e-02
2.400000e-01,2.600000e-01,0.0,1.038363e+00,7.180025e-02,7.289016e-02
2.500000e-01,2.600000e-01,0.0,1.038493e+00,7.260775e-02,7.222986e-02
2.600000e-01,2.600000e-01,0.0,1.038122e+00,7.188823e-02,7.188823e-02
2.700000e-01,2.600000e-01,0.0,1.036265e+00,6.648774e-02,7.095472e-02
2.800000e-01,2.600000e-01,0.0,1.031699e+00,5.282735e-02,6.820791e-02
2.900000e-01,2.600000e-01,0.0,1.025358e+00,3.428658e-02,6.392725e-02
3.000000e-01,2.600000e-01,0.0,1.020241e+00,2.038364e-02,5.984782e-02
3.100000e-01,2.600000e-01,0.0,1.017398e+00,1.432223e-02,5.643960e-02
3.200000e-01,2.600000e-01,0.0,1.015746e+00,1.258311e-02,5.282757e-02
3.300000e-01,2.600000e-01,0.0,1.014315e+00,1.215272e-02,4.836792e-02
3.400000e-01,2.600000e-01,0.0,1.012603e+00,1.156504e-02,4.267165e-02
3.500000e-01,2.600000e-01,0.0,1.010383e+00,1.013856e-02,3.554205e-02
3.600000e-01,2.600000e-01,0.0,1.007694e+00,7.794445e-03,2.722298e-02
3.700000e-01,2.600000e-01,0.0,1.004808e+00,4.874626e-03,1.858912e-02
3.800000e-01,2.600000e-01,0.0,1.002155e+00,1.955731e-03,1.089928e-02
3.900000e-01,2.600000e-01,0.0,1.000115e+00,-4.343125e-04,5.188070e-03
4.000000e-01,2.600000e-01,0.0,9.988142e-01,-2.078588e-03,1.734794e-03
4.100000e-01,2.600000e-01,0.0,9.981006e-01,-3.108721e-03,3.604698e-05
4.200000e-01,2.600000e-01,0.0,9.977237e-01,-3.789123e-03,-6.833658e-04
4.300000e-01,2.600000e-01,0.0,9.974901e-01,-4.337650e-03,-9.873720e-04
4.400000e-01,2.600000e-01,0.0,9.972922e-01,-4.887414e-03,-1.132644e-03
4.500000e-01,2.600000e-01,0.0,9.970826e-01,-5.511539e-03,-1.223703e-03
4.600000e-01,2.600000e-01,0.0,9.968349e-01,-6.265185e-03,-1.303495e-03
4.700000e-01,2.600000e-01,0.0,9.965181e-01,-7.227768e-03,-1.406536e-03
4.800000e-01,2.600000e-01,0.0,9.960784e-01,-8.546835e-03,-1.577822e-03
4.900000e-01,2.600000e-01,0.0,9.954218e-01,-1.050110e-02,-1.882422e-03
5.000000e-01,2.600000e-01,0.0,9.943961e-01,-1.354084e-02,-2.395711e-03
5.100000e-01,2.600000e-01,0.0,9.928600e-01,-1.808560e-02,-3.180015e-03
5.200000e-01,2.600000e-01,0.0,9.909811e-01,-2.361009e-02,-4.100441e-03
5.300000e-01,2.600000e-01,0.0,9.895297e-01,-2.776290e-02,-4.728159e-03
5.400000e-01,2.600000e-01,0.0,9.890302e-01,-2.898589e-02,-4.875175e-03
5.500000e-01,2.600000e-01,0.0,9.889763e-01,-2.885476e-02,-4.845519e-03
5.600000e-01,2.600000e-01,0.0,9.891730e-01,-2.796761e-02,-4.690940e-03
5.700000e-01,2.600000e-01,0.0,9.900688e-01,-2.497368e-02,-4.197089e-03
5.800000e-01,2.600000e-01,0.0,9.921874e-01,-1.827138e-02,-3.161870e-03
5.900000e-01,2.600000e-01,0.0,9.959155e-01,-6.686308e-03,-1.412403e-03
6.000000e-01,2.600000e-01,0.0,1.001321e+00,1.000284e-02,1.056397e-03
6.100000e-01,2.600000e-01,0.0,1.007963e+00,3.048507e-02,4.028488e-03
6.200000e-01,2.600000e-01,0.0,1.014479e+00,5.051992e-02,6.861492e-03
6.300000e-01,2.600000e-01,0.0,1.018765e+00,6.341341e-02,8.609713e-03
6.400000e-01,2.600000e-01,0.0,1.020179e+00,6.711022e-02,9.095592e-03
6.500000e-01,2.600000e-01,0.0,1.020354e+00,6.685530e-02,9.118851e-03
6.600000e-01,2.600000e-01,0.0,1.019946e+00,6.475223e-02,8.859600e-03
6.700000e-01,2.600000e-01,0.0,1.017876e+00,5.743921e-02,7.818178e-03
6.800000e-01,2.600000e-01,0.0,1.013246e+00,4.215086e-02,5.647857e-03
6.900000e-01,2.600000e-01,0.0,1.007141e+00,2.250815e-02,2.935096e-03
7.000000e-01,2.600000e-01,0.0,1.002545e+00,7.964797e-03,1.006747e-03
7.100000e-01,2.600000e-01,0.0,1.000607e+00,1.892691e-03,2.339741e-04
7.200000e-01,2.600000e-01,0.0,1.000110e+00,3.421134e-04,4.198073e-05
7.300000e-01,2.600000e-01,0.0,1.000018e+00,5.553737e-05,6.796195e-06
7.400000e-01,2.600000e-01,0.0,1.000003e+00,9.467961e-06,1.137907e-06
7.500000e-01,2.600000e-01,0.0,1.000001e+00,1.916514e-06,2.196203e-07
7.600000e-01,2.600000e-01,0.0,1.000000e+00,4.790428e-07,5.154327e-08
7.700000e-01,2.600000e-01,0.0,1.000000e+00,1.438520e-07,1.479660e-08
7.800000e-01,2.600000e-01,0.0,1.000000e+00,5.338615e-08,5.420727e-09
7.900000e-01,2.600000e-01,0.0,1.000000e+00,2.634296e-08,2.668745e-09
8.000000e-01,2.600000e-01,0.0,1.000000e+00,1.622749e-08,1.624483e-09
8.100000e-01,2.600000e-01,0.0,1.000000e+00,1.095397e-08,1.077509e-09
8.200000e-01,2.600000e-01,0.0,1.000000e+00,7.578155e-09,7.330164e-10
8.300000e-01,2.600000e-01,0.0,1.000000e+00,5.258386e-09,5.013260e-10
8.400000e-01,2.600000e-01,0.0,1.000000e+00,3.631109e-09,3.419249e-10
8.500000e-01,2.600000e-01,0.0,1.000000e+00,2.484932e-09,2.314669e-10
8.600000e-01,2.600000e-01,0.0,1.000000e+00,1.680606e-09,1.550125e-10
8.700000e-01,2.600000e-01,0.0,1.000000e+00,1.120997e-09,1.024503e-10
8.800000e-01,2.600000e-01,0.0,1.000000e+00,7.362893e-10,6.670144e-11
8.900000e-01,2.600000e-01,0.0,1.000000e+00,4.756215e-10,4.271856e-11
9.000000e-01,2.600000e-01,0.0,1.000000e+00,3.018674e-10,2.688374e-11
9.100000e-01,2.600000e-01,0.0,1.000000e+00,1.880919e-10,1.661023e-11
9.200000e-01,2.600000e-01,0.0,1.000000e+00,1.149863e-10,1.006924e-11
9.300000e-01,2.600000e-01,0.0,1.000000e+00,6.893100e-11,5.986016e-12
9.400000e-01,2.600000e-01,0.0,1.000000e+00,4.049958e-11,3.488838e-12
9.500000e-01,2.600000e-01,0.0,1.000000e+00,2.330283e-11,1.993846e-12
9.600000e-01,2.600000e-01,0.0,1.000000e+00,1.310441e-11,1.118697e-12
9.700000e-01,2.600000e-01,0.0,1.000000e+00,7.151356e-12,6.200088e-13
9.800000e-01,2.600000e-01,0.0,1.000000e+00,3.683966e-12,3.479306e-13
9.900000e-01,2.600000e-01,0.0,1.000000e+00,1.576209e-12,2.133481e-13
1.000000e+00,2.600000e-01,0.0,1.000000e+00,3.096607e-13,1.909722e-13
0.000000e+00,2.700000e-01,0.0,9.962953e-01,1.486997e-04,-6.810857e-04
1.000000e-02,2.700000e-01,0.0,9.960076e-01,-5.290431e-04,-1.348746e-03
2.000000e-02,2.700000e-01,0.0,9.964970e-01,-2.255682e-03,6.963134e-04
3.000000e-02,2.700000e-01,0.0,9.973284e-01,-3.986114e-03,3.112833e-03
4.000000e-02,2.700000e-01,0.0,9.986724e-01,-6.235634e-03,7.349215e-03
5.000000e-02,2.700000e-01,0.0,1.000421e+00,-8.747659e-03,1.293520e-02
6.000000e-02,2.700000e-01,0.0,1.002347e+00,-1.132669e-02,1.928752e-02
7.000000e-02,2.700000e-01,0.0,1.004186e+00,-1.382751e-02,2.563048e-02
8.000000e-02,2.700000e-01,0.0,1.005649e+00,-1.644497e-02,3.133254e-02
9.000000e-02,2.700000e-01,0.0,1.006572e+00,-1.940645e-02,3.633477e-02
1.000000e-01,2.700000e-01,0.0,1.006902e+00,-2.271802e-02,4.017887e-02
1.100000e-01,2.700000e-01,0.0,1.006314e+00,-2.746432e-02,4.274573e-02
1.200000e-01,2.700000e-01,0.0,1.005321e+00,-3.233541e-02,4.431780e-02
1.300000e-01,2.700000e-01,0.0,1.004979e+00,-3.457654e-02,4.564210e-02
1.400000e-01,2.700000e-01,0.0,1.004975e+00,-3.509589e-02,4.706787e-02
1.500000e-01,2.700000e-01,0.0,1.005094e+00,-3.458545e-02,4.843539e-02
1.600000e-01,2.700000e-01,0.0,1.005726e+00,-3.215571e-02,5.013735e-02
1.700000e-01,2.700000e-01,0.0,1.007155e+00,-2.698834e-02,5.229934e-02
1.800000e-01,2.700000e-01,0.0,1.009757e+00,-1.796834e-02,5.514959e-02
1.900000e-01,2.700000e-01,0.0,1.013871e+00,-4.206988e-03,5.889266e-02
2.000000e-01,2.700000e-01,0.0,1.019508e+00,1.424577e-02,6.324207e-02
2.100000e-01,2.700000e-01,0.0,1.026172e+00,3.580318e-02,6.663672e-02
2.200000e-01,2.700000e-01,0.0,1.032406e+00,5.589730e-02,6.913948e-02
2.300000e-01,2.700000e-01,0.0,1.036053e+00,6.798320e-02,7.002520e-02
2.400000e-01,2.700000e-01,0.0,1.037029e+00,7.164222e-02,6.911422e-02
2.500000e-01,2.700000e-01,0.0,1.036972e+00,7.223594e-02,6.783849e-02
2.600000e-01,2.700000e-01,0.0,1.036265e+00,7.095472e-02,6.648774e-02
2.700000e-01,2.700000e-01,0.0,1.033522e+00,6.360620e-02,6.360620e-02
2.800000e-01,2.700000e-01,0.0,1.027791e+00,4.755450e-02,5.824665e-02
2.900000e-01,2.700000e-01,0.0,1.020752e+00,2.827787e-02,5.162050e-02
3.000000e-01,2.700000e-01,0.0,1.015373e+00,1.501865e-02,4.550219e-02
3.100000e-01,2.700000e-01,0.0,1.012179e+00,9.248031e-03,4.000046e-02
3.200000e-01,2.700000e-01,0.0,1.009989e+00,7.126484e-03,3.441482e-02
3.300000e-01,2.700000e-01,0.0,1.007972e+00,5.918010e-03,2.830484e-02
3.400000e-01,2.700000e-01,0.0,1.005840e+00,4.523534e-03,2.167931e-02
3.500000e-01,2.700000e-01,0.0,1.003652e+00,2.765027e-03,1.503558e-02
3.600000e-01,2.700000e-01,0.0,1.001650e+00,9.196677e-04,9.133409e-03
3.700000e-01,2.700000e-01,0.0,1.000066e+00,-6.813177e-04,4.616769e-03
3.800000e-01,2.700000e-01,0.0,9.989887e-01,-1.874155e-03,1.689743e-03
3.900000e-01,2.700000e-01,0.0,9.983424e-01,-2.682866e-03,9.411412e-05
4.000000e-01,2.700000e-01,0.0,9.979801e-01,-3.236695e-03,-6.627270e-04
4.100000e-01,2.700000e-01,0.0,9.977616e-01,-3.670970e-03,-1.000257e-03
4.200000e-01,2.700000e-01,0.0,9.975951e-01,-4.081723e-03,-1.155461e-03
4.300000e-01,2.700000e-01,0.0,9.974349e-01,-4.525897e-03,-1.250313e-03
4.400000e-01,2.700000e-01,0.0,9.972584e-01,-5.039863e-03,-1.330140e-03
4.500000e-01,2.700000e-01,0.0,9.970493e-01,-5.658746e-03,-1.415358e-03
4.600000e-01,2.700000e-01,0.0,9.967886e-01,-6.430524e-03,-1.524384e-03
4.700000e-01,2.700000e-01,0.0,9.964452e-01,-7.440972e-03,-1.686399e-03
4.800000e-01,2.700000e-01,0.0,9.959639e-01,-8.854429e-03,-1.948758e-03
4.900000e-01,2.700000e-01,0.0,9.952423e-01,-1.097252e-02,-2.359446e-03
5.000000e-01,2.700000e-01,0.0,9.941259e-01,-1.426186e-02,-3.011468e-03
5.100000e-01,2.700000e-01,0.0,9.924952e-01,-1.906956e-02,-3.953197e-03
5.200000e-01,2.700000e-01,0.0,9.906167e-01,-2.456108e-02,-4.987223e-03
5.300000e-01,2.700000e-01,0.0,9.893244e-01,-2.820101e-02,-5.613350e-03
5.400000e-01,2.700000e-01,0.0,9.889533e-01,-2.902413e-02,-5.722028e-03
5.500000e-01,2.700000e-01,0.0,9.889268e-01,-2.880671e-02,-5.672877e-03
5.600000e-01,2.700000e-01,0.0,9.892009e-01,-2.768535e-02,-5.446529e-03
5.700000e-01,2.700000e-01,0.0,9.902605e-01,-2.420390e-02,-4.790957e-03
5.800000e-01,2.700000e-01,0.0,9.926263e-01,-1.677424e-02,-3.438252e-03
5.900000e-01,2.700000e-01,0.0,9.966415e-01,-4.380035e-03,-1.245663e-03
6.000000e-01,2.700000e-01,0.0,1.002307e+00,1.303859e-02,1.764176e-03
6.100000e-01,2.700000e-01,0.0,1.009076e+00,3.383119e-02,5.282213e-03
6.200000e-01,2.700000e-01,0.0,1.015417e+00,5.322804e-02,8.473011e-03
6.300000e-01,2.700000e-01,0.0,1.019253e+00,6.463032e-02,1.026630e-02
6.400000e-01,2.700000e-01,0.0,1.020352e+00,6.730539e-02,1.069315e-02
6.500000e-01,2.700000e-01,0.0,1.020463e+00,6.684830e-02,1.068525e-02
6.600000e-01,2.700000e-01,0.0,1.019885e+00,6.422547e-02,1.028257e-02
6.700000e-01,2.700000e-01,0.0,1.017457e+00,5.578677e-02,8.887250e-03
6.800000e-01,2.700000e-01,0.0,1.012406e+00,3.925358e-02,6.132321e-03
6.900000e-01,2.700000e-01,0.0,1.006272e+00,1.965149e-02,2.983305e-03
7.000000e-01,2.700000e-01,0.0,1.002070e+00,6.449070e-03,9.478416e-04
7.100000e-01,2.700000e-01,0.0,1.000462e+00,1.435492e-03,2.067733e-04
7.200000e-01,2.700000e-01,0.0,1.000081e+00,2.497616e-04,3.578392e-05
7.300000e-01,2.700000e-01,0.0,1.000013e+00,4.033512e-05,5.758728e-06
7.400000e-01,2.700000e-01,0.0,1.000002e+00,7.084129e-06,9.898944e-07
7.500000e-01,2.700000e-01,0.0,1.000000e+00,1.513694e-06,2.015467e-07
7.600000e-01,2.700000e-01,0.0,1.000000e+00,3.983769e-07,5.019218e-08
7.700000e-01,2.700000e-01,0.0,1.000000e+00,1.241858e-07,1.508192e-08
7.800000e-01,2.700000e-01,0.0,1.000000e+00,4.778955e-08,5.725829e-09
7.900000e-01,2.700000e-01,0.0,1.000000e+00,2.441408e-08,2.899719e-09
8.000000e-01,2.700000e-01,0.0,1.000000e+00,1.532224e-08,1.790412e-09
8.100000e-01,2.700000e-01,0.0,1.000000e+00,1.041235e-08,1.194005e-09
8.200000e-01,2.700000e-01,0.0,1.000000e+00,7.219631e-09,8.140556e-10
8.300000e-01,2.700000e-01,0.0,1.000000e+00,5.012431e-09,5.572129e-10
8.400000e-01,2.700000e-01,0.0,1.000000e+00,3.460059e-09,3.800199e-10
8.500000e-01,2.700000e-01,0.0,1.000000e+00,2.365592e-09,2.570687e-10
8.600000e-01,2.700000e-01,0.0,1.000000e+00,1.597640e-09,1.719445e-10
8.700000e-01,2.700000e-01,0.0,1.000000e+00,1.063801e-09,1.134556e-10
8.800000e-01,2.700000e-01,0.0,1.000000e+00,6.973279e-10,7.372373e-11
8.900000e-01,2.700000e-01,0.0,1.000000e+00,4.494666e-10,4.711407e-11
9.000000e-01,2.700000e-01,0.0,1.000000e+00,2.845987e-10,2.958047e-11
9.100000e-01,2.700000e-01,0.0,1.000000e+00,1.768945e-10,1.823143e-11
9.200000e-01,2.700000e-01,0.0,1.000000e+00,1.078636e-10,1.102346e-11
9.300000e-01,2.700000e-01,0.0,1.000000e+00,6.449014e-11,6.535894e-12
9.400000e-01,2.700000e-01,0.0,1.000000e+00,3.778775e-11,3.798755e-12
9.500000e-01,2.700000e-01,0.0,1.000000e+00,2.168299e-11,2.164538e-12
9.600000e-01,2.700000e-01,0.0,1.000000e+00,1.215987e-11,1.211018e-12
9.700000e-01,2.700000e-01,0.0,1.000000e+00,6.618509e-12,6.690898e-13
9.800000e-01,2.700000e-01,0.0,1.000000e+00,3.401402e-12,3.740932e-13
9.900000e-01,2.700000e-01,0.0,1.000000e+00,1.452708e-12,2.287544e-13
1.000000e+00,2.700000e-01,0.0,1.000000e+00,2.857574e-13,2.043786e-13
0.000000e+00,2.800000e-01,0.0,9.956039e-01,4.233838e-05,-3.258760e-03
1.000000e-02,2.800000e-01,0.0,9.954819e-01,-3.947830e-04,-3.016308e-03
2.000000e-02,2.800000e-01,0.0,9.955956e-01,-1.305403e-03,-2.004343e-03
3.000000e-02,2.800000e-01,0.0,9.957826e-01,-2.213761e-03,-1.446082e-03
4.000000e-02,2.800000e-01,0.0,9.961581e-01,-3.423900e-03,-1.330928e-04
5.000000e-02,2.800000e-01,0.0,9.967464e-01,-4.940183e-03,1.862332e-03
6.000000e-02,2.800000e-01,0.0,9.975344e-01,-6.785742e-03,4.629457e-03
7.000000e-02,2.800000e-01,0.0,9.984453e-01,-8.995573e-03,7.991785e-03
8.000000e-02,2.800000e-01,0.0,9.993366e-01,-1.162413e-02,1.176916e-02
9.000000e-02,2.800000e-01,0.0,1.000023e+00,-1.488106e-02,1.581403e-02
1.000000e-01,2.800000e-01,0.0,1.000240e+00,-1.917201e-02,1.944688e-02
1.100000e-01,2.800000e-01,0.0,9.998065e-01,-2.479225e-02,2.234187e-02
1.200000e-01,2.800000e-01,0.0,9.992283e-01,-3.006246e-02,2.498529e-02
1.300000e-01,2.800000e-01,0.0,9.994450e-01,-3.224576e-02,2.749673e-02
1.400000e-01,2.800000e-01,0.0,9.998838e-01,-3.312984e-02,3.010657e-02
1.500000e-01,2.800000e-01,0.0,1.000579e+00,-3.268672e-02,3.291044e-02
1.600000e-01,2.800000e-01,0.0,1.001747e+00,-3.034280e-02,3.598667e-02
1.700000e-01,2.800000e-01,0.0,1.003712e+00,-2.509643e-02,3.948345e-02
1.800000e-01,2.800000e-01,0.0,1.006916e+00,-1.558836e-02,4.366535e-02
1.900000e-01,2.800000e-01,0.0,1.011592e+00,-1.054516e-03,4.858632e-02
2.000000e-01,2.800000e-01,0.0,1.017643e+00,1.810654e-02,5.386002e-02
2.100000e-01,2.800000e-01,0.0,1.024417e+00,3.976335e-02,5.783292e-02
2.200000e-01,2.800000e-01,0.0,1.030253e+00,5.859733e-02,6.015236e-02
2.300000e-01,2.800000e-01,0.0,1.033075e+00,6.837816e-02,5.998760e-02
2.400000e-01,2.800000e-01,0.0,1.033438e+00,7.062015e-02,5.812664e-02
2.500000e-01,2.800000e-01,0.0,1.033106e+00,7.092491e-02,5.591055e-02
2.600000e-01,2.800000e-01,0.0,1.031699e+00,6.820791e-02,5.282735e-02
2.700000e-01,2.800000e-01,0.0,1.027791e+00,5.824665e-02,4.755450e-02
2.800000e-01,2.800000e-01,0.0,1.021040e+00,4.003696e-02,4.003696e-02
2.900000e-01,2.800000e-01,0.0,1.013709e+00,2.070248e-02,3.205433e-02
3.000000e-01,2.800000e-01,0.0,1.008550e+00,8.647762e-03,2.528531e-02
3.100000e-01,2.800000e-01,0.0,1.005614e+00,3.667422e-03,1.973609e-02
3.200000e-01,2.800000e-01,0.0,1.003695e+00,1.749964e-03,1.479378e-02
3.300000e-01,2.800000e-01,0.0,1.002137e+00,6.404762e-04,1.024249e-02
3.400000e-01,2.800000e-01,0.0,1.000795e+00,-3.438496e-04,6.275914e-03
3.500000e-01,2.800000e-01,0.0,9.997167e-01,-1.244929e-03,3.181930e-03
3.600000e-01,2.800000e-01,0.0,9.989441e-01,-1.975335e-03,1.079068e-03
3.700000e-01,2.800000e-01,0.0,9.984468e-01,-2.516136e-03,-1.681641e-04
3.800000e-01,2.800000e-01,0.0,9.981450e-01,-2.916053e-03,-8.206844e-04
3.900000e-01,2.800000e-01,0.0,9.979546e-01,-3.243234e-03,-1.128951e-03
4.000000e-01,2.800000e-01,0.0,9.978130e-01,-3.551942e-03,-1.266531e-03
4.100000e-01,2.800000e-01,0.0,9.976851e-01,-3.877450e-03,-1.338729e-03
4.200000e-01,2.800000e-01,0.0,9.975513e-01,-4.244376e-03,-1.393880e-03
4.300000e-01,2.800000e-01,0.0,9.973992e-01,-4.674720e-03,-1.459897e-03
4.400000e-01,2.800000e-01,0.0,9.972177e-01,-5.193560e-03,-1.546107e-03
4.500000e-01,2.800000e-01,0.0,9.969947e-01,-5.833400e-03,-1.660935e-03
4.600000e-01,2.800000e-01,0.0,9.967123e-01,-6.645732e-03,-1.817533e-03
4.700000e-01,2.800000e-01,0.0,9.963383e-01,-7.724101e-03,-2.044359e-03
4.800000e-01,2.800000e-01,0.0,9.958114e-01,-9.250454e-03,-2.376976e-03
4.900000e-01,2.800000e-01,0.0,9.950205e-01,-1.156087e-02,-2.888134e-03
5.000000e-01,2.800000e-01,0.0,9.938004e-01,-1.514347e-02,-3.686372e-03
5.100000e-01,2.800000e-01,0.0,9.920661e-01,-2.022911e-02,-4.810431e-03
5.200000e-01,2.800000e-01,0.0,9.902164e-01,-2.557931e-02,-5.946684e-03
5.300000e-01,2.800000e-01,0.0,9.891219e-01,-2.858554e-02,-6.528992e-03
5.400000e-01,2.800000e-01,0.0,9.888712e-01,-2.903443e-02,-6.586413e-03
5.500000e-01,2.800000e-01,0.0,9.888787e-01,-2.872026e-02,-6.505748e-03
5.600000e-01,2.800000e-01,0.0,9.892600e-01,-2.727700e-02,-6.170030e-03
5.700000e-01,2.800000e-01,0.0,9.905347e-01,-2.317220e-02,-5.280997e-03
5.800000e-01,2.800000e-01,0.0,9.931975e-01,-1.488076e-02,-3.554238e-03
5.900000e-01,2.800000e-01,0.0,9.975436e-01,-1.545692e-03,-8.527966e-04
6.000000e-01,2.800000e-01,0.0,1.003495e+00,1.666369e-02,2.747221e-03
6.100000e-01,2.800000e-01,0.0,1.010366e+00,3.767581e-02,6.808592e-03
6.200000e-01,2.800000e-01,0.0,1.016435e+00,5.611525e-02,1.026236e-02
6.300000e-01,2.800000e-01,0.0,1.019735e+00,6.576037e-02,1.198132e-02
6.400000e-01,2.800000e-01,0.0,1.020531e+00,6.745884e-02,1.230458e-02
6.500000e-01,2.800000e-01,0.0,1.020570e+00,6.678097e-02,1.225767e-02
6.600000e-01,2.800000e-01,0.0,1.019765e+00,6.345112e-02,1.164885e-02
6.700000e-01,2.800000e-01,0.0,1.016866e+00,5.359160e-02,9.752443e-03
6.800000e-01,2.800000e-01,0.0,1.011373e+00,3.573656e-02,6.376442e-03
6.900000e-01,2.800000e-01,0.0,1.005309e+00,1.653943e-02,2.857065e-03
7.000000e-01,2.800000e-01,0.0,1.001604e+00,4.967224e-03,8.311368e-04
7.100000e-01,2.800000e-01,0.0,1.000334e+00,1.029721e-03,1.693546e-04
7.200000e-01,2.800000e-01,0.0,1.000056e+00,1.727145e-04,2.830250e-05
7.300000e-01,2.800000e-01,0.0,1.000009e+00,2.799836e-05,4.564154e-06
7.400000e-01,2.800000e-01,0.0,1.000002e+00,5.141969e-06,8.168170e-07
7.500000e-01,2.800000e-01,0.0,1.000000e+00,1.173063e-06,1.776838e-07
7.600000e-01,2.800000e-01,0.0,1.000000e+00,3.256672e-07,4.710190e-08
7.700000e-01,2.800000e-01,0.0,1.000000e+00,1.053374e-07,1.479311e-08
7.800000e-01,2.800000e-01,0.0,1.000000e+00,4.222198e-08,5.838771e-09
7.900000e-01,2.800000e-01,0.0,1.000000e+00,2.243162e-08,3.054896e-09
8.000000e-01,2.800000e-01,0.0,1.000000e+00,1.436142e-08,1.917059e-09
8.100000e-01,2.800000e-01,0.0,1.000000e+00,9.827673e-09,1.286385e-09
8.200000e-01,2.800000e-01,0.0,1.000000e+00,6.829718e-09,8.792245e-10
8.300000e-01,2.800000e-01,0.0,1.000000e+00,4.743827e-09,6.023317e-10
8.400000e-01,2.800000e-01,0.0,1.000000e+00,3.272799e-09,4.107086e-10
8.500000e-01,2.800000e-01,0.0,1.000000e+00,2.234795e-09,2.775600e-10
8.600000e-01,2.800000e-01,0.0,1.000000e+00,1.506704e-09,1.853648e-10
8.700000e-01,2.800000e-01,0.0,1.000000e+00,1.001162e-09,1.220697e-10
8.800000e-01,2.800000e-01,0.0,1.000000e+00,6.547222e-10,7.913941e-11
8.900000e-01,2.800000e-01,0.0,1.000000e+00,4.209217e-10,5.044643e-11
9.000000e-01,2.800000e-01,0.0,1.000000e+00,2.657956e-10,3.158639e-11
9.100000e-01,2.800000e-01,0.0,1.000000e+00,1.647339e-10,1.941154e-11
9.200000e-01,2.800000e-01,0.0,1.000000e+00,1.001500e-10,1.170167e-11
9.300000e-01,2.800000e-01,0.0,1.000000e+00,5.969485e-11,6.916626e-12
9.400000e-01,2.800000e-01,0.0,1.000000e+00,3.486842e-11,4.007398e-12
9.500000e-01,2.800000e-01,0.0,1.000000e+00,1.994414e-11,2.276107e-12
9.600000e-01,2.800000e-01,0.0,1.000000e+00,1.114938e-11,1.269236e-12
9.700000e-01,2.800000e-01,0.0,1.000000e+00,6.049988e-12,6.987133e-13
9.800000e-01,2.800000e-01,0.0,1.000000e+00,3.100947e-12,3.892842e-13
9.900000e-01,2.800000e-01,0.0,1.000000e+00,1.322070e-12,2.372418e-13
1.000000e+00,2.800000e-01,0.0,1.000000e+00,2.601236e-13,2.113526e-13
0.000000e+00,2.900000e-01,0.0,9.954114e-01,8.103068e-06,-4.179774e-03
1.000000e-02,2.900000e-01,0.0,9.953400e-01,-3.987033e-04,-3.668177e-03
2.000000e-02,2.900000e-01,0.0,9.953496e-01,-1.102635e-03,-2.944946e-03
3.000000e-02,2.900000e-01,0.0,9.953229e-01,-1.787647e-03,-3.002747e-03
4.000000e-02,2.900000e-01,0.0,9.953144e-01,-2.662886e-03,-2.756155e-03
5.000000e-02,2.900000e-01,0.0,9.953388e-01,-3.760151e-03,-2.411032e-03
6.000000e-02,2.900000e-01,0.0,9.954026e-01,-5.136996e-03,-1.822535e-03
7.000000e-02,2.900000e-01,0.0,9.954870e-01,-6.905401e-03,-9.835775e-04
8.000000e-02,2.900000e-01,0.0,9.955288e-01,-9.247806e-03,1.867424e-04
9.000000e-02,2.900000e-01,0.0,9.953891e-01,-1.247249e-02,1.697959e-03
1.000000e-01,2.900000e-01,0.0,9.948648e-01,-1.701116e-02,3.188073e-03
1.100000e-01,2.900000e-01,0.0,9.939193e-01,-2.284925e-02,4.447069e-03
1.200000e-01,2.900000e-01,0.0,9.931493e-01,-2.801286e-02,6.031467e-03
1.300000e-01,2.900000e-01,0.0,9.933448e-01,-2.994052e-02,8.056294e-03
1.400000e-01,2.900000e-01,0.0,9.938599e-01,-3.069865e-02,1.045850e-02
1.500000e-01,2.900000e-01,0.0,9.946577e-01,-3.026383e-02,1.324171e-02
1.600000e-01,2.900000e-01,0.0,9.959906e-01,-2.780851e-02,1.649110e-02
1.700000e-01,2.900000e-01,0.0,9.983284e-01,-2.200239e-02,2.059642e-02
1.800000e-01,2.900000e-01,0.0,1.002094e+00,-1.169193e-02,2.577905e-02
1.900000e-01,2.900000e-01,0.0,1.007351e+00,3.369938e-03,3.175563e-02
2.000000e-01,2.900000e-01,0.0,1.013794e+00,2.261272e-02,3.782692e-02
2.100000e-01,2.900000e-01,0.0,1.020559e+00,4.370643e-02,4.216907e-02
2.200000e-01,2.900000e-01,0.0,1.025841e+00,6.062969e-02,4.420751e-02
2.300000e-01,2.900000e-01,0.0,1.027931e+00,6.787605e-02,4.335750e-02
2.400000e-01,2.900000e-01,0.0,1.027941e+00,6.895205e-02,4.111063e-02
2.500000e-01,2.900000e-01,0.0,1.027368e+00,6.849173e-02,3.835116e-02
2.600000e-01,2.900000e-01,0.0,1.025358e+00,6.392725e-02,3.428658e-02
2.700000e-01,2.900000e-01,0.0,1.020752e+00,5.162050e-02,2.827787e-02
2.800000e-01,2.900000e-01,0.0,1.013709e+00,3.205433e-02,2.070248e-02
2.900000e-01,2.900000e-01,0.0,1.006942e+00,1.368034e-02,1.368034e-02
3.000000e-01,2.900000e-01,0.0,1.002844e+00,3.614932e-03,8.730734e-03
3.100000e-01,2.900000e-01,0.0,1.000915e+00,-2.055819e-05,5.459818e-03
3.200000e-01,2.900000e-01,0.0,9.999004e-01,-1.227293e-03,3.095154e-03
3.300000e-01,2.900000e-01,0.0,9.992328e-01,-1.786255e-03,1.330545e-03
3.400000e-01,2.900000e-01,0.0,9.987613e-01,-2.171973e-03,9.001419e-05
3.500000e-01,2.900000e-01,0.0,9.984391e-01,-2.477300e-03,-6.957653e-04
3.600000e-01,2.900000e-01,0.0,9.982264e-01,-2.729180e-03,-1.140209e-03
3.700000e-01,2.900000e-01,0.0,9.980803e-01,-2.955312e-03,-1.364259e-03
3.800000e-01,2.900000e-01,0.0,9.979676e-01,-3.180900e-03,-1.466711e-03
3.900000e-01,2.900000e-01,0.0,9.978662e-01,-3.424062e-03,-1.510358e-03
4.000000e-01,2.900000e-01,0.0,9.977625e-01,-3.697373e-03,-1.535127e-03
4.100000e-01,2.900000e-01,0.0,9.976471e-01,-4.012209e-03,-1.565887e-03
4.200000e-01,2.900000e-01,0.0,9.975128e-01,-4.382496e-03,-1.615464e-03
4.300000e-01,2.900000e-01,0.0,9.973521e-01,-4.826790e-03,-1.696689e-03
4.400000e-01,2.900000e-01,0.0,9.971568e-01,-5.369965e-03,-1.812118e-03
4.500000e-01,2.900000e-01,0.0,9.969156e-01,-6.045614e-03,-1.964955e-03
4.600000e-01,2.900000e-01,0.0,9.966095e-01,-6.908570e-03,-2.167234e-03
4.700000e-01,2.900000e-01,0.0,9.962039e-01,-8.065165e-03,-2.443571e-03
4.800000e-01,2.900000e-01,0.0,9.956278e-01,-9.726809e-03,-2.846962e-03
4.900000e-01,2.900000e-01,0.0,9.947520e-01,-1.227600e-02,-3.473265e-03
5.000000e-01,2.900000e-01,0.0,9.934020e-01,-1.621971e-02,-4.459226e-03
5.100000e-01,2.900000e-01,0.0,9.915588e-01,-2.157839e-02,-5.797690e-03
5.200000e-01,2.900000e-01,0.0,9.897979e-01,-2.660471e-02,-6.998348e-03
5.300000e-01,2.900000e-01,0.0,9.889363e-01,-2.887422e-02,-7.464605e-03
5.400000e-01,2.900000e-01,0.0,9.887854e-01,-2.901852e-02,-7.463705e-03
5.500000e-01,2.900000e-01,0.0,9.888376e-01,-2.857100e-02,-7.336582e-03
5.600000e-01,2.900000e-01,0.0,9.893734e-01,-2.669920e-02,-6.832079e-03
5.700000e-01,2.900000e-01,0.0,9.909091e-01,-2.180380e-02,-5.649576e-03
5.800000e-01,2.900000e-01,0.0,9.939298e-01,-1.250948e-02,-3.460350e-03
5.900000e-01,2.900000e-01,0.0,9.986487e-01,1.880408e-03,-1.772186e-04
6.000000e-01,2.900000e-01,0.0,1.004898e+00,2.090537e-02,4.057209e-03
6.100000e-01,2.900000e-01,0.0,1.011819e+00,4.195924e-02,8.633438e-03
6.200000e-01,2.900000e-01,0.0,1.017488e+00,5.903981e-02,1.221100e-02
6.300000e-01,2.900000e-01,0.0,1.020183e+00,6.672166e-02,1.373204e-02
6.400000e-01,2.900000e-01,0.0,1.020716e+00,6.758278e-02,1.394164e-02
6.500000e-01,2.900000e-01,0.0,1.020668e+00,6.662078e-02,1.382528e-02
6.600000e-01,2.900000e-01,0.0,1.019540e+00,6.231300e-02,1.289685e-02
6.700000e-01,2.900000e-01,0.0,1.016075e+00,5.071053e-02,1.039396e-02
6.800000e-01,2.900000e-01,0.0,1.010136e+00,3.161216e-02,6.330599e-03
6.900000e-01,2.900000e-01,0.0,1.004299e+00,1.330133e-02,2.570825e-03
7.000000e-01,2.900000e-01,0.0,1.001175e+00,3.614024e-03,6.777213e-04
7.100000e-01,2.900000e-01,0.0,1.000227e+00,6.958750e-04,1.286744e-04
7.200000e-01,2.900000e-01,0.0,1.000037e+00,1.131749e-04,2.087955e-05
7.300000e-01,2.900000e-01,0.0,1.000006e+00,1.868241e-05,3.418622e-06
7.400000e-01,2.900000e-01,0.0,1.000001e+00,3.653247e-06,6.484921e-07
7.500000e-01,2.900000e-01,0.0,1.000000e+00,8.974121e-07,1.523818e-07
7.600000e-01,2.900000e-01,0.0,1.000000e+00,2.621101e-07,4.291286e-08
7.700000e-01,2.900000e-01,0.0,1.000000e+00,8.785101e-08,1.403817e-08
7.800000e-01,2.900000e-01,0.0,1.000000e+00,3.689602e-08,5.784269e-09
7.900000e-01,2.900000e-01,0.0,1.000000e+00,2.046647e-08,3.139801e-09
8.000000e-01,2.900000e-01,0.0,1.000000e+00,1.337216e-08,2.005313e-09
8.100000e-01,2.900000e-01,0.0,1.000000e+00,9.213557e-09,1.354576e-09
8.200000e-01,2.900000e-01,0.0,1.000000e+00,6.416475e-09,9.282474e-10
8.300000e-01,2.900000e-01,0.0,1.000000e+00,4.457746e-09,6.363921e-10
8.400000e-01,2.900000e-01,0.0,1.000000e+00,3.072811e-09,4.337467e-10
8.500000e-01,2.900000e-01,0.0,1.000000e+00,2.094956e-09,2.927568e-10
8.600000e-01,2.900000e-01,0.0,1.000000e+00,1.409500e-09,1.951453e-10
8.700000e-01,2.900000e-01,0.0,1.000000e+00,9.342815e-10,1.282101e-10
8.800000e-01,2.900000e-01,0.0,1.000000e+00,6.093151e-10,8.289708e-11
8.900000e-01,2.900000e-01,0.0,1.000000e+00,3.905719e-10,5.268662e-11
9.000000e-01,2.900000e-01,0.0,1.000000e+00,2.458588e-10,3.288518e-11
9.100000e-01,2.900000e-01,0.0,1.000000e+00,1.518789e-10,2.014342e-11
9.200000e-01,2.900000e-01,0.0,1.000000e+00,9.202238e-11,1.210146e-11
9.300000e-01,2.900000e-01,0.0,1.000000e+00,5.465985e-11,7.127616e-12
9.400000e-01,2.900000e-01,0.0,1.000000e+00,3.181402e-11,4.114547e-12
9.500000e-01,2.900000e-01,0.0,1.000000e+00,1.813178e-11,2.328495e-12
9.600000e-01,2.900000e-01,0.0,1.000000e+00,1.009959e-11,1.293783e-12
9.700000e-01,2.900000e-01,0.0,1.000000e+00,5.461303e-12,7.097446e-13
9.800000e-01,2.900000e-01,0.0,1.000000e+00,2.790599e-12,3.935570e-13
9.900000e-01,2.900000e-01,0.0,1.000000e+00,1.186946e-12,2.386486e-13
1.000000e+00,2.900000e-01,0.0,1.000000e+00,2.337327e-13,2.122189e-13
0.000000e+00,3.000000e-01,0.0,9.953457e-01,-4.881223e-06,-4.642992e-03
1.000000e-02,3.000000e-01,0.0,9.952843e-01,-4.492749e-04,-4.079399e-03
2.000000e-02,3.000000e-01,0.0,9.952583e-01,-1.137117e-03,-3.439851e-03
3.000000e-02,3.000000e-01,0.0,9.951628e-01,-1.794417e-03,-3.678090e-03
4.000000e-02,3.000000e-01,0.0,9.950355e-01,-2.608176e-03,-3.720841e-03
5.000000e-02,3.000000e-01,0.0,9.948771e-01,-3.608529e-03,-3.878261e-03
6.000000e-02,3.000000e-01,0.0,9.946742e-01,-4.856556e-03,-4.038097e-03
7.000000e-02,3.000000e-01,0.0,9.943920e-01,-6.502351e-03,-4.239473e-03
8.000000e-02,3.000000e-01,0.0,9.939562e-01,-8.794407e-03,-4.438892e-03
9.000000e-02,3.000000e-01,0.0,9.932291e-01,-1.211520e-02,-4.585872e-03
1.000000e-01,3.000000e-01,0.0,9.920615e-01,-1.687033e-02,-4.850415e-03
1.100000e-01,3.000000e-01,0.0,9.905779e-01,-2.266250e-02,-5.239301e-03
1.200000e-01,3.000000e-01,0.0,9.895409e-01,-2.716820e-02,-5.101493e-03
1.300000e-01,3.000000e-01,0.0,9.894965e-01,-2.866851e-02,-4.147319e-03
1.400000e-01,3.000000e-01,0.0,9.898074e-01,-2.909359e-02,-2.762265e-03
1.500000e-01,3.000000e-01,0.0,9.904095e-01,-2.852331e-02,-9.154685e-04
1.600000e-01,3.000000e-01,0.0,9.916928e-01,-2.571093e-02,1.651321e-03
1.700000e-01,3.000000e-01,0.0,9.941471e-01,-1.909331e-02,5.319954e-03
1.800000e-01,3.000000e-01,0.0,9.980639e-01,-7.702728e-03,1.017987e-02
1.900000e-01,3.000000e-01,0.0,1.003434e+00,8.373307e-03,1.594530e-02
2.000000e-01,3.000000e-01,0.0,1.009946e+00,2.799516e-02,2.193006e-02
2.100000e-01,3.000000e-01,0.0,1.016614e+00,4.800756e-02,2.637949e-02
2.200000e-01,3.000000e-01,0.0,1.021387e+00,6.239189e-02,2.859475e-02
2.300000e-01,3.000000e-01,0.0,1.022991e+00,6.736524e-02,2.791784e-02
2.400000e-01,3.000000e-01,0.0,1.023011e+00,6.759947e-02,2.616586e-02
2.500000e-01,3.000000e-01,0.0,1.022427e+00,6.611915e-02,2.391128e-02
2.600000e-01,3.000000e-01,0.0,1.020241e+00,5.984782e-02,2.038364e-02
2.700000e-01,3.000000e-01,0.0,1.015373e+00,4.550219e-02,1.501865e-02
2.800000e-01,3.000000e-01,0.0,1.008550e+00,2.528531e-02,8.647762e-03
2.900000e-01,3.000000e-01,0.0,1.002844e+00,8.730734e-03,3.614932e-03
3.000000e-01,3.000000e-01,0.0,9.999977e-01,9.234421e-04,9.234421e-04
3.100000e-01,3.000000e-01,0.0,9.989719e-01,-1.492596e-03,-3.230931e-04
3.200000e-01,3.000000e-01,0.0,9.985774e-01,-2.168970e-03,-9.787165e-04
3.300000e-01,3.000000e-01,0.0,9.983731e-01,-2.427929e-03,-1.363861e-03
3.400000e-01,3.000000e-01,0.0,9.982421e-01,-2.591163e-03,-1.577046e-03
3.500000e-01,3.000000e-01,0.0,9.981470e-01,-2.736818e-03,-1.683016e-03
3.600000e-01,3.000000e-01,0.0,9.980683e-01,-2.891409e-03,-1.726062e-03
3.700000e-01,3.000000e-01,0.0,9.979936e-01,-3.069067e-03,-1.737023e-03
3.800000e-01,3.000000e-01,0.0,9.979152e-01,-3.277246e-03,-1.737371e-03
3.900000e-01,3.000000e-01,0.0,9.978275e-01,-3.520081e-03,-1.738582e-03
4.000000e-01,3.000000e-01,0.0,9.977258e-01,-3.802342e-03,-1.754162e-03
4.100000e-01,3.000000e-01,0.0,9.976052e-01,-4.132591e-03,-1.795392e-03
4.200000e-01,3.000000e-01,0.0,9.974604e-01,-4.524727e-03,-1.866878e-03
4.300000e-01,3.000000e-01,0.0,9.972863e-01,-4.997577e-03,-1.977123e-03
4.400000e-01,3.000000e-01,0.0,9.970750e-01,-5.575016e-03,-2.123790e-03
4.500000e-01,3.000000e-01,0.0,9.968150e-01,-6.292602e-03,-2.310341e-03
4.600000e-01,3.000000e-01,0.0,9.964862e-01,-7.213912e-03,-2.552150e-03
4.700000e-01,3.000000e-01,0.0,9.960454e-01,-8.465244e-03,-2.878945e-03
4.800000e-01,3.000000e-01,0.0,9.954067e-01,-1.030036e-02,-3.368974e-03
4.900000e-01,3.000000e-01,0.0,9.944183e-01,-1.316225e-02,-4.152847e-03
5.000000e-01,3.000000e-01,0.0,9.929067e-01,-1.754383e-02,-5.384276e-03
5.100000e-01,3.000000e-01,0.0,9.909738e-01,-2.310099e-02,-6.933680e-03
5.200000e-01,3.000000e-01,0.0,9.893832e-01,-2.754667e-02,-8.089180e-03
5.300000e-01,3.000000e-01,0.0,9.887757e-01,-2.904210e-02,-8.407078e-03
5.400000e-01,3.000000e-01,0.0,9.886969e-01,-2.898329e-02,-8.353729e-03
5.500000e-01,3.000000e-01,0.0,9.888184e-01,-2.831047e-02,-8.137452e-03
5.600000e-01,3.000000e-01,0.0,9.895567e-01,-2.585709e-02,-7.424251e-03
5.700000e-01,3.000000e-01,0.0,9.914224e-01,-2.001731e-02,-5.836413e-03
5.800000e-01,3.000000e-01,0.0,9.948554e-01,-9.563015e-03,-3.094225e-03
5.900000e-01,3.000000e-01,0.0,9.999839e-01,5.969202e-03,8.472544e-04
6.000000e-01,3.000000e-01,0.0,1.006530e+00,2.578021e-02,5.747014e-03
6.100000e-01,3.000000e-01,0.0,1.013409e+00,4.658076e-02,1.075861e-02
6.200000e-01,3.000000e-01,0.0,1.018522e+00,6.181453e-02,1.427359e-02
6.300000e-01,3.000000e-01,0.0,1.020580e+00,6.745392e-02,1.550065e-02
6.400000e-01,3.000000e-01,0.0,1.020907e+00,6.766066e-02,1.561311e-02
6.500000e-01,3.000000e-01,0.0,1.020730e+00,6.629169e-02,1.536219e-02
6.600000e-01,3.000000e-01,0.0,1.019179e+00,6.067350e-02,1.402298e-02
6.700000e-01,3.000000e-01,0.0,1.015036e+00,4.700864e-02,1.071778e-02
6.800000e-01,3.000000e-01,0.0,1.008704e+00,2.694444e-02,5.966410e-03
6.900000e-01,3.000000e-01,0.0,1.003297e+00,1.012339e-02,2.161132e-03
7.000000e-01,3.000000e-01,0.0,1.000808e+00,2.465775e-03,5.118695e-04
7.100000e-01,3.000000e-01,0.0,1.000145e+00,4.417932e-04,9.075779e-05
7.200000e-01,3.000000e-01,0.0,1.000023e+00,7.048067e-05,1.445479e-05
7.300000e-01,3.000000e-01,0.0,1.000004e+00,1.209613e-05,2.449869e-06
7.400000e-01,3.000000e-01,0.0,1.000001e+00,2.566922e-06,5.026521e-07
7.500000e-01,3.000000e-01,0.0,1.000000e+00,6.806003e-07,1.282922e-07
7.600000e-01,3.000000e-01,0.0,1.000000e+00,2.076201e-07,3.807711e-08
7.700000e-01,3.000000e-01,0.0,1.000000e+00,7.209777e-08,1.293347e-08
7.800000e-01,3.000000e-01,0.0,1.000000e+00,3.198658e-08,5.598367e-09
7.900000e-01,3.000000e-01,0.0,1.000000e+00,1.857750e-08,3.164211e-09
8.000000e-01,3.000000e-01,0.0,1.000000e+00,1.237830e-08,2.057857e-09
8.100000e-01,3.000000e-01,0.0,1.000000e+00,8.582643e-09,1.399416e-09
8.200000e-01,3.000000e-01,0.0,1.000000e+00,5.987594e-09,9.613744e-10
8.300000e-01,3.000000e-01,0.0,1.000000e+00,4.159232e-09,6.594335e-10
8.400000e-01,3.000000e-01,0.0,1.000000e+00,2.863557e-09,4.491094e-10
8.500000e-01,3.000000e-01,0.0,1.000000e+00,1.948511e-09,3.026284e-10
8.600000e-01,3.000000e-01,0.0,1.000000e+00,1.307757e-09,2.012664e-10
8.700000e-01,3.000000e-01,0.0,1.000000e+00,8.643859e-10,1.318693e-10
8.800000e-01,3.000000e-01,0.0,1.000000e+00,5.619700e-10,8.500001e-11
8.900000e-01,3.000000e-01,0.0,1.000000e+00,3.590161e-10,5.384200e-11
9.000000e-01,3.000000e-01,0.0,1.000000e+00,2.251962e-10,3.348718e-11
9.100000e-01,3.000000e-01,0.0,1.000000e+00,1.386025e-10,2.043598e-11
9.200000e-01,3.000000e-01,0.0,1.000000e+00,8.365874e-11,1.223030e-11
9.300000e-01,3.000000e-01,0.0,1.000000e+00,4.949840e-11,7.174803e-12
9.400000e-01,3.000000e-01,0.0,1.000000e+00,2.869556e-11,4.125335e-12
9.500000e-01,3.000000e-01,0.0,1.000000e+00,1.628897e-11,2.324836e-12
9.600000e-01,3.000000e-01,0.0,1.000000e+00,9.036827e-12,1.286225e-12
9.700000e-01,3.000000e-01,0.0,1.000000e+00,4.867534e-12,7.022901e-13
9.800000e-01,3.000000e-01,0.0,1.000000e+00,2.478519e-12,3.876137e-13
9.900000e-01,3.000000e-01,0.0,1.000000e+00,1.051442e-12,2.337313e-13
1.000000e+00,3.000000e-01,0.0,1.000000e+00,2.071255e-13,2.075176e-13
0.000000e+00,3.100000e-01,0.0,9.952908e-01,-1.417250e-05,-5.013313e-03
1.000000e-02,3.100000e-01,0.0,9.952287e-01,-5.250669e-04,-4.473017e-03
2.000000e-02,3.100000e-01,0.0,9.951874e-01,-1.265600e-03,-3.854995e-03
3.000000e-02,3.100000e-01,0.0,9.950624e-01,-1.951767e-03,-4.152463e-03
4.000000e-02,3.100000e-01,0.0,9.948911e-01,-2.780898e-03,-4.257876e-03
5.000000e-02,3.100000e-01,0.0,9.946679e-01,-3.792208e-03,-4.569927e-03
6.000000e-02,3.100000e-01,0.0,9.943665e-01,-5.058561e-03,-4.975567e-03
7.000000e-02,3.100000e-01,0.0,9.939325e-01,-6.767896e-03,-5.531921e-03
8.000000e-02,3.100000e-01,0.0,9.932672e-01,-9.227223e-03,-6.278365e-03
9.000000e-02,3.100000e-01,0.0,9.922189e-01,-1.285664e-02,-7.191605e-03
1.000000e-01,3.100000e-01,0.0,9.906846e-01,-1.793889e-02,-8.327045e-03
1.100000e-01,3.100000e-01,0.0,9.889830e-01,-2.353433e-02,-9.490676e-03
1.200000e-01,3.100000e-01,0.0,9.879717e-01,-2.715503e-02,-9.900329e-03
1.300000e-01,3.100000e-01,0.0,9.878789e-01,-2.810689e-02,-9.481056e-03
1.400000e-01,3.100000e-01,0.0,9.880742e-01,-2.826654e-02,-8.656282e-03
1.500000e-01,3.100000e-01,0.0,9.886416e-01,-2.731388e-02,-7.239265e-03
1.600000e-01,3.100000e-01,0.0,9.900800e-01,-2.372247e-02,-4.818300e-03
1.700000e-01,3.100000e-01,0.0,9.928475e-01,-1.607421e-02,-1.084905e-03
1.800000e-01,3.100000e-01,0.0,9.970867e-01,-3.809675e-03,3.841426e-03
1.900000e-01,3.100000e-01,0.0,1.002668e+00,1.289282e-02,9.587716e-03
2.000000e-01,3.100000e-01,0.0,1.009127e+00,3.289367e-02,1.545945e-02
2.100000e-01,3.100000e-01,0.0,1.015288e+00,5.229385e-02,1.941550e-02
2.200000e-01,3.100000e-01,0.0,1.019229e+00,6.439128e-02,2.086056e-02
2.300000e-01,3.100000e-01,0.0,1.020392e+00,6.736367e-02,2.030772e-02
2.400000e-01,3.100000e-01,0.0,1.020482e+00,6.697302e-02,1.912273e-02
2.500000e-01,3.100000e-01,0.0,1.019868e+00,6.454629e-02,1.743968e-02
2.600000e-01,3.100000e-01,0.0,1.017398e+00,5.643960e-02,1.432223e-02
2.700000e-01,3.100000e-01,0.0,1.012179e+00,4.000046e-02,9.248031e-03
2.800000e-01,3.100000e-01,0.0,1.005614e+00,1.973609e-02,3.667422e-03
2.900000e-01,3.100000e-01,0.0,1.000915e+00,5.459818e-03,-2.055819e-05
3.000000e-01,3.100000e-01,0.0,9.989719e-01,-3.230931e-04,-1.492596e-03
3.100000e-01,3.100000e-01,0.0,9.984119e-01,-1.916989e-03,-1.916989e-03
3.200000e-01,3.100000e-01,0.0,9.982463e-01,-2.344605e-03,-2.030849e-03
3.300000e-01,3.100000e-01,0.0,9.981730e-01,-2.518468e-03,-2.051691e-03
3.400000e-01,3.100000e-01,0.0,9.981221e-01,-2.643414e-03,-2.033860e-03
3.500000e-01,3.100000e-01,0.0,9.980737e-01,-2.771934e-03,-2.004490e-03
3.600000e-01,3.100000e-01,0.0,9.980198e-01,-2.924409e-03,-1.974707e-03
3.700000e-01,3.100000e-01,0.0,9.979561e-01,-3.110183e-03,-1.951222e-03
3.800000e-01,3.100000e-01,0.0,9.978800e-01,-3.333055e-03,-1.942280e-03
3.900000e-01,3.100000e-01,0.0,9.977888e-01,-3.594673e-03,-1.951291e-03
4.000000e-01,3.100000e-01,0.0,9.976792e-01,-3.899268e-03,-1.986456e-03
4.100000e-01,3.100000e-01,0.0,9.975477e-01,-4.255625e-03,-2.053735e-03
4.200000e-01,3.100000e-01,0.0,9.973905e-01,-4.678263e-03,-2.154548e-03
4.300000e-01,3.100000e-01,0.0,9.972023e-01,-5.185249e-03,-2.293596e-03
4.400000e-01,3.100000e-01,0.0,9.969753e-01,-5.801929e-03,-2.468353e-03
4.500000e-01,3.100000e-01,0.0,9.966975e-01,-6.568290e-03,-2.689338e-03
4.600000e-01,3.100000e-01,0.0,9.963422e-01,-7.559854e-03,-2.968254e-03
4.700000e-01,3.100000e-01,0.0,9.958559e-01,-8.935909e-03,-3.361430e-03
4.800000e-01,3.100000e-01,0.0,9.951313e-01,-1.100755e-02,-3.974440e-03
4.900000e-01,3.100000e-01,0.0,9.939926e-01,-1.428155e-02,-4.979677e-03
5.000000e-01,3.100000e-01,0.0,9.922952e-01,-1.915093e-02,-6.508016e-03
5.100000e-01,3.100000e-01,0.0,9.903353e-01,-2.470650e-02,-8.210137e-03
5.200000e-01,3.100000e-01,0.0,9.890142e-01,-2.829889e-02,-9.203057e-03
5.300000e-01,3.100000e-01,0.0,9.886382e-01,-2.909239e-02,-9.352849e-03
5.400000e-01,3.100000e-01,0.0,9.886068e-01,-2.890287e-02,-9.249375e-03
5.500000e-01,3.100000e-01,0.0,9.888539e-01,-2.789207e-02,-8.877332e-03
5.600000e-01,3.100000e-01,0.0,9.898455e-01,-2.466566e-02,-7.867336e-03
5.700000e-01,3.100000e-01,0.0,9.921145e-01,-1.771571e-02,-5.772929e-03
5.800000e-01,3.100000e-01,0.0,9.960105e-01,-5.955774e-03,-2.381473e-03
5.900000e-01,3.100000e-01,0.0,1.001577e+00,1.078262e-02,2.292736e-03
6.000000e-01,3.100000e-01,0.0,1.008387e+00,3.126715e-02,7.864297e-03
6.100000e-01,3.100000e-01,0.0,1.015085e+00,5.136056e-02,1.316125e-02
6.200000e-01,3.100000e-01,0.0,1.019477e+00,6.426378e-02,1.640840e-02
6.300000e-01,3.100000e-01,0.0,1.020926e+00,6.794195e-02,1.728256e-02
6.400000e-01,3.100000e-01,0.0,1.021107e+00,6.770827e-02,1.730861e-02
6.500000e-01,3.100000e-01,0.0,1.020717e+00,6.566908e-02,1.682033e-02
6.600000e-01,3.100000e-01,0.0,1.018596e+00,5.832616e-02,1.485892e-02
6.700000e-01,3.100000e-01,0.0,1.013688e+00,4.239918e-02,1.062035e-02
6.800000e-01,3.100000e-01,0.0,1.007129e+00,2.187301e-02,5.295806e-03
6.900000e-01,3.100000e-01,0.0,1.002370e+00,7.213667e-03,1.682550e-03
7.000000e-01,3.100000e-01,0.0,1.000517e+00,1.567240e-03,3.567168e-04
7.100000e-01,3.100000e-01,0.0,1.000087e+00,2.633317e-04,5.953815e-05
7.200000e-01,3.100000e-01,0.0,1.000014e+00,4.200892e-05,9.475297e-06
7.300000e-01,3.100000e-01,0.0,1.000003e+00,7.701462e-06,1.706160e-06
7.400000e-01,3.100000e-01,0.0,1.000001e+00,1.801080e-06,3.856462e-07
7.500000e-01,3.100000e-01,0.0,1.000000e+00,5.121749e-07,1.064982e-07
7.600000e-01,3.100000e-01,0.0,1.000000e+00,1.615225e-07,3.289520e-08
7.700000e-01,3.100000e-01,0.0,1.000000e+00,5.834470e-08,1.160711e-08
7.800000e-01,3.100000e-01,0.0,1.000000e+00,2.762047e-08,5.324360e-09
7.900000e-01,3.100000e-01,0.0,1.000000e+00,1.680620e-08,3.140274e-09
8.000000e-01,3.100000e-01,0.0,1.000000e+00,1.139867e-08,2.078532e-09
8.100000e-01,3.100000e-01,0.0,1.000000e+00,7.945864e-09,1.422409e-09
8.200000e-01,3.100000e-01,0.0,1.000000e+00,5.550071e-09,9.792648e-10
8.300000e-01,3.100000e-01,0.0,1.000000e+00,3.853034e-09,6.717704e-10
8.400000e-01,3.100000e-01,0.0,1.000000e+00,2.648382e-09,4.569671e-10
8.500000e-01,3.100000e-01,0.0,1.000000e+00,1.797855e-09,3.072838e-10
8.600000e-01,3.100000e-01,0.0,1.000000e+00,1.203193e-09,2.038096e-10
8.700000e-01,3.100000e-01,0.0,1.000000e+00,7.926982e-10,1.331130e-10
8.800000e-01,3.100000e-01,0.0,1.000000e+00,5.135446e-10,8.550070e-11
8.900000e-01,3.100000e-01,0.0,1.000000e+00,3.268464e-10,5.395502e-11
9.000000e-01,3.100000e-01,0.0,1.000000e+00,2.042090e-10,3.342405e-11
9.100000e-01,3.100000e-01,0.0,1.000000e+00,1.251709e-10,2.031330e-11
9.200000e-01,3.100000e-01,0.0,1.000000e+00,7.523324e-11,1.210520e-11
9.300000e-01,3.100000e-01,0.0,1.000000e+00,4.432084e-11,7.070507e-12
9.400000e-01,3.100000e-01,0.0,1.000000e+00,2.558078e-11,4.047326e-12
9.500000e-01,3.100000e-01,0.0,1.000000e+00,1.445598e-11,2.270158e-12
9.600000e-01,3.100000e-01,0.0,1.000000e+00,7.984267e-12,1.249859e-12
9.700000e-01,3.100000e-01,0.0,1.000000e+00,4.282137e-12,6.791066e-13
9.800000e-01,3.100000e-01,0.0,1.000000e+00,2.171788e-12,3.727514e-13
9.900000e-01,3.100000e-01,0.0,1.000000e+00,9.188027e-13,2.237328e-13
1.000000e+00,3.100000e-01,0.0,1.000000e+00,1.814917e-13,1.979510e-13
0.000000e+00,3.200000e-01,0.0,9.951996e-01,-2.292711e-05,-5.427647e-03
1.000000e-02,3.200000e-01,0.0,9.951348e-01,-6.083872e-04,-4.946602e-03
2.000000e-02,3.200000e-01,0.0,9.950898e-01,-1.430922e-03,-4.316430e-03
3.000000e-02,3.200000e-01,0.0,9.949513e-01,-2.164971e-03,-4.629844e-03
4.000000e-02,3.200000e-01,0.0,9.947606e-01,-3.037773e-03,-4.727477e-03
5.000000e-02,3.200000e-01,0.0,9.945061e-01,-4.101479e-03,-5.099714e-03
6.000000e-02,3.200000e-01,0.0,9.941483e-01,-5.450480e-03,-5.612583e-03
7.000000e-02,3.200000e-01,0.0,9.936147e-01,-7.321280e-03,-6.332493e-03
8.000000e-02,3.200000e-01,0.0,9.927828e-01,-1.007896e-02,-7.371768e-03
9.000000e-02,3.200000e-01,0.0,9.914991e-01,-1.417045e-02,-8.744045e-03
1.000000e-01,3.200000e-01,0.0,9.897404e-01,-1.958371e-02,-1.036447e-02
1.100000e-01,3.200000e-01,0.0,9.880512e-01,-2.476790e-02,-1.178206e-02
1.200000e-01,3.200000e-01,0.0,9.872493e-01,-2.733537e-02,-1.221964e-02
1.300000e-01,3.200000e-01,0.0,9.872074e-01,-2.780350e-02,-1.194706e-02
1.400000e-01,3.200000e-01,0.0,9.873889e-01,-2.768842e-02,-1.131119e-02
1.500000e-01,3.200000e-01,0.0,9.880861e-01,-2.610410e-02,-9.918074e-03
1.600000e-01,3.200000e-01,0.0,9.898347e-01,-2.142816e-02,-7.300627e-03
1.700000e-01,3.200000e-01,0.0,9.929680e-01,-1.258313e-02,-3.339445e-03
1.800000e-01,3.200000e-01,0.0,9.975036e-01,6.661932e-04,1.719329e-03
1.900000e-01,3.200000e-01,0.0,1.003299e+00,1.804829e-02,7.558994e-03
2.000000e-01,3.200000e-01,0.0,1.009891e+00,3.804972e-02,1.373735e-02
2.100000e-01,3.200000e-01,0.0,1.015806e+00,5.605223e-02,1.823786e-02
2.200000e-01,3.200000e-01,0.0,1.019061e+00,6.576960e-02,1.982206e-02
2.300000e-01,3.200000e-01,0.0,1.019746e+00,6.743892e-02,1.913353e-02
2.400000e-01,3.200000e-01,0.0,1.019710e+00,6.670455e-02,1.786430e-02
2.500000e-01,3.200000e-01,0.0,1.018810e+00,6.308851e-02,1.607571e-02
2.600000e-01,3.200000e-01,0.0,1.015746e+00,5.282757e-02,1.258311e-02
2.700000e-01,3.200000e-01,0.0,1.009989e+00,3.441482e-02,7.126484e-03
2.800000e-01,3.200000e-01,0.0,1.003695e+00,1.479378e-02,1.749964e-03
2.900000e-01,3.200000e-01,0.0,9.999004e-01,3.095154e-03,-1.227293e-03
3.000000e-01,3.200000e-01,0.0,9.985774e-01,-9.787165e-04,-2.168970e-03
3.100000e-01,3.200000e-01,0.0,9.982463e-01,-2.030849e-03,-2.344605e-03
3.200000e-01,3.200000e-01,0.0,9.981567e-01,-2.338315e-03,-2.338315e-03
3.300000e-01,3.200000e-01,0.0,9.981159e-01,-2.492108e-03,-2.292384e-03
3.400000e-01,3.200000e-01,0.0,9.980812e-01,-2.620827e-03,-2.238930e-03
3.500000e-01,3.200000e-01,0.0,9.980398e-01,-2.762823e-03,-2.193677e-03
3.600000e-01,3.200000e-01,0.0,9.979870e-01,-2.934530e-03,-2.161675e-03
3.700000e-01,3.200000e-01,0.0,9.979201e-01,-3.141452e-03,-2.145817e-03
3.800000e-01,3.200000e-01,0.0,9.978374e-01,-3.387254e-03,-2.152802e-03
3.900000e-01,3.200000e-01,0.0,9.977370e-01,-3.673804e-03,-2.184162e-03
4.000000e-01,3.200000e-01,0.0,9.976168e-01,-4.005613e-03,-2.246992e-03
4.100000e-01,3.200000e-01,0.0,9.974734e-01,-4.392774e-03,-2.342099e-03
4.200000e-01,3.200000e-01,0.0,9.973039e-01,-4.849508e-03,-2.472446e-03
4.300000e-01,3.200000e-01,0.0,9.971018e-01,-5.394856e-03,-2.638174e-03
4.400000e-01,3.200000e-01,0.0,9.968595e-01,-6.055689e-03,-2.844629e-03
4.500000e-01,3.200000e-01,0.0,9.965602e-01,-6.878674e-03,-3.096057e-03
4.600000e-01,3.200000e-01,0.0,9.961710e-01,-7.962098e-03,-3.427981e-03
4.700000e-01,3.200000e-01,0.0,9.956219e-01,-9.508855e-03,-3.916356e-03
4.800000e-01,3.200000e-01,0.0,9.947783e-01,-1.190608e-02,-4.708264e-03
4.900000e-01,3.200000e-01,0.0,9.934446e-01,-1.570516e-02,-6.011981e-03
5.000000e-01,3.200000e-01,0.0,9.915628e-01,-2.104087e-02,-7.857761e-03
5.100000e-01,3.200000e-01,0.0,9.896893e-01,-2.625061e-02,-9.579695e-03
5.200000e-01,3.200000e-01,0.0,9.887115e-01,-2.879438e-02,-1.029665e-02
5.300000e-01,3.200000e-01,0.0,9.885157e-01,-2.906861e-02,-1.029530e-02
5.400000e-01,3.200000e-01,0.0,9.885322e-01,-2.871637e-02,-1.012201e-02
5.500000e-01,3.200000e-01,0.0,9.889668e-01,-2.722024e-02,-9.515170e-03
5.600000e-01,3.200000e-01,0.0,9.902884e-01,-2.303237e-02,-8.094016e-03
5.700000e-01,3.200000e-01,0.0,9.930270e-01,-1.477404e-02,-5.383886e-03
5.800000e-01,3.200000e-01,0.0,9.974350e-01,-1.595838e-03,-1.237995e-03
5.900000e-01,3.200000e-01,0.0,1.003449e+00,1.636051e-02,4.229730e-03
6.000000e-01,3.200000e-01,0.0,1.010453e+00,3.728818e-02,1.043116e-02
6.100000e-01,3.200000e-01,0.0,1.016773e+00,5.606630e-02,1.578859e-02
6.200000e-01,3.200000e-01,0.0,1.020320e+00,6.624106e-02,1.852765e-02
6.300000e-01,3.200000e-01,0.0,1.021229e+00,6.822577e-02,1.907832e-02
6.400000e-01,3.200000e-01,0.0,1.021303e+00,6.764300e-02,1.901177e-02
6.500000e-01,3.200000e-01,0.0,1.020566e+00,6.462188e-02,1.812333e-02
6.600000e-01,3.200000e-01,0.0,1.017737e+00,5.502272e-02,1.534167e-02
6.700000e-01,3.200000e-01,0.0,1.011999e+00,3.681960e-02,1.002004e-02
6.800000e-01,3.200000e-01,0.0,1.005494e+00,1.669111e-02,4.374630e-03
6.900000e-01,3.200000e-01,0.0,1.001579e+00,4.759431e-03,1.202414e-03
7.000000e-01,3.200000e-01,0.0,1.000308e+00,9.234419e-04,2.287743e-04
7.100000e-01,3.200000e-01,0.0,1.000049e+00,1.478323e-04,3.650416e-05
7.200000e-01,3.200000e-01,0.0,1.000008e+00,2.427599e-05,5.964310e-06
7.300000e-01,3.200000e-01,0.0,1.000002e+00,4.900459e-06,1.176470e-06
7.400000e-01,3.200000e-01,0.0,1.000000e+00,1.269514e-06,2.957720e-07
7.500000e-01,3.200000e-01,0.0,1.000000e+00,3.811723e-07,8.703262e-08
7.600000e-01,3.200000e-01,0.0,1.000000e+00,1.231059e-07,2.761153e-08
7.700000e-01,3.200000e-01,0.0,1.000000e+00,4.677356e-08,1.019836e-08
7.800000e-01,3.200000e-01,0.0,1.000000e+00,2.386328e-08,5.006214e-09
7.900000e-01,3.200000e-01,0.0,1.000000e+00,1.517399e-08,3.080244e-09
8.000000e-01,3.200000e-01,0.0,1.000000e+00,1.044635e-08,2.071609e-09
8.100000e-01,3.200000e-01,0.0,1.000000e+00,7.312101e-09,1.425431e-09
8.200000e-01,3.200000e-01,0.0,1.000000e+00,5.110031e-09,9.828591e-10
8.300000e-01,3.200000e-01,0.0,1.000000e+00,3.543514e-09,6.739327e-10
8.400000e-01,3.200000e-01,0.0,1.000000e+00,2.430450e-09,4.576559e-10
8.500000e-01,3.200000e-01,0.0,1.000000e+00,1.645291e-09,3.069593e-10
8.600000e-01,3.200000e-01,0.0,1.000000e+00,1.097473e-09,2.029493e-10
8.700000e-01,3.200000e-01,0.0,1.000000e+00,7.204049e-10,1.320724e-10
8.800000e-01,3.200000e-01,0.0,1.000000e+00,4.648710e-10,8.449778e-11
8.900000e-01,3.200000e-01,0.0,1.000000e+00,2.946342e-10,5.309876e-11
9.000000e-01,3.200000e-01,0.0,1.000000e+00,1.832818e-10,3.274894e-11
9.100000e-01,3.200000e-01,0.0,1.000000e+00,1.118368e-10,1.981217e-11
9.200000e-01,3.200000e-01,0.0,1.000000e+00,6.690684e-11,1.175140e-11
9.300000e-01,3.200000e-01,0.0,1.000000e+00,3.922871e-11,6.830991e-12
9.400000e-01,3.200000e-01,0.0,1.000000e+00,2.253240e-11,3.891004e-12
9.500000e-01,3.200000e-01,0.0,1.000000e+00,1.267113e-11,2.171809e-12
9.600000e-01,3.200000e-01,0.0,1.000000e+00,6.964503e-12,1.189387e-12
9.700000e-01,3.200000e-01,0.0,1.000000e+00,3.717326e-12,6.427889e-13
9.800000e-01,3.200000e-01,0.0,1.000000e+00,1.878079e-12,3.507001e-13
9.900000e-01,3.200000e-01,0.0,1.000000e+00,7.919989e-13,2.092474e-13
1.000000e+00,3.200000e-01,0.0,1.000000e+00,1.563986e-13,1.845463e-13
0.000000e+00,3.300000e-01,0.0,9.950531e-01,-2.885281e-05,-5.936813e-03
1.000000e-02,3.300000e-01,0.0,9.949842e-01,-6.845258e-04,-5.535806e-03
2.000000e-02,3.300000e-01,0.0,9.949457e-01,-1.605339e-03,-4.878926e-03
3.000000e-02,3.300000e-01,0.0,9.948036e-01,-2.404035e-03,-5.190044e-03
4.000000e-02,3.300000e-01,0.0,9.946018e-01,-3.336100e-03,-5.256065e-03
5.000000e-02,3.300000e-01,0.0,9.943236e-01,-4.481440e-03,-5.655619e-03
6.000000e-02,3.300000e-01,0.0,9.939135e-01,-5.971440e-03,-6.249288e-03
7.000000e-02,3.300000e-01,0.0,9.932740e-01,-8.085840e-03,-7.108448e-03
8.000000e-02,3.300000e-01,0.0,9.922692e-01,-1.128252e-02,-8.413386e-03
9.000000e-02,3.300000e-01,0.0,9.907493e-01,-1.592012e-02,-1.020320e-02
1.000000e-01,3.300000e-01,0.0,9.888558e-01,-2.153664e-02,-1.215254e-02
1.100000e-01,3.300000e-01,0.0,9.873599e-01,-2.593634e-02,-1.350852e-02
1.200000e-01,3.300000e-01,0.0,9.868367e-01,-2.748233e-02,-1.378059e-02
1.300000e-01,3.300000e-01,0.0,9.868375e-01,-2.762580e-02,-1.353032e-02
1.400000e-01,3.300000e-01,0.0,9.870759e-01,-2.713139e-02,-1.290607e-02
1.500000e-01,3.300000e-01,0.0,9.880116e-01,-2.465331e-02,-1.133635e-02
1.600000e-01,3.300000e-01,0.0,9.900930e-01,-1.879317e-02,-8.577462e-03
1.700000e-01,3.300000e-01,0.0,9.934979e-01,-8.825148e-03,-4.630096e-03
1.800000e-01,3.300000e-01,0.0,9.983622e-01,5.574562e-03,7.096469e-04
1.900000e-01,3.300000e-01,0.0,1.004566e+00,2.397363e-02,7.288136e-03
2.000000e-01,3.300000e-01,0.0,1.011323e+00,4.402258e-02,1.417275e-02
2.100000e-01,3.300000e-01,0.0,1.016777e+00,6.005773e-02,1.888479e-02
2.200000e-01,3.300000e-01,0.0,1.019254e+00,6.689307e-02,2.025142e-02
2.300000e-01,3.300000e-01,0.0,1.019662e+00,6.738729e-02,1.968936e-02
2.400000e-01,3.300000e-01,0.0,1.019524e+00,6.619705e-02,1.863069e-02
2.500000e-01,3.300000e-01,0.0,1.018173e+00,6.120063e-02,1.644583e-02
2.600000e-01,3.300000e-01,0.0,1.014315e+00,4.836792e-02,1.215272e-02
2.700000e-01,3.300000e-01,0.0,1.007972e+00,2.830484e-02,5.918010e-03
2.800000e-01,3.300000e-01,0.0,1.002137e+00,1.024249e-02,6.404762e-04
2.900000e-01,3.300000e-01,0.0,9.992328e-01,1.330545e-03,-1.786255e-03
3.000000e-01,3.300000e-01,0.0,9.983731e-01,-1.363861e-03,-2.427929e-03
3.100000e-01,3.300000e-01,0.0,9.981730e-01,-2.051691e-03,-2.518468e-03
3.200000e-01,3.300000e-01,0.0,9.981159e-01,-2.292384e-03,-2.492108e-03
3.300000e-01,3.300000e-01,0.0,9.980841e-01,-2.443513e-03,-2.443513e-03
3.400000e-01,3.300000e-01,0.0,9.980505e-01,-2.587074e-03,-2.397722e-03
3.500000e-01,3.300000e-01,0.0,9.980060e-01,-2.751726e-03,-2.366651e-03
3.600000e-01,3.300000e-01,0.0,9.979470e-01,-2.948491e-03,-2.353223e-03
3.700000e-01,3.300000e-01,0.0,9.978721e-01,-3.180983e-03,-2.358824e-03
3.800000e-01,3.300000e-01,0.0,9.977800e-01,-3.451244e-03,-2.389869e-03
3.900000e-01,3.300000e-01,0.0,9.976692e-01,-3.763233e-03,-2.446303e-03
4.000000e-01,3.300000e-01,0.0,9.975379e-01,-4.122788e-03,-2.535790e-03
4.100000e-01,3.300000e-01,0.0,9.973833e-01,-4.541626e-03,-2.658383e-03
4.200000e-01,3.300000e-01,0.0,9.972009e-01,-5.035261e-03,-2.816715e-03
4.300000e-01,3.300000e-01,0.0,9.969852e-01,-5.622059e-03,-3.014130e-03
4.400000e-01,3.300000e-01,0.0,9.967243e-01,-6.334009e-03,-3.248928e-03
4.500000e-01,3.300000e-01,0.0,9.963984e-01,-7.230202e-03,-3.545370e-03
4.600000e-01,3.300000e-01,0.0,9.959629e-01,-8.438355e-03,-3.952332e-03
4.700000e-01,3.300000e-01,0.0,9.953250e-01,-1.022579e-02,-4.580160e-03
4.800000e-01,3.300000e-01,0.0,9.943169e-01,-1.306941e-02,-5.628540e-03
4.900000e-01,3.300000e-01,0.0,9.927451e-01,-1.750075e-02,-7.312477e-03
5.000000e-01,3.300000e-01,0.0,9.907304e-01,-2.312594e-02,-9.430445e-03
5.100000e-01,3.300000e-01,0.0,9.891005e-01,-2.754772e-02,-1.096344e-02
5.200000e-01,3.300000e-01,0.0,9.884806e-01,-2.901526e-02,-1.135087e-02
5.300000e-01,3.300000e-01,0.0,9.884008e-01,-2.897900e-02,-1.123979e-02
5.400000e-01,3.300000e-01,0.0,9.885045e-01,-2.839623e-02,-1.092849e-02
5.500000e-01,3.300000e-01,0.0,9.891746e-01,-2.615949e-02,-1.004032e-02
5.600000e-01,3.300000e-01,0.0,9.909356e-01,-2.082044e-02,-8.021657e-03
5.700000e-01,3.300000e-01,0.0,9.942107e-01,-1.107007e-02,-4.566530e-03
5.800000e-01,3.300000e-01,0.0,9.991659e-01,3.604936e-03,4.287470e-04
5.900000e-01,3.300000e-01,0.0,1.005614e+00,2.271279e-02,6.725237e-03
6.000000e-01,3.300000e-01,0.0,1.012682e+00,4.367415e-02,1.342819e-02
6.100000e-01,3.300000e-01,0.0,1.018378e+00,6.039300e-02,1.855013e-02
6.200000e-01,3.300000e-01,0.0,1.021006e+00,6.764809e-02,2.062893e-02
6.300000e-01,3.300000e-01,0.0,1.021504e+00,6.837973e-02,2.087880e-02
6.400000e-01,3.300000e-01,0.0,1.021454e+00,6.736754e-02,2.066282e-02
6.500000e-01,3.300000e-01,0.0,1.020236e+00,6.289652e-02,1.923648e-02
6.600000e-01,3.300000e-01,0.0,1.016477e+00,5.054161e-02,1.527591e-02
6.700000e-01,3.300000e-01,0.0,1.009998e+00,3.034527e-02,8.892290e-03
6.800000e-01,3.300000e-01,0.0,1.003924e+00,1.179001e-02,3.315991e-03
6.900000e-01,3.300000e-01,0.0,1.000964e+00,2.877553e-03,7.822702e-04
7.000000e-01,3.300000e-01,0.0,1.000169e+00,5.036974e-04,1.350716e-04
7.100000e-01,3.300000e-01,0.0,1.000027e+00,7.891005e-05,2.113700e-05
7.200000e-01,3.300000e-01,0.0,1.000005e+00,1.387493e-05,3.680727e-06
7.300000e-01,3.300000e-01,0.0,1.000001e+00,3.163401e-06,8.180844e-07
7.400000e-01,3.300000e-01,0.0,1.000000e+00,8.982951e-07,2.272582e-07
7.500000e-01,3.300000e-01,0.0,1.000000e+00,2.785505e-07,6.952788e-08
7.600000e-01,3.300000e-01,0.0,1.000000e+00,9.188326e-08,2.250066e-08
7.700000e-01,3.300000e-01,0.0,1.000000e+00,3.744462e-08,8.843164e-09
7.800000e-01,3.300000e-01,0.0,1.000000e+00,2.071203e-08,4.680796e-09
7.900000e-01,3.300000e-01,0.0,1.000000e+00,1.368350e-08,2.994479e-09
8.000000e-01,3.300000e-01,0.0,1.000000e+00,9.529070e-09,2.041156e-09
8.100000e-01,3.300000e-01,0.0,1.000000e+00,6.688213e-09,1.410472e-09
8.200000e-01,3.300000e-01,0.0,1.000000e+00,4.672713e-09,9.732679e-10
8.300000e-01,3.300000e-01,0.0,1.000000e+00,3.234616e-09,6.666149e-10
8.400000e-01,3.300000e-01,0.0,1.000000e+00,2.212714e-09,4.516531e-10
8.500000e-01,3.300000e-01,0.0,1.000000e+00,1.493001e-09,3.019997e-10
8.600000e-01,3.300000e-01,0.0,1.000000e+00,9.921796e-10,1.989421e-10
8.700000e-01,3.300000e-01,0.0,1.000000e+00,6.486325e-10,1.289381e-10
8.800000e-01,3.300000e-01,0.0,1.000000e+00,4.167330e-10,8.213101e-11
8.900000e-01,3.300000e-01,0.0,1.000000e+00,2.629138e-10,5.137227e-11
9.000000e-01,3.300000e-01,0.0,1.000000e+00,1.627691e-10,3.153159e-11
9.100000e-01,3.300000e-01,0.0,1.000000e+00,9.883099e-11,1.898079e-11
9.200000e-01,3.300000e-01,0.0,1.000000e+00,5.882714e-11,1.120086e-11
9.300000e-01,3.300000e-01,0.0,1.000000e+00,3.431303e-11,6.477274e-12
9.400000e-01,3.300000e-01,0.0,1.000000e+00,1.960541e-11,3.669607e-12
9.500000e-01,3.300000e-01,0.0,1.000000e+00,1.096662e-11,2.037137e-12
9.600000e-01,3.300000e-01,0.0,1.000000e+00,5.995588e-12,1.109402e-12
9.700000e-01,3.300000e-01,0.0,1.000000e+00,3.184022e-12,5.963090e-13
9.800000e-01,3.300000e-01,0.0,1.000000e+00,1.601016e-12,3.228648e-13
9.900000e-01,3.300000e-01,0.0,1.000000e+00,6.730317e-13,1.910863e-13
1.000000e+00,3.300000e-01,0.0,1.000000e+00,1.330362e-13,1.681687e-13
0.000000e+00,3.400000e-01,0.0,9.948549e-01,-3.173367e-05,-6.531963e-03
1.000000e-02,3.400000e-01,0.0,9.947806e-01,-7.520023e-04,-6.231475e-03
2.000000e-02,3.400000e-01,0.0,9.947497e-01,-1.769456e-03,-5.559791e-03
3.000000e-02,3.400000e-01,0.0,9.946073e-01,-2.645276e-03,-5.864649e-03
4.000000e-02,3.400000e-01,0.0,9.943973e-01,-3.659924e-03,-5.893044e-03
5.000000e-02,3.400000e-01,0.0,9.940879e-01,-4.913800e-03,-6.322627e-03
6.000000e-02,3.400000e-01,0.0,9.936111e-01,-6.611127e-03,-7.009585e-03
7.000000e-02,3.400000e-01,0.0,9.928438e-01,-9.103152e-03,-8.043799e-03
8.000000e-02,3.400000e-01,0.0,9.916198e-01,-1.284681e-02,-9.672617e-03
9.000000e-02,3.400000e-01,0.0,9.898659e-01,-1.806554e-02,-1.188209e-02
1.000000e-01,3.400000e-01,0.0,9.879741e-01,-2.354482e-02,-1.396543e-02
1.100000e-01,3.400000e-01,0.0,9.868256e-01,-2.680473e-02,-1.499398e-02
1.200000e-01,3.400000e-01,0.0,9.865654e-01,-2.752918e-02,-1.504203e-02
1.300000e-01,3.400000e-01,0.0,9.866031e-01,-2.745865e-02,-1.475228e-02
1.400000e-01,3.400000e-01,0.0,9.870030e-01,-2.640043e-02,-1.393400e-02
1.500000e-01,3.400000e-01,0.0,9.882347e-01,-2.289487e-02,-1.218362e-02
1.600000e-01,3.400000e-01,0.0,9.906601e-01,-1.580832e-02,-9.183410e-03
1.700000e-01,3.400000e-01,0.0,9.946143e-01,-4.340487e-03,-4.426771e-03
1.800000e-01,3.400000e-01,0.0,1.000094e+00,1.153867e-02,1.997394e-03
1.900000e-01,3.400000e-01,0.0,1.006719e+00,3.083050e-02,9.489901e-03
2.000000e-01,3.400000e-01,0.0,1.013365e+00,5.026078e-02,1.665089e-02
2.100000e-01,3.400000e-01,0.0,1.017969e+00,6.351743e-02,2.079094e-02
2.200000e-01,3.400000e-01,0.0,1.019576e+00,6.762004e-02,2.153235e-02
2.300000e-01,3.400000e-01,0.0,1.019780e+00,6.742067e-02,2.098007e-02
2.400000e-01,3.400000e-01,0.0,1.019467e+00,6.548908e-02,1.990588e-02
2.500000e-01,3.400000e-01,0.0,1.017461e+00,5.844033e-02,1.710437e-02
2.600000e-01,3.400000e-01,0.0,1.012603e+00,4.267165e-02,1.156504e-02
2.700000e-01,3.400000e-01,0.0,1.005840e+00,2.167931e-02,4.523534e-03
2.800000e-01,3.400000e-01,0.0,1.000795e+00,6.275914e-03,-3.438496e-04
2.900000e-01,3.400000e-01,0.0,9.987613e-01,9.001419e-05,-2.171973e-03
3.000000e-01,3.400000e-01,0.0,9.982421e-01,-1.577046e-03,-2.591163e-03
3.100000e-01,3.400000e-01,0.0,9.981221e-01,-2.033860e-03,-2.643414e-03
3.200000e-01,3.400000e-01,0.0,9.980812e-01,-2.238930e-03,-2.620827e-03
3.300000e-01,3.400000e-01,0.0,9.980505e-01,-2.397722e-03,-2.587074e-03
3.400000e-01,3.400000e-01,0.0,9.980125e-01,-2.563642e-03,-2.563642e-03
3.500000e-01,3.400000e-01,0.0,9.979607e-01,-2.756106e-03,-2.557774e-03
3.600000e-01,3.400000e-01,0.0,9.978929e-01,-2.981123e-03,-2.570190e-03
3.700000e-01,3.400000e-01,0.0,9.978083e-01,-3.240061e-03,-2.600851e-03
3.800000e-01,3.400000e-01,0.0,9.977062e-01,-3.535051e-03,-2.657070e-03
3.900000e-01,3.400000e-01,0.0,9.975854e-01,-3.871471e-03,-2.739442e-03
4.000000e-01,3.400000e-01,0.0,9.974431e-01,-4.259222e-03,-2.854357e-03
4.100000e-01,3.400000e-01,0.0,9.972769e-01,-4.710502e-03,-3.005474e-03
4.200000e-01,3.400000e-01,0.0,9.970812e-01,-5.242275e-03,-3.192365e-03
4.300000e-01,3.400000e-01,0.0,9.968483e-01,-5.877198e-03,-3.418916e-03
4.400000e-01,3.400000e-01,0.0,9.965653e-01,-6.650316e-03,-3.695227e-03
4.500000e-01,3.400000e-01,0.0,9.962042e-01,-7.641013e-03,-4.053174e-03
4.600000e-01,3.400000e-01,0.0,9.957035e-01,-9.025882e-03,-4.568388e-03
4.700000e-01,3.400000e-01,0.0,9.949382e-01,-1.115853e-02,-5.401768e-03
4.800000e-01,3.400000e-01,0.0,9.937057e-01,-1.460263e-02,-6.812478e-03
4.900000e-01,3.400000e-01,0.0,9.918729e-01,-1.970282e-02,-8.934757e-03
5.000000e-01,3.400000e-01,0.0,9.898579e-01,-2.520702e-02,-1.115101e-02
5.100000e-01,3.400000e-01,0.0,9.886251e-01,-2.841911e-02,-1.227396e-02
5.200000e-01,3.400000e-01,0.0,9.883120e-01,-2.901976e-02,-1.236104e-02
5.300000e-01,3.400000e-01,0.0,9.882884e-01,-2.881094e-02,-1.217181e-02
5.400000e-01,3.400000e-01,0.0,9.885680e-01,-2.780107e-02,-1.160289e-02
5.500000e-01,3.400000e-01,0.0,9.895680e-01,-2.461559e-02,-1.026536e-02
5.600000e-01,3.400000e-01,0.0,9.918432e-01,-1.786633e-02,-7.539428e-03
5.700000e-01,3.400000e-01,0.0,9.957151e-01,-6.487748e-03,-3.208859e-03
5.800000e-01,3.400000e-01,0.0,1.001235e+00,9.713984e-03,2.717494e-03
5.900000e-01,3.400000e-01,0.0,1.008066e+00,2.979341e-02,9.824193e-03
6.000000e-01,3.400000e-01,0.0,1.014990e+00,5.014497e-02,1.678859e-02
6.100000e-01,3.400000e-01,0.0,1.019801e+00,6.403317e-02,2.130825e-02
6.200000e-01,3.400000e-01,0.0,1.021541e+00,6.848531e-02,2.266316e-02
6.300000e-01,3.400000e-01,0.0,1.021772e+00,6.841978e-02,2.271316e-02
6.400000e-01,3.400000e-01,0.0,1.021496e+00,6.678052e-02,2.217523e-02
6.500000e-01,3.400000e-01,0.0,1.019599e+00,6.012082e-02,1.991269e-02
6.600000e-01,3.400000e-01,0.0,1.014727e+00,4.466601e-02,1.449505e-02
6.700000e-01,3.400000e-01,0.0,1.007777e+00,2.331996e-02,7.295150e-03
6.800000e-01,3.400000e-01,0.0,1.002553e+00,7.582644e-03,2.272313e-03
6.900000e-01,3.400000e-01,0.0,1.000536e+00,1.582613e-03,4.608022e-04
7.000000e-01,3.400000e-01,0.0,1.000087e+00,2.555075e-04,7.384870e-05
7.100000e-01,3.400000e-01,0.0,1.000014e+00,4.081254e-05,1.178208e-05
7.200000e-01,3.400000e-01,0.0,1.000003e+00,8.040022e-06,2.286330e-06
7.300000e-01,3.400000e-01,0.0,1.000001e+00,2.087603e-06,5.803230e-07
7.400000e-01,3.400000e-01,0.0,1.000000e+00,6.325752e-07,1.735842e-07
7.500000e-01,3.400000e-01,0.0,1.000000e+00,1.981963e-07,5.377965e-08
7.600000e-01,3.400000e-01,0.0,1.000000e+00,6.751603e-08,1.787918e-08
7.700000e-01,3.400000e-01,0.0,1.000000e+00,3.024432e-08,7.648004e-09
7.800000e-01,3.400000e-01,0.0,1.000000e+00,1.810273e-08,4.371997e-09
7.900000e-01,3.400000e-01,0.0,1.000000e+00,1.232383e-08,2.890330e-09
8.000000e-01,3.400000e-01,0.0,1.000000e+00,8.650528e-09,1.990652e-09
8.100000e-01,3.400000e-01,0.0,1.000000e+00,6.079377e-09,1.379471e-09
8.200000e-01,3.400000e-01,0.0,1.000000e+00,4.242580e-09,9.516963e-10
8.300000e-01,3.400000e-01,0.0,1.000000e+00,2.929894e-09,6.506405e-10
8.400000e-01,3.400000e-01,0.0,1.000000e+00,1.997901e-09,4.395538e-10
8.500000e-01,3.400000e-01,0.0,1.000000e+00,1.343016e-09,2.928460e-10
8.600000e-01,3.400000e-01,0.0,1.000000e+00,8.887868e-10,1.921144e-10
8.700000e-01,3.400000e-01,0.0,1.000000e+00,5.784230e-10,1.239497e-10
8.800000e-01,3.400000e-01,0.0,1.000000e+00,3.698502e-10,7.857267e-11
8.900000e-01,3.400000e-01,0.0,1.000000e+00,2.321689e-10,4.889802e-11
9.000000e-01,3.400000e-01,0.0,1.000000e+00,1.429895e-10,2.985552e-11
9.100000e-01,3.400000e-01,0.0,1.000000e+00,8.635709e-11,1.787432e-11
9.200000e-01,3.400000e-01,0.0,1.000000e+00,5.112063e-11,1.048943e-11
9.300000e-01,3.400000e-01,0.0,1.000000e+00,2.965133e-11,6.031403e-12
9.400000e-01,3.400000e-01,0.0,1.000000e+00,1.684534e-11,3.397619e-12
9.500000e-01,3.400000e-01,0.0,1.000000e+00,9.368457e-12,1.875061e-12
9.600000e-01,3.400000e-01,0.0,1.000000e+00,5.092655e-12,1.014930e-12
9.700000e-01,3.400000e-01,0.0,1.000000e+00,2.689465e-12,5.418829e-13
9.800000e-01,3.400000e-01,0.0,1.000000e+00,1.345624e-12,2.914622e-13
9.900000e-01,3.400000e-01,0.0,1.000000e+00,5.639007e-13,1.709253e-13
1.000000e+00,3.400000e-01,0.0,1.000000e+00,1.117288e-13,1.497910e-13
0.000000e+00,3.500000e-01,0.0,9.946151e-01,-3.689900e-05,-7.182318e-03
1.000000e-02,3.500000e-01,0.0,9.945362e-01,-8.211295e-04,-7.012584e-03
2.000000e-02,3.500000e-01,0.0,9.945080e-01,-1.929674e-03,-6.345361e-03
3.000000e-02,3.500000e-01,0.0,9.943604e-01,-2.888221e-03,-6.664269e-03
4.000000e-02,3.500000e-01,0.0,9.941366e-01,-4.015841e-03,-6.658339e-03
5.000000e-02,3.500000e-01,0.0,9.937825e-01,-5.433462e-03,-7.136275e-03
6.000000e-02,3.500000e-01,0.0,9.932061e-01,-7.417716e-03,-7.965376e-03
7.000000e-02,3.500000e-01,0.0,9.922681e-01,-1.042847e-02,-9.252048e-03
8.000000e-02,3.500000e-01,0.0,9.907840e-01,-1.484749e-02,-1.127952e-02
9.000000e-02,3.500000e-01,0.0,9.888519e-01,-2.047837e-02,-1.381927e-02
1.000000e-01,3.500000e-01,0.0,9.871729e-01,-2.527770e-02,-1.572948e-02
1.100000e-01,3.500000e-01,0.0,9.864569e-01,-2.726962e-02,-1.628297e-02
1.200000e-01,3.500000e-01,0.0,9.863748e-01,-2.748708e-02,-1.612501e-02
1.300000e-01,3.500000e-01,0.0,9.864942e-01,-2.715700e-02,-1.566571e-02
1.400000e-01,3.500000e-01,0.0,9.871578e-01,-2.530944e-02,-1.454812e-02
1.500000e-01,3.500000e-01,0.0,9.887945e-01,-2.059949e-02,-1.228218e-02
1.600000e-01,3.500000e-01,0.0,9.918856e-01,-1.184097e-02,-8.188036e-03
1.700000e-01,3.500000e-01,0.0,9.965278e-01,1.326046e-03,-2.277770e-03
1.800000e-01,3.500000e-01,0.0,1.002528e+00,1.849829e-02,5.064869e-03
1.900000e-01,3.500000e-01,0.0,1.009350e+00,3.822471e-02,1.305525e-02
2.000000e-01,3.500000e-01,0.0,1.015534e+00,5.613211e-02,1.991655e-02
2.100000e-01,3.500000e-01,0.0,1.019053e+00,6.606325e-02,2.311739e-02
2.200000e-01,3.500000e-01,0.0,1.019960e+00,6.799278e-02,2.331672e-02
2.300000e-01,3.500000e-01,0.0,1.020043e+00,6.735134e-02,2.276699e-02
2.400000e-01,3.500000e-01,0.0,1.019279e+00,6.423185e-02,2.115470e-02
2.500000e-01,3.500000e-01,0.0,1.016378e+00,5.432237e-02,1.727349e-02
2.600000e-01,3.500000e-01,0.0,1.010383e+00,3.554205e-02,1.013856e-02
2.700000e-01,3.500000e-01,0.0,1.003652e+00,1.503558e-02,2.765027e-03
2.800000e-01,3.500000e-01,0.0,9.997167e-01,3.181930e-03,-1.244929e-03
2.900000e-01,3.500000e-01,0.0,9.984391e-01,-6.957653e-04,-2.477300e-03
3.000000e-01,3.500000e-01,0.0,9.981470e-01,-1.683016e-03,-2.736818e-03
3.100000e-01,3.500000e-01,0.0,9.980737e-01,-2.004490e-03,-2.771934e-03
3.200000e-01,3.500000e-01,0.0,9.980398e-01,-2.193677e-03,-2.762823e-03
3.300000e-01,3.500000e-01,0.0,9.980060e-01,-2.366651e-03,-2.751726e-03
3.400000e-01,3.500000e-01,0.0,9.979607e-01,-2.557774e-03,-2.756106e-03
3.500000e-01,3.500000e-01,0.0,9.979000e-01,-2.778634e-03,-2.778634e-03
3.600000e-01,3.500000e-01,0.0,9.978229e-01,-3.031793e-03,-2.818309e-03
3.700000e-01,3.500000e-01,0.0,9.977284e-01,-3.316443e-03,-2.874848e-03
3.800000e-01,3.500000e-01,0.0,9.976162e-01,-3.636825e-03,-2.956081e-03
3.900000e-01,3.500000e-01,0.0,9.974852e-01,-3.999003e-03,-3.065755e-03
4.000000e-01,3.500000e-01,0.0,9.973324e-01,-4.415272e-03,-3.209018e-03
4.100000e-01,3.500000e-01,0.0,9.971526e-01,-4.903051e-03,-3.385142e-03
4.200000e-01,3.500000e-01,0.0,9.969410e-01,-5.479119e-03,-3.603047e-03
4.300000e-01,3.500000e-01,0.0,9.966882e-01,-6.166856e-03,-3.867927e-03
4.400000e-01,3.500000e-01,0.0,9.963768e-01,-7.015363e-03,-4.196557e-03
4.500000e-01,3.500000e-01,0.0,9.959670e-01,-8.137048e-03,-4.639779e-03
4.600000e-01,3.500000e-01,0.0,9.953710e-01,-9.779359e-03,-5.316666e-03
4.700000e-01,3.500000e-01,0.0,9.944203e-01,-1.241132e-02,-6.459452e-03
4.800000e-01,3.500000e-01,0.0,9.928945e-01,-1.662071e-02,-8.362673e-03
4.900000e-01,3.500000e-01,0.0,9.908435e-01,-2.221920e-02,-1.088873e-02
5.000000e-01,3.500000e-01,0.0,9.890594e-01,-2.696990e-02,-1.288801e-02
5.100000e-01,3.500000e-01,0.0,9.882919e-01,-2.881297e-02,-1.347475e-02
5.200000e-01,3.500000e-01,0.0,9.881728e-01,-2.890560e-02,-1.334853e-02
5.300000e-01,3.500000e-01,0.0,9.882264e-01,-2.849374e-02,-1.301564e-02
5.400000e-01,3.500000e-01,0.0,9.887405e-01,-2.677392e-02,-1.213273e-02
5.500000e-01,3.500000e-01,0.0,9.902027e-01,-2.241325e-02,-1.010681e-02
5.600000e-01,3.500000e-01,0.0,9.930761e-01,-1.402321e-02,-6.516350e-03
5.700000e-01,3.500000e-01,0.0,9.975860e-01,-9.257238e-04,-1.196311e-03
5.800000e-01,3.500000e-01,0.0,1.003667e+00,1.675936e-02,5.711187e-03
5.900000e-01,3.500000e-01,0.0,1.010764e+00,3.746334e-02,1.352735e-02
6.000000e-01,3.500000e-01,0.0,1.017250e+00,5.629344e-02,2.038185e-02
6.100000e-01,3.500000e-01,0.0,1.020961e+00,6.672760e-02,2.394320e-02
6.200000e-01,3.500000e-01,0.0,1.021946e+00,6.888992e-02,2.463958e-02
6.300000e-01,3.500000e-01,0.0,1.022049e+00,6.833527e-02,2.454207e-02
6.400000e-01,3.500000e-01,0.0,1.021326e+00,6.551208e-02,2.342061e-02
6.500000e-01,3.500000e-01,0.0,1.018501e+00,5.600855e-02,1.991385e-02
6.600000e-01,3.500000e-01,0.0,1.012457e+00,3.728966e-02,1.289321e-02
6.700000e-01,3.500000e-01,0.0,1.005528e+00,1.635556e-02,5.417497e-03
6.800000e-01,3.500000e-01,0.0,1.001491e+00,4.373202e-03,1.389038e-03
6.900000e-01,3.500000e-01,0.0,1.000271e+00,7.904876e-04,2.458300e-04
7.000000e-01,3.500000e-01,0.0,1.000042e+00,1.222965e-04,3.795941e-05
7.100000e-01,3.500000e-01,0.0,1.000007e+00,2.107704e-05,6.515582e-06
7.200000e-01,3.500000e-01,0.0,1.000002e+00,4.827010e-06,1.465350e-06
7.300000e-01,3.500000e-01,0.0,1.000000e+00,1.401567e-06,4.190682e-07
7.400000e-01,3.500000e-01,0.0,1.000000e+00,4.366978e-07,1.296745e-07
7.500000e-01,3.500000e-01,0.0,1.000000e+00,1.366426e-07,4.002161e-08
7.600000e-01,3.500000e-01,0.0,1.000000e+00,4.951707e-08,1.402577e-08
7.700000e-01,3.500000e-01,0.0,1.000000e+00,2.487648e-08,6.667795e-09
7.800000e-01,3.500000e-01,0.0,1.000000e+00,1.593379e-08,4.089282e-09
7.900000e-01,3.500000e-01,0.0,1.000000e+00,1.107740e-08,2.772095e-09
8.000000e-01,3.500000e-01,0.0,1.000000e+00,7.811961e-09,1.922877e-09
8.100000e-01,3.500000e-01,0.0,1.000000e+00,5.489578e-09,1.334251e-09
8.200000e-01,3.500000e-01,0.0,1.000000e+00,3.823490e-09,9.194140e-10
8.300000e-01,3.500000e-01,0.0,1.000000e+00,2.632554e-09,6.269401e-10
8.400000e-01,3.500000e-01,0.0,1.000000e+00,1.788507e-09,4.220551e-10
8.500000e-01,3.500000e-01,0.0,1.000000e+00,1.197197e-09,2.800204e-10
8.600000e-01,3.500000e-01,0.0,1.000000e+00,7.886352e-10,1.828514e-10
8.700000e-01,3.500000e-01,0.0,1.000000e+00,5.107141e-10,1.173859e-10
8.800000e-01,3.500000e-01,0.0,1.000000e+00,3.248599e-10,7.402055e-11
8.900000e-01,3.500000e-01,0.0,1.000000e+00,2.028220e-10,4.581221e-11
9.000000e-01,3.500000e-01,0.0,1.000000e+00,1.242148e-10,2.781264e-11
9.100000e-01,3.500000e-01,0.0,1.000000e+00,7.458587e-11,1.655447e-11
9.200000e-01,3.500000e-01,0.0,1.000000e+00,4.389212e-11,9.656710e-12
9.300000e-01,3.500000e-01,0.0,1.000000e+00,2.530546e-11,5.518776e-12
9.400000e-01,3.500000e-01,0.0,1.000000e+00,1.428882e-11,3.089521e-12
9.500000e-01,3.500000e-01,0.0,1.000000e+00,7.897609e-12,1.694551e-12
9.600000e-01,3.500000e-01,0.0,1.000000e+00,4.266677e-12,9.113766e-13
9.700000e-01,3.500000e-01,0.0,1.000000e+00,2.239656e-12,4.832402e-13
9.800000e-01,3.500000e-01,0.0,1.000000e+00,1.114607e-12,2.580053e-13
9.900000e-01,3.500000e-01,0.0,1.000000e+00,4.649842e-13,1.500614e-13
1.000000e+00,3.500000e-01,0.0,1.000000e+00,9.236822e-14,1.307104e-13
0.000000e+00,3.600000e-01,0.0,9.943380e-01,-3.961176e-05,-7.886798e-03
1.000000e-02,3.600000e-01,0.0,9.942517e-01,-8.936813e-04,-7.844330e-03
2.000000e-02,3.600000e-01,0.0,9.942251e-01,-2.103225e-03,-7.205633e-03
3.000000e-02,3.600000e-01,0.0,9.940627e-01,-3.148249e-03,-7.561300e-03
4.000000e-02,3.600000e-01,0.0,9.938091e-01,-4.405065e-03,-7.568794e-03
5.000000e-02,3.600000e-01,0.0,9.933891e-01,-6.069276e-03,-8.131801e-03
6.000000e-02,3.600000e-01,0.0,9.926685e-01,-8.486988e-03,-9.175841e-03
7.000000e-02,3.600000e-01,0.0,9.914884e-01,-1.215333e-02,-1.085498e-02
8.000000e-02,3.600000e-01,0.0,9.897358e-01,-1.728612e-02,-1.330831e-02
9.000000e-02,3.600000e-01,0.0,9.877869e-01,-2.286815e-02,-1.592342e-02
1.000000e-01,3.600000e-01,0.0,9.865328e-01,-2.643305e-02,-1.731162e-02
1.100000e-01,3.600000e-01,0.0,9.862106e-01,-2.735967e-02,-1.741262e-02
1.200000e-01,3.600000e-01,0.0,9.862259e-01,-2.734391e-02,-1.710039e-02
1.300000e-01,3.600000e-01,0.0,9.865479e-01,-2.651646e-02,-1.628204e-02
1.400000e-01,3.600000e-01,0.0,9.875814e-01,-2.359447e-02,-1.462223e-02
1.500000e-01,3.600000e-01,0.0,9.898887e-01,-1.724164e-02,-1.121109e-02
1.600000e-01,3.600000e-01,0.0,9.936877e-01,-6.690096e-03,-5.989316e-03
1.700000e-01,3.600000e-01,0.0,9.988917e-01,7.959208e-03,8.151725e-04
1.800000e-01,3.600000e-01,0.0,1.005278e+00,2.617620e-02,8.829845e-03
1.900000e-01,3.600000e-01,0.0,1.012093e+00,4.578566e-02,1.705096e-02
2.000000e-01,3.600000e-01,0.0,1.017492e+00,6.120605e-02,2.318968e-02
2.100000e-01,3.600000e-01,0.0,1.019897e+00,6.763609e-02,2.529436e-02
2.200000e-01,3.600000e-01,0.0,1.020306e+00,6.813904e-02,2.516023e-02
2.300000e-01,3.600000e-01,0.0,1.020205e+00,6.696662e-02,2.436757e-02
2.400000e-01,3.600000e-01,0.0,1.018822e+00,6.185049e-02,2.206689e-02
2.500000e-01,3.600000e-01,0.0,1.014630e+00,4.842898e-02,1.635365e-02
2.600000e-01,3.600000e-01,0.0,1.007694e+00,2.722298e-02,7.794445e-03
2.700000e-01,3.600000e-01,0.0,1.001650e+00,9.133409e-03,9.196677e-04
2.800000e-01,3.600000e-01,0.0,9.989441e-01,1.079068e-03,-1.975335e-03
2.900000e-01,3.600000e-01,0.0,9.982264e-01,-1.140209e-03,-2.729180e-03
3.000000e-01,3.600000e-01,0.0,9.980683e-01,-1.726062e-03,-2.891409e-03
3.100000e-01,3.600000e-01,0.0,9.980198e-01,-1.974707e-03,-2.924409e-03
3.200000e-01,3.600000e-01,0.0,9.979870e-01,-2.161675e-03,-2.934530e-03
3.300000e-01,3.600000e-01,0.0,9.979470e-01,-2.353223e-03,-2.948491e-03
3.400000e-01,3.600000e-01,0.0,9.978929e-01,-2.570190e-03,-2.981123e-03
3.500000e-01,3.600000e-01,0.0,9.978229e-01,-2.818309e-03,-3.031793e-03
3.600000e-01,3.600000e-01,0.0,9.977365e-01,-3.098836e-03,-3.098836e-03
3.700000e-01,3.600000e-01,0.0,9.976324e-01,-3.408813e-03,-3.183134e-03
3.800000e-01,3.600000e-01,0.0,9.975105e-01,-3.756127e-03,-3.291921e-03
3.900000e-01,3.600000e-01,0.0,9.973682e-01,-4.149512e-03,-3.427443e-03
4.000000e-01,3.600000e-01,0.0,9.972022e-01,-4.601815e-03,-3.599032e-03
4.100000e-01,3.600000e-01,0.0,9.970074e-01,-5.129522e-03,-3.807819e-03
4.200000e-01,3.600000e-01,0.0,9.967771e-01,-5.752624e-03,-4.062705e-03
4.300000e-01,3.600000e-01,0.0,9.964998e-01,-6.501912e-03,-4.373069e-03
4.400000e-01,3.600000e-01,0.0,9.961507e-01,-7.448033e-03,-4.770051e-03
4.500000e-01,3.600000e-01,0.0,9.956698e-01,-8.759198e-03,-5.338122e-03
4.600000e-01,3.600000e-01,0.0,9.949284e-01,-1.079067e-02,-6.268201e-03
4.700000e-01,3.600000e-01,0.0,9.937064e-01,-1.413429e-02,-7.880648e-03
4.800000e-01,3.600000e-01,0.0,9.918422e-01,-1.919422e-02,-1.037958e-02
4.900000e-01,3.600000e-01,0.0,9.897487e-01,-2.475632e-02,-1.304916e-02
5.000000e-01,3.600000e-01,0.0,9.884334e-01,-2.810703e-02,-1.444272e-02
5.100000e-01,3.600000e-01,0.0,9.880766e-01,-2.882967e-02,-1.455516e-02
5.200000e-01,3.600000e-01,0.0,9.880446e-01,-2.868674e-02,-1.430464e-02
5.300000e-01,3.600000e-01,0.0,9.882741e-01,-2.786171e-02,-1.367031e-02
5.400000e-01,3.600000e-01,0.0,9.891266e-01,-2.519495e-02,-1.229612e-02
5.500000e-01,3.600000e-01,0.0,9.911508e-01,-1.933843e-02,-9.423690e-03
5.600000e-01,3.600000e-01,0.0,9.946951e-01,-9.157201e-03,-4.816170e-03
5.700000e-01,3.600000e-01,0.0,9.998633e-01,5.688642e-03,1.580349e-03
5.800000e-01,3.600000e-01,0.0,1.006463e+00,2.471346e-02,9.473451e-03
5.900000e-01,3.600000e-01,0.0,1.013621e+00,4.541790e-02,1.776414e-02
6.000000e-01,3.600000e-01,0.0,1.019297e+00,6.163849e-02,2.397234e-02
6.100000e-01,3.600000e-01,0.0,1.021840e+00,6.841531e-02,2.637067e-02
6.200000e-01,3.600000e-01,0.0,1.022291e+00,6.901589e-02,2.659605e-02
6.300000e-01,3.600000e-01,0.0,1.022215e+00,6.797987e-02,2.623448e-02
6.400000e-01,3.600000e-01,0.0,1.020913e+00,6.317891e-02,2.436377e-02
6.500000e-01,3.600000e-01,0.0,1.016767e+00,5.008543e-02,1.896501e-02
6.600000e-01,3.600000e-01,0.0,1.009740e+00,2.873411e-02,1.049602e-02
6.700000e-01,3.600000e-01,0.0,1.003506e+00,1.022598e-02,3.561659e-03
6.800000e-01,3.600000e-01,0.0,1.000773e+00,2.238564e-03,7.514025e-04
6.900000e-01,3.600000e-01,0.0,1.000125e+00,3.615970e-04,1.199498e-04
7.000000e-01,3.600000e-01,0.0,1.000020e+00,5.686463e-05,1.888465e-05
7.100000e-01,3.600000e-01,0.0,1.000004e+00,1.127417e-05,3.711450e-06
7.200000e-01,3.600000e-01,0.0,1.000001e+00,3.023831e-06,9.797803e-07
7.300000e-01,3.600000e-01,0.0,1.000000e+00,9.403529e-07,3.026203e-07
7.400000e-01,3.600000e-01,0.0,1.000000e+00,2.906858e-07,9.295578e-08
7.500000e-01,3.600000e-01,0.0,1.000000e+00,9.180405e-08,2.877826e-08
7.600000e-01,3.600000e-01,0.0,1.000000e+00,3.699885e-08,1.107376e-08
7.700000e-01,3.600000e-01,0.0,1.000000e+00,2.092572e-08,5.902576e-09
7.800000e-01,3.600000e-01,0.0,1.000000e+00,1.409557e-08,3.830727e-09
7.900000e-01,3.600000e-01,0.0,1.000000e+00,9.926168e-09,2.641772e-09
8.000000e-01,3.600000e-01,0.0,1.000000e+00,7.013621e-09,1.840038e-09
8.100000e-01,3.600000e-01,0.0,1.000000e+00,4.922104e-09,1.276547e-09
8.200000e-01,3.600000e-01,0.0,1.000000e+00,3.418866e-09,8.777557e-10
8.300000e-01,3.600000e-01,0.0,1.000000e+00,2.345495e-09,5.965418e-10
8.400000e-01,3.600000e-01,0.0,1.000000e+00,1.586785e-09,3.999402e-10
8.500000e-01,3.600000e-01,0.0,1.000000e+00,1.057209e-09,2.641080e-10
8.600000e-01,3.600000e-01,0.0,1.000000e+00,6.929079e-10,1.715822e-10
8.700000e-01,3.600000e-01,0.0,1.000000e+00,4.463198e-10,1.095539e-10
8.800000e-01,3.600000e-01,0.0,1.000000e+00,2.823054e-10,6.868764e-11
8.900000e-01,3.600000e-01,0.0,1.000000e+00,1.752253e-10,4.226012e-11
9.000000e-01,3.600000e-01,0.0,1.000000e+00,1.066673e-10,2.549950e-11
9.100000e-01,3.600000e-01,0.0,1.000000e+00,6.365322e-11,1.508261e-11
9.200000e-01,3.600000e-01,0.0,1.000000e+00,3.722159e-11,8.741929e-12
9.300000e-01,3.600000e-01,0.0,1.000000e+00,2.132172e-11,4.963711e-12
9.400000e-01,3.600000e-01,0.0,1.000000e+00,1.196077e-11,2.760392e-12
9.500000e-01,3.600000e-01,0.0,1.000000e+00,6.567431e-12,1.503660e-12
9.600000e-01,3.600000e-01,0.0,1.000000e+00,3.524682e-12,8.029566e-13
9.700000e-01,3.600000e-01,0.0,1.000000e+00,1.838381e-12,4.225426e-13
9.800000e-01,3.600000e-01,0.0,1.000000e+00,9.095863e-13,2.238992e-13
9.900000e-01,3.600000e-01,0.0,1.000000e+00,3.779589e-13,1.291968e-13
1.000000e+00,3.600000e-01,0.0,1.000000e+00,7.506270e-14,1.122785e-13
0.000000e+00,3.700000e-01,0.0,9.940234e-01,-4.248192e-05,-8.654580e-03
1.000000e-02,3.700000e-01,0.0,9.939288e-01,-9.720145e-04,-8.746151e-03
2.000000e-02,3.700000e-01,0.0,9.939021e-01,-2.293515e-03,-8.142517e-03
3.000000e-02,3.700000e-01,0.0,9.937190e-01,-3.459131e-03,-8.549553e-03
4.000000e-02,3.700000e-01,0.0,9.934088e-01,-4.900137e-03,-8.631077e-03
5.000000e-02,3.700000e-01,0.0,9.928694e-01,-6.906256e-03,-9.381296e-03
6.000000e-02,3.700000e-01,0.0,9.919414e-01,-9.954450e-03,-1.075488e-02
7.000000e-02,3.700000e-01,0.0,9.904490e-01,-1.440879e-02,-1.297530e-02
8.000000e-02,3.700000e-01,0.0,9.885001e-01,-2.001061e-02,-1.576191e-02
9.000000e-02,3.700000e-01,0.0,9.868113e-01,-2.482200e-02,-1.802414e-02
1.000000e-01,3.700000e-01,0.0,9.860817e-01,-2.690618e-02,-1.871286e-02
1.100000e-01,3.700000e-01,0.0,9.860143e-01,-2.721990e-02,-1.849785e-02
1.200000e-01,3.700000e-01,0.0,9.861424e-01,-2.696130e-02,-1.795059e-02
1.300000e-01,3.700000e-01,0.0,9.867690e-01,-2.526787e-02,-1.666054e-02
1.400000e-01,3.700000e-01,0.0,9.884037e-01,-2.088926e-02,-1.392528e-02
1.500000e-01,3.700000e-01,0.0,9.914111e-01,-1.271980e-02,-9.413353e-03
1.600000e-01,3.700000e-01,0.0,9.958203e-01,-5.496035e-04,-3.253665e-03
1.700000e-01,3.700000e-01,0.0,1.001524e+00,1.544503e-02,4.372570e-03
1.800000e-01,3.700000e-01,0.0,1.008230e+00,3.448196e-02,1.303682e-02
1.900000e-01,3.700000e-01,0.0,1.014781e+00,5.312789e-02,2.119513e-02
2.000000e-01,3.700000e-01,0.0,1.019067e+00,6.508567e-02,2.616499e-02
2.100000e-01,3.700000e-01,0.0,1.020446e+00,6.837487e-02,2.722742e-02
2.200000e-01,3.700000e-01,0.0,1.020615e+00,6.807604e-02,2.689528e-02
2.300000e-01,3.700000e-01,0.0,1.020112e+00,6.592679e-02,2.556378e-02
2.400000e-01,3.700000e-01,0.0,1.017782e+00,5.790351e-02,2.193586e-02
2.500000e-01,3.700000e-01,0.0,1.012108e+00,4.042754e-02,1.410274e-02
2.600000e-01,3.700000e-01,0.0,1.004808e+00,1.858912e-02,4.874626e-03
2.700000e-01,3.700000e-01,0.0,1.000066e+00,4.616769e-03,-6.813177e-04
2.800000e-01,3.700000e-01,0.0,9.984468e-01,-1.681641e-04,-2.516136e-03
2.900000e-01,3.700000e-01,0.0,9.980803e-01,-1.364259e-03,-2.955312e-03
3.000000e-01,3.700000e-01,0.0,9.979936e-01,-1.737023e-03,-3.069067e-03
3.100000e-01,3.700000e-01,0.0,9.979561e-01,-1.951222e-03,-3.110183e-03
3.200000e-01,3.700000e-01,0.0,9.979201e-01,-2.145817e-03,-3.141452e-03
3.300000e-01,3.700000e-01,0.0,9.978721e-01,-2.358824e-03,-3.180983e-03
3.400000e-01,3.700000e-01,0.0,9.978083e-01,-2.600851e-03,-3.240061e-03
3.500000e-01,3.700000e-01,0.0,9.977284e-01,-2.874848e-03,-3.316443e-03
3.600000e-01,3.700000e-01,0.0,9.976324e-01,-3.183134e-03,-3.408813e-03
3.700000e-01,3.700000e-01,0.0,9.975182e-01,-3.521827e-03,-3.521827e-03
3.800000e-01,3.700000e-01,0.0,9.973858e-01,-3.901392e-03,-3.660871e-03
3.900000e-01,3.700000e-01,0.0,9.972314e-01,-4.330134e-03,-3.829195e-03
4.000000e-01,3.700000e-01,0.0,9.970504e-01,-4.822620e-03,-4.035903e-03
4.100000e-01,3.700000e-01,0.0,9.968375e-01,-5.396281e-03,-4.283569e-03
4.200000e-01,3.700000e-01,0.0,9.965850e-01,-6.073427e-03,-4.583130e-03
4.300000e-01,3.700000e-01,0.0,9.962773e-01,-6.898278e-03,-4.950643e-03
4.400000e-01,3.700000e-01,0.0,9.958744e-01,-7.982296e-03,-5.444951e-03
4.500000e-01,3.700000e-01,0.0,9.952816e-01,-9.587256e-03,-6.213600e-03
4.600000e-01,3.700000e-01,0.0,9.943094e-01,-1.222321e-02,-7.556470e-03
4.700000e-01,3.700000e-01,0.0,9.927118e-01,-1.651738e-02,-9.846767e-03
4.800000e-01,3.700000e-01,0.0,9.905733e-01,-2.218122e-02,-1.287323e-02
4.900000e-01,3.700000e-01,0.0,9.887788e-01,-2.680322e-02,-1.516431e-02
5.000000e-01,3.700000e-01,0.0,9.880362e-01,-2.852826e-02,-1.576679e-02
5.100000e-01,3.700000e-01,0.0,9.879253e-01,-2.863787e-02,-1.555763e-02
5.200000e-01,3.700000e-01,0.0,9.879864e-01,-2.827541e-02,-1.510511e-02
5.300000e-01,3.700000e-01,0.0,9.884627e-01,-2.672618e-02,-1.411686e-02
5.400000e-01,3.700000e-01,0.0,9.898119e-01,-2.284881e-02,-1.191797e-02
5.500000e-01,3.700000e-01,0.0,9.924932e-01,-1.523095e-02,-8.049223e-03
5.600000e-01,3.700000e-01,0.0,9.967523e-01,-3.164427e-03,-2.306339e-03
5.700000e-01,3.700000e-01,0.0,1.002573e+00,1.339513e-02,5.226415e-03
5.800000e-01,3.700000e-01,0.0,1.009591e+00,3.345698e-02,1.401777e-02
5.900000e-01,3.700000e-01,0.0,1.016485e+00,5.314762e-02,2.233554e-02
6.000000e-01,3.700000e-01,0.0,1.020975e+00,6.571333e-02,2.734276e-02
6.100000e-01,3.700000e-01,0.0,1.022441e+00,6.921928e-02,2.860859e-02
6.200000e-01,3.700000e-01,0.0,1.022629e+00,6.897407e-02,2.856354e-02
6.300000e-01,3.700000e-01,0.0,1.022183e+00,6.700844e-02,2.762017e-02
6.400000e-01,3.700000e-01,0.0,1.019930e+00,5.930688e-02,2.437764e-02
6.500000e-01,3.700000e-01,0.0,1.014291e+00,4.203812e-02,1.681956e-02
6.600000e-01,3.700000e-01,0.0,1.006833e+00,1.984045e-02,7.591761e-03
6.700000e-01,3.700000e-01,0.0,1.001941e+00,5.578487e-03,2.033214e-03
6.800000e-01,3.700000e-01,0.0,1.000356e+00,1.016835e-03,3.605752e-04
6.900000e-01,3.700000e-01,0.0,1.000054e+00,1.551716e-04,5.487939e-05
7.000000e-01,3.700000e-01,0.0,1.000009e+00,2.688721e-05,9.512687e-06
7.100000e-01,3.700000e-01,0.0,1.000002e+00,6.419816e-06,2.244850e-06
7.200000e-01,3.700000e-01,0.0,1.000001e+00,1.948320e-06,6.752334e-07
7.300000e-01,3.700000e-01,0.0,1.000000e+00,6.141655e-07,2.123150e-07
7.400000e-01,3.700000e-01,0.0,1.000000e+00,1.847778e-07,6.318405e-08
7.500000e-01,3.700000e-01,0.0,1.000000e+00,6.146282e-08,2.040968e-08
7.600000e-01,3.700000e-01,0.0,1.000000e+00,2.869963e-08,8.972858e-09
7.700000e-01,3.700000e-01,0.0,1.000000e+00,1.796239e-08,5.313438e-09
7.800000e-01,3.700000e-01,0.0,1.000000e+00,1.249383e-08,3.588328e-09
7.900000e-01,3.700000e-01,0.0,1.000000e+00,8.855495e-09,2.500118e-09
8.000000e-01,3.700000e-01,0.0,1.000000e+00,6.255819e-09,1.744026e-09
8.100000e-01,3.700000e-01,0.0,1.000000e+00,4.379920e-09,1.208086e-09
8.200000e-01,3.700000e-01,0.0,1.000000e+00,3.031802e-09,8.281394e-10
8.300000e-01,3.700000e-01,0.0,1.000000e+00,2.071315e-09,5.605621e-10
8.400000e-01,3.700000e-01,0.0,1.000000e+00,1.394727e-09,3.740608e-10
8.500000e-01,3.700000e-01,0.0,1.000000e+00,9.244949e-10,2.457412e-10
8.600000e-01,3.700000e-01,0.0,1.000000e+00,6.026100e-10,1.587625e-10
8.700000e-01,3.700000e-01,0.0,1.000000e+00,3.859153e-10,1.007735e-10
8.800000e-01,3.700000e-01,0.0,1.000000e+00,2.426260e-10,6.279543e-11
8.900000e-01,3.700000e-01,0.0,1.000000e+00,1.496551e-10,3.839002e-11
9.000000e-01,3.700000e-01,0.0,1.000000e+00,9.051503e-11,2.301304e-11
9.100000e-01,3.700000e-01,0.0,1.000000e+00,5.365784e-11,1.352084e-11
9.200000e-01,3.700000e-01,0.0,1.000000e+00,3.116538e-11,7.783619e-12
9.300000e-01,3.700000e-01,0.0,1.000000e+00,1.773019e-11,4.388636e-12
9.400000e-01,3.700000e-01,0.0,1.000000e+00,9.876816e-12,2.423203e-12
9.500000e-01,3.700000e-01,0.0,1.000000e+00,5.385113e-12,1.310549e-12
9.600000e-01,3.700000e-01,0.0,1.000000e+00,2.869700e-12,6.944799e-13
9.700000e-01,3.700000e-01,0.0,1.000000e+00,1.486666e-12,3.627087e-13
9.800000e-01,3.700000e-01,0.0,1.000000e+00,7.308869e-13,1.906570e-13
9.900000e-01,3.700000e-01,0.0,1.000000e+00,3.023917e-13,1.090349e-13
1.000000e+00,3.700000e-01,0.0,1.000000e+00,6.024485e-14,9.438653e-14
0.000000e+00,3.800000e-01,0.0,9.936642e-01,-4.723003e-05,-9.507471e-03
1.000000e-02,3.800000e-01,0.0,9.935616e-01,-1.058954e-03,-9.730452e-03
2.000000e-02,3.800000e-01,0.0,9.935301e-01,-2.507501e-03,-9.173249e-03
3.000000e-02,3.800000e-01,0.0,9.933081e-01,-3.839096e-03,-9.665078e-03
4.000000e-02,3.800000e-01,0.0,9.929070e-01,-5.593964e-03,-9.908709e-03
5.000000e-02,3.800000e-01,0.0,9.921722e-01,-8.134442e-03,-1.099714e-02
6.000000e-02,3.800000e-01,0.0,9.909337e-01,-1.196604e-02,-1.289946e-02
7.000000e-02,3.800000e-01,0.0,9.891274e-01,-1.720382e-02,-1.569429e-02
8.000000e-02,3.800000e-01,0.0,9.872083e-01,-2.262232e-02,-1.844130e-02
9.000000e-02,3.800000e-01,0.0,9.860349e-01,-2.593709e-02,-1.990182e-02
1.000000e-01,3.800000e-01,0.0,9.857748e-01,-2.686209e-02,-1.997813e-02
1.100000e-01,3.800000e-01,0.0,9.858247e-01,-2.690248e-02,-1.957063e-02
1.200000e-01,3.800000e-01,0.0,9.862083e-01,-2.606554e-02,-1.856307e-02
1.300000e-01,3.800000e-01,0.0,9.873028e-01,-2.316206e-02,-1.647507e-02
1.400000e-01,3.800000e-01,0.0,9.896106e-01,-1.704540e-02,-1.262828e-02
1.500000e-01,3.800000e-01,0.0,9.932790e-01,-7.138853e-03,-7.077956e-03
1.600000e-01,3.800000e-01,0.0,9.982643e-01,6.549945e-03,2.710649e-05
1.700000e-01,3.800000e-01,0.0,1.004466e+00,2.382903e-02,8.562057e-03
1.800000e-01,3.800000e-01,0.0,1.011357e+00,4.321962e-02,1.776466e-02
1.900000e-01,3.800000e-01,0.0,1.017235e+00,5.965093e-02,2.528324e-02
2.000000e-01,3.800000e-01,0.0,1.020197e+00,6.750631e-02,2.867963e-02
2.100000e-01,3.800000e-01,0.0,1.020817e+00,6.861479e-02,2.896862e-02
2.200000e-01,3.800000e-01,0.0,1.020798e+00,6.776956e-02,2.837193e-02
2.300000e-01,3.800000e-01,0.0,1.019722e+00,6.367928e-02,2.633499e-02
2.400000e-01,3.800000e-01,0.0,1.015927e+00,5.174515e-02,2.044456e-02
2.500000e-01,3.800000e-01,0.0,1.008884e+00,3.060714e-02,1.060560e-02
2.600000e-01,3.800000e-01,0.0,1.002155e+00,1.089928e-02,1.955731e-03
2.700000e-01,3.800000e-01,0.0,9.989887e-01,1.689743e-03,-1.874155e-03
2.800000e-01,3.800000e-01,0.0,9.981450e-01,-8.206844e-04,-2.916053e-03
2.900000e-01,3.800000e-01,0.0,9.979676e-01,-1.466711e-03,-3.180900e-03
3.000000e-01,3.800000e-01,0.0,9.979152e-01,-1.737371e-03,-3.277246e-03
3.100000e-01,3.800000e-01,0.0,9.978800e-01,-1.942280e-03,-3.333055e-03
3.200000e-01,3.800000e-01,0.0,9.978374e-01,-2.152802e-03,-3.387254e-03
3.300000e-01,3.800000e-01,0.0,9.977800e-01,-2.389869e-03,-3.451244e-03
3.400000e-01,3.800000e-01,0.0,9.977062e-01,-2.657070e-03,-3.535051e-03
3.500000e-01,3.800000e-01,0.0,9.976162e-01,-2.956081e-03,-3.636825e-03
3.600000e-01,3.800000e-01,0.0,9.975105e-01,-3.291921e-03,-3.756127e-03
3.700000e-01,3.800000e-01,0.0,9.973858e-01,-3.660871e-03,-3.901392e-03
3.800000e-01,3.800000e-01,0.0,9.972411e-01,-4.075069e-03,-4.075069e-03
3.900000e-01,3.800000e-01,0.0,9.970716e-01,-4.544649e-03,-4.280883e-03
4.000000e-01,3.800000e-01,0.0,9.968726e-01,-5.084104e-03,-4.529492e-03
4.100000e-01,3.800000e-01,0.0,9.966386e-01,-5.709857e-03,-4.823417e-03
4.200000e-01,3.800000e-01,0.0,9.963601e-01,-6.450169e-03,-5.176636e-03
4.300000e-01,3.800000e-01,0.0,9.960109e-01,-7.378908e-03,-5.623321e-03
4.400000e-01,3.800000e-01,0.0,9.955216e-01,-8.685290e-03,-6.277505e-03
4.500000e-01,3.800000e-01,0.0,9.947374e-01,-1.078105e-02,-7.400652e-03
4.600000e-01,3.800000e-01,0.0,9.934010e-01,-1.433544e-02,-9.424451e-03
4.700000e-01,3.800000e-01,0.0,9.913785e-01,-1.964751e-02,-1.252413e-02
4.800000e-01,3.800000e-01,0.0,9.892654e-01,-2.503881e-02,-1.555993e-02
4.900000e-01,3.800000e-01,0.0,9.880901e-01,-2.789576e-02,-1.688380e-02
5.000000e-01,3.800000e-01,0.0,9.878177e-01,-2.842426e-02,-1.685150e-02
5.100000e-01,3.800000e-01,0.0,9.878130e-01,-2.828777e-02,-1.645076e-02
5.200000e-01,3.800000e-01,0.0,9.880756e-01,-2.744493e-02,-1.563662e-02
5.300000e-01,3.800000e-01,0.0,9.889168e-01,-2.496058e-02,-1.404835e-02
5.400000e-01,3.800000e-01,0.0,9.908768e-01,-1.948533e-02,-1.086836e-02
5.500000e-01,3.800000e-01,0.0,9.942972e-01,-9.942257e-03,-5.824566e-03
5.600000e-01,3.800000e-01,0.0,9.992867e-01,4.031949e-03,1.140658e-03
5.700000e-01,3.800000e-01,0.0,1.005726e+00,2.217847e-02,9.823138e-03
5.800000e-01,3.800000e-01,0.0,1.012955e+00,4.266337e-02,1.926731e-02
5.900000e-01,3.800000e-01,0.0,1.019114e+00,5.997629e-02,2.691664e-02
6.000000e-01,3.800000e-01,0.0,1.022214e+00,6.826000e-02,3.029265e-02
6.100000e-01,3.800000e-01,0.0,1.022880e+00,6.948184e-02,3.071789e-02
6.200000e-01,3.800000e-01,0.0,1.022893e+00,6.870189e-02,3.040857e-02
6.300000e-01,3.800000e-01,0.0,1.021867e+00,6.485207e-02,2.863684e-02
6.400000e-01,3.800000e-01,0.0,1.018172e+00,5.325709e-02,2.314094e-02
6.500000e-01,3.800000e-01,0.0,1.011096e+00,3.209002e-02,1.344768e-02
6.600000e-01,3.800000e-01,0.0,1.004163e+00,1.188496e-02,4.727517e-03
6.700000e-01,3.800000e-01,0.0,1.000926e+00,2.621851e-03,9.985732e-04
6.800000e-01,3.800000e-01,0.0,1.000148e+00,4.166529e-04,1.563846e-04
6.900000e-01,3.800000e-01,0.0,1.000023e+00,6.545494e-05,2.465952e-05
7.000000e-01,3.800000e-01,0.0,1.000005e+00,1.359915e-05,5.105514e-06
7.100000e-01,3.800000e-01,0.0,1.000001e+00,3.889287e-06,1.446284e-06
7.200000e-01,3.800000e-01,0.0,1.000000e+00,1.250122e-06,4.637983e-07
7.300000e-01,3.800000e-01,0.0,1.000000e+00,3.805907e-07,1.405561e-07
7.400000e-01,3.800000e-01,0.0,1.000000e+00,1.131782e-07,4.104182e-08
7.500000e-01,3.800000e-01,0.0,1.000000e+00,4.250832e-08,1.475976e-08
7.600000e-01,3.800000e-01,0.0,1.000000e+00,2.326677e-08,7.544862e-09
7.700000e-01,3.800000e-01,0.0,1.000000e+00,1.563055e-08,4.846143e-09
7.800000e-01,3.800000e-01,0.0,1.000000e+00,1.106035e-08,3.352953e-09
7.900000e-01,3.800000e-01,0.0,1.000000e+00,7.855579e-09,2.347611e-09
8.000000e-01,3.800000e-01,0.0,1.000000e+00,5.539469e-09,1.636687e-09
8.100000e-01,3.800000e-01,0.0,1.000000e+00,3.865856e-09,1.130672e-09
8.200000e-01,3.800000e-01,0.0,1.000000e+00,2.665100e-09,7.720776e-10
8.300000e-01,3.800000e-01,0.0,1.000000e+00,1.812293e-09,5.201907e-10
8.400000e-01,3.800000e-01,0.0,1.000000e+00,1.214033e-09,3.453147e-10
8.500000e-01,3.800000e-01,0.0,1.000000e+00,8.002548e-10,2.255758e-10
8.600000e-01,3.800000e-01,0.0,1.000000e+00,5.185511e-10,1.448589e-10
8.700000e-01,3.800000e-01,0.0,1.000000e+00,3.300266e-10,9.136841e-11
8.800000e-01,3.800000e-01,0.0,1.000000e+00,2.061503e-10,5.656163e-11
8.900000e-01,3.800000e-01,0.0,1.000000e+00,1.263082e-10,3.434476e-11
9.000000e-01,3.800000e-01,0.0,1.000000e+00,7.587005e-11,2.044518e-11
9.100000e-01,3.800000e-01,0.0,1.000000e+00,4.466072e-11,1.192693e-11
9.200000e-01,3.800000e-01,0.0,1.000000e+00,2.575413e-11,6.815882e-12
9.300000e-01,3.800000e-01,0.0,1.000000e+00,1.454487e-11,3.814845e-12
9.400000e-01,3.800000e-01,0.0,1.000000e+00,8.042915e-12,2.090708e-12
9.500000e-01,3.800000e-01,0.0,1.000000e+00,4.352387e-12,1.122136e-12
9.600000e-01,3.800000e-01,0.0,1.000000e+00,2.302434e-12,5.902176e-13
9.700000e-01,3.800000e-01,0.0,1.000000e+00,1.184242e-12,3.056300e-13
9.800000e-01,3.800000e-01,0.0,1.000000e+00,5.785642e-13,1.591980e-13
9.900000e-01,3.800000e-01,0.0,1.000000e+00,2.383373e-13,9.027772e-14
1.000000e+00,3.800000e-01,0.0,1.000000e+00,4.748202e-14,7.752097e-14
0.000000e+00,3.900000e-01,0.0,9.932493e-01,-4.620057e-05,-1.048196e-02
1.000000e-02,3.900000e-01,0.0,9.931365e-01,-1.140711e-03,-1.083611e-02
2.000000e-02,3.900000e-01,0.0,9.930905e-01,-2.768275e-03,-1.035251e-02
3.000000e-02,3.900000e-01,0.0,9.927897e-01,-4.368664e-03,-1.100529e-02
4.000000e-02,3.900000e-01,0.0,9.922151e-01,-6.588930e-03,-1.158497e-02
5.000000e-02,3.900000e-01,0.0,9.911991e-01,-9.930794e-03,-1.319771e-02
6.000000e-02,3.900000e-01,0.0,9.895821e-01,-1.464731e-02,-1.578533e-02
7.000000e-02,3.900000e-01,0.0,9.876136e-01,-2.021537e-02,-1.888024e-02
8.000000e-02,3.900000e-01,0.0,9.860905e-01,-2.449649e-02,-2.100123e-02
9.000000e-02,3.900000e-01,0.0,9.855243e-01,-2.622866e-02,-2.149352e-02
1.000000e-01,3.900000e-01,0.0,9.855261e-01,-2.653089e-02,-2.118524e-02
1.100000e-01,3.900000e-01,0.0,9.857433e-01,-2.624680e-02,-2.041044e-02
1.200000e-01,3.900000e-01,0.0,9.864855e-01,-2.439545e-02,-1.886720e-02
1.300000e-01,3.900000e-01,0.0,9.882243e-01,-1.998471e-02,-1.562640e-02
1.400000e-01,3.900000e-01,0.0,9.912270e-01,-1.206346e-02,-1.064337e-02
1.500000e-01,3.900000e-01,0.0,9.955356e-01,-5.066211e-04,-4.019137e-03
1.600000e-01,3.900000e-01,0.0,1.001103e+00,1.467283e-02,4.126553e-03
1.700000e-01,3.900000e-01,0.0,1.007765e+00,3.308330e-02,1.359158e-02
1.800000e-01,3.900000e-01,0.0,1.014530e+00,5.186082e-02,2.290170e-02
1.900000e-01,3.900000e-01,0.0,1.019226e+00,6.465358e-02,2.899206e-02
2.000000e-01,3.900000e-01,0.0,1.020902e+00,6.866016e-02,3.077629e-02
2.100000e-01,3.900000e-01,0.0,1.021132e+00,6.851799e-02,3.064823e-02
2.200000e-01,3.900000e-01,0.0,1.020735e+00,6.679602e-02,2.946275e-02
2.300000e-01,3.900000e-01,0.0,1.018658e+00,5.965767e-02,2.587396e-02
2.400000e-01,3.900000e-01,0.0,1.013065e+00,4.280435e-02,1.724143e-02
2.500000e-01,3.900000e-01,0.0,1.005338e+00,2.018652e-02,6.367051e-03
2.600000e-01,3.900000e-01,0.0,1.000115e+00,5.188070e-03,-4.343125e-04
2.700000e-01,3.900000e-01,0.0,9.983424e-01,9.411412e-05,-2.682866e-03
2.800000e-01,3.900000e-01,0.0,9.979546e-01,-1.128951e-03,-3.243234e-03
2.900000e-01,3.900000e-01,0.0,9.978662e-01,-1.510358e-03,-3.424062e-03
3.000000e-01,3.900000e-01,0.0,9.978275e-01,-1.738582e-03,-3.520081e-03
3.100000e-01,3.900000e-01,0.0,9.977888e-01,-1.951291e-03,-3.594673e-03
3.200000e-01,3.900000e-01,0.0,9.977370e-01,-2.184162e-03,-3.673804e-03
3.300000e-01,3.900000e-01,0.0,9.976692e-01,-2.446303e-03,-3.763233e-03
3.400000e-01,3.900000e-01,0.0,9.975854e-01,-2.739442e-03,-3.871471e-03
3.500000e-01,3.900000e-01,0.0,9.974852e-01,-3.065755e-03,-3.999003e-03
3.600000e-01,3.900000e-01,0.0,9.973682e-01,-3.427443e-03,-4.149512e-03
3.700000e-01,3.900000e-01,0.0,9.972314e-01,-3.829195e-03,-4.330134e-03
3.800000e-01,3.900000e-01,0.0,9.970716e-01,-4.280883e-03,-4.544649e-03
3.900000e-01,3.900000e-01,0.0,9.968842e-01,-4.795264e-03,-4.795264e-03
4.000000e-01,3.900000e-01,0.0,9.966646e-01,-5.385490e-03,-5.092303e-03
4.100000e-01,3.900000e-01,0.0,9.964066e-01,-6.068332e-03,-5.438644e-03
4.200000e-01,3.900000e-01,0.0,9.960941e-01,-6.891366e-03,-5.861905e-03
4.300000e-01,3.900000e-01,0.0,9.956765e-01,-7.991608e-03,-6.442266e-03
4.400000e-01,3.900000e-01,0.0,9.950288e-01,-9.696825e-03,-7.402922e-03
4.500000e-01,3.900000e-01,0.0,9.939096e-01,-1.263023e-02,-9.180280e-03
4.600000e-01,3.900000e-01,0.0,9.920665e-01,-1.739897e-02,-1.218652e-02
4.700000e-01,3.900000e-01,0.0,9.898107e-01,-2.309792e-02,-1.574626e-02
4.800000e-01,3.900000e-01,0.0,9.882431e-01,-2.694019e-02,-1.787645e-02
4.900000e-01,3.900000e-01,0.0,9.877381e-01,-2.804599e-02,-1.815628e-02
5.000000e-01,3.900000e-01,0.0,9.876938e-01,-2.806525e-02,-1.775574e-02
5.100000e-01,3.900000e-01,0.0,9.878272e-01,-2.763450e-02,-1.705129e-02
5.200000e-01,3.900000e-01,0.0,9.883483e-01,-2.606955e-02,-1.585819e-02
5.300000e-01,3.900000e-01,0.0,9.897358e-01,-2.227910e-02,-1.328005e-02
5.400000e-01,3.900000e-01,0.0,9.924166e-01,-1.492104e-02,-8.940842e-03
5.500000e-01,3.900000e-01,0.0,9.966160e-01,-3.370207e-03,-2.604217e-03
5.600000e-01,3.900000e-01,0.0,1.002328e+00,1.246873e-02,5.644467e-03
5.700000e-01,3.900000e-01,0.0,1.009291e+00,3.192447e-02,1.539706e-02
5.800000e-01,3.900000e-01,0.0,1.016365e+00,5.172138e-02,2.495869e-02
5.900000e-01,3.900000e-01,0.0,1.021262e+00,6.518042e-02,3.111402e-02
6.000000e-01,3.900000e-01,0.0,1.023027e+00,6.946605e-02,3.284744e-02
6.100000e-01,3.900000e-01,0.0,1.023266e+00,6.939845e-02,3.280682e-02
6.200000e-01,3.900000e-01,0.0,1.022922e+00,6.781742e-02,3.184387e-02
6.300000e-01,3.900000e-01,0.0,1.020930e+00,6.093352e-02,2.859543e-02
6.400000e-01,3.900000e-01,0.0,1.015411e+00,4.436656e-02,2.022663e-02
6.500000e-01,3.900000e-01,0.0,1.007542e+00,2.140831e-02,9.305193e-03
6.600000e-01,3.900000e-01,0.0,1.002140e+00,6.004477e-03,2.471805e-03
6.700000e-01,3.900000e-01,0.0,1.000382e+00,1.066963e-03,4.257255e-04
6.800000e-01,3.900000e-01,0.0,1.000057e+00,1.605910e-04,6.399582e-05
6.900000e-01,3.900000e-01,0.0,1.000010e+00,2.905096e-05,1.163096e-05
7.000000e-01,3.900000e-01,0.0,1.000003e+00,7.548880e-06,3.003466e-06
7.100000e-01,3.900000e-01,0.0,1.000001e+00,2.426888e-06,9.619054e-07
7.200000e-01,3.900000e-01,0.0,1.000000e+00,7.677059e-07,3.039417e-07
7.300000e-01,3.900000e-01,0.0,1.000000e+00,2.212101e-07,8.659287e-08
7.400000e-01,3.900000e-01,0.0,1.000000e+00,6.933561e-08,2.640615e-08
7.500000e-01,3.900000e-01,0.0,1.000000e+00,3.133828e-08,1.122565e-08
7.600000e-01,3.900000e-01,0.0,1.000000e+00,1.956368e-08,6.574068e-09
7.700000e-01,3.900000e-01,0.0,1.000000e+00,1.368438e-08,4.450426e-09
7.800000e-01,3.900000e-01,0.0,1.000000e+00,9.752634e-09,3.117449e-09
7.900000e-01,3.900000e-01,0.0,1.000000e+00,6.921218e-09,2.185120e-09
8.000000e-01,3.900000e-01,0.0,1.000000e+00,4.866185e-09,1.520042e-09
8.100000e-01,3.900000e-01,0.0,1.000000e+00,3.382627e-09,1.046242e-09
8.200000e-01,3.900000e-01,0.0,1.000000e+00,2.321227e-09,7.111683e-10
8.300000e-01,3.900000e-01,0.0,1.000000e+00,1.570346e-09,4.766625e-10
8.400000e-01,3.900000e-01,0.0,1.000000e+00,1.046077e-09,3.146173e-10
8.500000e-01,3.900000e-01,0.0,1.000000e+00,6.854201e-10,2.042681e-10
8.600000e-01,3.900000e-01,0.0,1.000000e+00,4.413337e-10,1.303301e-10
8.700000e-01,3.900000e-01,0.0,1.000000e+00,2.790246e-10,8.165063e-11
8.800000e-01,3.900000e-01,0.0,1.000000e+00,1.730947e-10,5.019295e-11
8.900000e-01,3.900000e-01,0.0,1.000000e+00,1.053036e-10,3.025836e-11
9.000000e-01,3.900000e-01,0.0,1.000000e+00,6.279311e-11,1.787962e-11
9.100000e-01,3.900000e-01,0.0,1.000000e+00,3.668793e-11,1.035233e-11
9.200000e-01,3.900000e-01,0.0,1.000000e+00,2.099642e-11,5.870442e-12
9.300000e-01,3.900000e-01,0.0,1.000000e+00,1.176685e-11,3.260174e-12
9.400000e-01,3.900000e-01,0.0,1.000000e+00,6.455990e-12,1.772801e-12
9.500000e-01,3.900000e-01,0.0,1.000000e+00,3.466611e-12,9.438815e-13
9.600000e-01,3.900000e-01,0.0,1.000000e+00,1.819427e-12,4.924935e-13
9.700000e-01,3.900000e-01,0.0,1.000000e+00,9.284626e-13,2.527128e-13
9.800000e-01,3.900000e-01,0.0,1.000000e+00,4.502932e-13,1.301709e-13
9.900000e-01,3.900000e-01,0.0,1.000000e+00,1.845523e-13,7.308803e-14
1.000000e+00,3.900000e-01,0.0,1.000000e+00,3.677423e-14,6.270979e-14
0.000000e+00,4.000000e-01,0.0,9.927733e-01,-3.209007e-05,-1.161184e-02
1.000000e-02,4.000000e-01,0.0,9.926322e-01,-1.261391e-03,-1.212758e-02
2.000000e-02,4.000000e-01,0.0,9.925247e-01,-3.142146e-03,-1.182046e-02
3.000000e-02,4.000000e-01,0.0,9.920778e-01,-5.204712e-03,-1.276965e-02
4.000000e-02,4.000000e-01,0.0,9.912298e-01,-8.183451e-03,-1.391588e-02
5.000000e-02,4.000000e-01,0.0,9.898233e-01,-1.242930e-02,-1.628237e-02
6.000000e-02,4.000000e-01,0.0,9.879226e-01,-1.780151e-02,-1.936067e-02
7.000000e-02,4.000000e-01,0.0,9.861759e-01,-2.271417e-02,-2.206140e-02
8.000000e-02,4.000000e-01,0.0,9.853047e-01,-2.527158e-02,-2.304425e-02
9.000000e-02,4.000000e-01,0.0,9.852017e-01,-2.593251e-02,-2.283332e-02
1.000000e-01,4.000000e-01,0.0,9.853375e-01,-2.594471e-02,-2.220073e-02
1.100000e-01,4.000000e-01,0.0,9.858848e-01,-2.485356e-02,-2.089121e-02
1.200000e-01,4.000000e-01,0.0,9.871695e-01,-2.175170e-02,-1.833658e-02
1.300000e-01,4.000000e-01,0.0,9.896114e-01,-1.557681e-02,-1.393775e-02
1.400000e-01,4.000000e-01,0.0,9.933079e-01,-5.916067e-03,-7.768220e-03
1.500000e-01,4.000000e-01,0.0,9.982435e-01,7.225287e-03,-1.842822e-05
1.600000e-01,4.000000e-01,0.0,1.004399e+00,2.388152e-02,9.255759e-03
1.700000e-01,4.000000e-01,0.0,1.011362e+00,4.293431e-02,1.945828e-02
1.800000e-01,4.000000e-01,0.0,1.017453e+00,5.951821e-02,2.801276e-02
1.900000e-01,4.000000e-01,0.0,1.020616e+00,6.768314e-02,3.201038e-02
2.000000e-01,4.000000e-01,0.0,1.021325e+00,6.895244e-02,3.260507e-02
2.100000e-01,4.000000e-01,0.0,1.021322e+00,6.820553e-02,3.207379e-02
2.200000e-01,4.000000e-01,0.0,1.020330e+00,6.440628e-02,3.004375e-02
2.300000e-01,4.000000e-01,0.0,1.016570e+00,5.289517e-02,2.362354e-02
2.400000e-01,4.000000e-01,0.0,1.009249e+00,3.142671e-02,1.235657e-02
2.500000e-01,4.000000e-01,0.0,1.002107e+00,1.103562e-02,2.286885e-03
2.600000e-01,4.000000e-01,0.0,9.988142e-01,1.734794e-03,-2.078588e-03
2.700000e-01,4.000000e-01,0.0,9.979801e-01,-6.627270e-04,-3.236695e-03
2.800000e-01,4.000000e-01,0.0,9.978130e-01,-1.266531e-03,-3.551942e-03
2.900000e-01,4.000000e-01,0.0,9.977625e-01,-1.535127e-03,-3.697373e-03
3.000000e-01,4.000000e-01,0.0,9.977258e-01,-1.754162e-03,-3.802342e-03
3.100000e-01,4.000000e-01,0.0,9.976792e-01,-1.986456e-03,-3.899268e-03
3.200000e-01,4.000000e-01,0.0,9.976168e-01,-2.246992e-03,-4.005613e-03
3.300000e-01,4.000000e-01,0.0,9.975379e-01,-2.535790e-03,-4.122788e-03
3.400000e-01,4.000000e-01,0.0,9.974431e-01,-2.854357e-03,-4.259222e-03
3.500000e-01,4.000000e-01,0.0,9.973324e-01,-3.209018e-03,-4.415272e-03
3.600000e-01,4.000000e-01,0.0,9.972022e-01,-3.599032e-03,-4.601815e-03
3.700000e-01,4.000000e-01,0.0,9.970504e-01,-4.035903e-03,-4.822620e-03
3.800000e-01,4.000000e-01,0.0,9.968726e-01,-4.529492e-03,-5.084104e-03
3.900000e-01,4.000000e-01,0.0,9.966646e-01,-5.092303e-03,-5.385490e-03
4.000000e-01,4.000000e-01,0.0,9.964219e-01,-5.736540e-03,-5.736540e-03
4.100000e-01,4.000000e-01,0.0,9.961337e-01,-6.491042e-03,-6.149970e-03
4.200000e-01,4.000000e-01,0.0,9.957631e-01,-7.453646e-03,-6.694270e-03
4.300000e-01,4.000000e-01,0.0,9.952100e-01,-8.885989e-03,-7.553927e-03
4.400000e-01,4.000000e-01,0.0,9.942560e-01,-1.134237e-02,-9.139975e-03
4.500000e-01,4.000000e-01,0.0,9.925974e-01,-1.555339e-02,-1.200549e-02
4.600000e-01,4.000000e-01,0.0,9.903210e-01,-2.122657e-02,-1.588405e-02
4.700000e-01,4.000000e-01,0.0,9.884441e-01,-2.577086e-02,-1.875739e-02
4.800000e-01,4.000000e-01,0.0,9.876953e-01,-2.747770e-02,-1.942365e-02
4.900000e-01,4.000000e-01,0.0,9.875955e-01,-2.766721e-02,-1.905741e-02
5.000000e-01,4.000000e-01,0.0,9.876677e-01,-2.747056e-02,-1.838089e-02
5.100000e-01,4.000000e-01,0.0,9.880040e-01,-2.649958e-02,-1.737864e-02
5.200000e-01,4.000000e-01,0.0,9.889594e-01,-2.394350e-02,-1.534125e-02
5.300000e-01,4.000000e-01,0.0,9.910221e-01,-1.840533e-02,-1.164442e-02
5.400000e-01,4.000000e-01,0.0,9.945031e-01,-9.003854e-03,-5.960122e-03
5.500000e-01,4.000000e-01,0.0,9.994874e-01,4.551767e-03,1.743823e-03
5.600000e-01,4.000000e-01,0.0,1.005894e+00,2.214339e-02,1.130790e-02
5.700000e-01,4.000000e-01,0.0,1.013164e+00,4.226848e-02,2.185242e-02
5.800000e-01,4.000000e-01,0.0,1.019497e+00,5.968553e-02,3.060133e-02
5.900000e-01,4.000000e-01,0.0,1.022797e+00,6.833892e-02,3.460650e-02
6.000000e-01,4.000000e-01,0.0,1.023551e+00,6.977428e-02,3.512903e-02
6.100000e-01,4.000000e-01,0.0,1.023575e+00,6.909423e-02,3.471635e-02
6.200000e-01,4.000000e-01,0.0,1.022613e+00,6.550731e-02,3.280882e-02
6.300000e-01,4.000000e-01,0.0,1.018978e+00,5.433813e-02,2.674479e-02
6.400000e-01,4.000000e-01,0.0,1.011649e+00,3.288075e-02,1.556751e-02
6.500000e-01,4.000000e-01,0.0,1.004294e+00,1.195267e-02,5.344102e-03
6.600000e-01,4.000000e-01,0.0,1.000916e+00,2.528081e-03,1.077900e-03
6.700000e-01,4.000000e-01,0.0,1.000141e+00,3.885376e-04,1.633964e-04
6.800000e-01,4.000000e-01,0.0,1.000023e+00,6.277003e-05,2.660813e-05
6.900000e-01,4.000000e-01,0.0,1.000005e+00,1.440731e-05,6.111809e-06
7.000000e-01,4.000000e-01,0.0,1.000002e+00,4.499602e-06,1.900216e-06
7.100000e-01,4.000000e-01,0.0,1.000001e+00,1.481931e-06,6.256258e-07
7.200000e-01,4.000000e-01,0.0,1.000000e+00,4.368151e-07,1.832498e-07
7.300000e-01,4.000000e-01,0.0,1.000000e+00,1.230723e-07,5.064537e-08
7.400000e-01,4.000000e-01,0.0,1.000000e+00,4.499896e-08,1.775676e-08
7.500000e-01,4.000000e-01,0.0,1.000000e+00,2.477122e-08,9.089259e-09
7.600000e-01,4.000000e-01,0.0,1.000000e+00,1.681293e-08,5.873234e-09
7.700000e-01,4.000000e-01,0.0,1.000000e+00,1.197881e-08,4.089704e-09
7.800000e-01,4.000000e-01,0.0,1.000000e+00,8.547855e-09,2.877845e-09
7.900000e-01,4.000000e-01,0.0,1.000000e+00,6.050726e-09,2.014246e-09
8.000000e-01,4.000000e-01,0.0,1.000000e+00,4.238057e-09,1.396389e-09
8.100000e-01,4.000000e-01,0.0,1.000000e+00,2.932699e-09,9.568601e-10
8.200000e-01,4.000000e-01,0.0,1.000000e+00,2.002235e-09,6.470602e-10
8.300000e-01,4.000000e-01,0.0,1.000000e+00,1.346978e-09,4.312192e-10
8.400000e-01,4.000000e-01,0.0,1.000000e+00,8.918797e-10,2.828691e-10
8.500000e-01,4.000000e-01,0.0,1.000000e+00,5.806427e-10,1.824528e-10
8.600000e-01,4.000000e-01,0.0,1.000000e+00,3.713480e-10,1.156102e-10
8.700000e-01,4.000000e-01,0.0,1.000000e+00,2.331262e-10,7.190971e-11
8.800000e-01,4.000000e-01,0.0,1.000000e+00,1.435674e-10,4.387741e-11
8.900000e-01,4.000000e-01,0.0,1.000000e+00,8.668480e-11,2.624982e-11
9.000000e-01,4.000000e-01,0.0,1.000000e+00,5.129324e-11,1.538992e-11
9.100000e-01,4.000000e-01,0.0,1.000000e+00,2.973367e-11,8.839722e-12
9.200000e-01,4.000000e-01,0.0,1.000000e+00,1.688065e-11,4.972540e-12
9.300000e-01,4.000000e-01,0.0,1.000000e+00,9.384043e-12,2.738839e-12
9.400000e-01,4.000000e-01,0.0,1.000000e+00,5.106534e-12,1.477101e-12
9.500000e-01,4.000000e-01,0.0,1.000000e+00,2.719084e-12,7.797852e-13
9.600000e-01,4.000000e-01,0.0,1.000000e+00,1.415330e-12,4.031998e-13
9.700000e-01,4.000000e-01,0.0,1.000000e+00,7.166259e-13,2.049296e-13
9.800000e-01,4.000000e-01,0.0,1.000000e+00,3.452105e-13,1.046031e-13
9.900000e-01,4.000000e-01,0.0,1.000000e+00,1.407132e-13,5.811464e-14
1.000000e+00,4.000000e-01,0.0,1.000000e+00,2.812147e-14,4.930367e-14
0.000000e+00,4.100000e-01,0.0,9.922022e-01,-5.273346e-06,-1.298216e-02
1.000000e-02,4.100000e-01,0.0,9.919993e-01,-1.524462e-03,-1.373298e-02
2.000000e-02,4.100000e-01,0.0,9.917438e-01,-3.833372e-03,-1.379502e-02
3.000000e-02,4.100000e-01,0.0,9.910308e-01,-6.576541e-03,-1.528989e-02
4.000000e-02,4.100000e-01,0.0,9.898213e-01,-1.054156e-02,-1.719625e-02
5.000000e-02,4.100000e-01,0.0,9.880525e-01,-1.556314e-02,-2.025622e-02
6.000000e-02,4.100000e-01,0.0,9.862298e-01,-2.069753e-02,-2.311959e-02
7.000000e-02,4.100000e-01,0.0,9.851045e-01,-2.399947e-02,-2.464540e-02
8.000000e-02,4.100000e-01,0.0,9.848626e-01,-2.511918e-02,-2.459747e-02
9.000000e-02,4.100000e-01,0.0,9.849651e-01,-2.534290e-02,-2.395256e-02
1.000000e-01,4.100000e-01,0.0,9.853923e-01,-2.474674e-02,-2.274799e-02
1.100000e-01,4.100000e-01,0.0,9.863622e-01,-2.255348e-02,-2.068637e-02
1.200000e-01,4.100000e-01,0.0,9.883506e-01,-1.785077e-02,-1.682669e-02
1.300000e-01,4.100000e-01,0.0,9.915215e-01,-9.897853e-03,-1.121097e-02
1.400000e-01,4.100000e-01,0.0,9.958834e-01,1.393497e-03,-3.859084e-03
1.500000e-01,4.100000e-01,0.0,1.001453e+00,1.612836e-02,5.096112e-03
1.600000e-01,4.100000e-01,0.0,1.008158e+00,3.413882e-02,1.550641e-02
1.700000e-01,4.100000e-01,0.0,1.015019e+00,5.265104e-02,2.581475e-02
1.800000e-01,4.100000e-01,0.0,1.019754e+00,6.515447e-02,3.247098e-02
1.900000e-01,4.100000e-01,0.0,1.021411e+00,6.896129e-02,3.431836e-02
2.000000e-01,4.100000e-01,0.0,1.021640e+00,6.879240e-02,3.426448e-02
2.100000e-01,4.100000e-01,0.0,1.021221e+00,6.701108e-02,3.300303e-02
2.200000e-01,4.100000e-01,0.0,1.019074e+00,5.990181e-02,2.899388e-02
2.300000e-01,4.100000e-01,0.0,1.013181e+00,4.257913e-02,1.908662e-02
2.400000e-01,4.100000e-01,0.0,1.005037e+00,1.936877e-02,6.614716e-03
2.500000e-01,4.100000e-01,0.0,9.997586e-01,4.656141e-03,-8.159570e-04
2.600000e-01,4.100000e-01,0.0,9.981006e-01,3.604697e-05,-3.108721e-03
2.700000e-01,4.100000e-01,0.0,9.977616e-01,-1.000257e-03,-3.670970e-03
2.800000e-01,4.100000e-01,0.0,9.976851e-01,-1.338729e-03,-3.877450e-03
2.900000e-01,4.100000e-01,0.0,9.976471e-01,-1.565887e-03,-4.012209e-03
3.000000e-01,4.100000e-01,0.0,9.976052e-01,-1.795392e-03,-4.132591e-03
3.100000e-01,4.100000e-01,0.0,9.975477e-01,-2.053735e-03,-4.255625e-03
3.200000e-01,4.100000e-01,0.0,9.974734e-01,-2.342099e-03,-4.392774e-03
3.300000e-01,4.100000e-01,0.0,9.973833e-01,-2.658383e-03,-4.541626e-03
3.400000e-01,4.100000e-01,0.0,9.972769e-01,-3.005474e-03,-4.710502e-03
3.500000e-01,4.100000e-01,0.0,9.971526e-01,-3.385142e-03,-4.903051e-03
3.600000e-01,4.100000e-01,0.0,9.970074e-01,-3.807819e-03,-5.129522e-03
3.700000e-01,4.100000e-01,0.0,9.968375e-01,-4.283569e-03,-5.396281e-03
3.800000e-01,4.100000e-01,0.0,9.966386e-01,-4.823417e-03,-5.709857e-03
3.900000e-01,4.100000e-01,0.0,9.964066e-01,-5.438644e-03,-6.068332e-03
4.000000e-01,4.100000e-01,0.0,9.961337e-01,-6.149970e-03,-6.491042e-03
4.100000e-01,4.100000e-01,0.0,9.957913e-01,-7.027385e-03,-7.027385e-03
4.200000e-01,4.100000e-01,0.0,9.952970e-01,-8.280636e-03,-7.843829e-03
4.300000e-01,4.100000e-01,0.0,9.944576e-01,-1.039311e-02,-9.320102e-03
4.400000e-01,4.100000e-01,0.0,9.929549e-01,-1.412595e-02,-1.205692e-02
4.500000e-01,4.100000e-01,0.0,9.907233e-01,-1.959728e-02,-1.611030e-02
4.600000e-01,4.100000e-01,0.0,9.886378e-01,-2.454402e-02,-1.957359e-02
4.700000e-01,4.100000e-01,0.0,9.876782e-01,-2.675259e-02,-2.064912e-02
4.800000e-01,4.100000e-01,0.0,9.875178e-01,-2.712406e-02,-2.033517e-02
4.900000e-01,4.100000e-01,0.0,9.875655e-01,-2.706688e-02,-1.963886e-02
5.000000e-01,4.100000e-01,0.0,9.877930e-01,-2.647890e-02,-1.872495e-02
5.100000e-01,4.100000e-01,0.0,9.884463e-01,-2.476727e-02,-1.709713e-02
5.200000e-01,4.100000e-01,0.0,9.900189e-01,-2.068436e-02,-1.395570e-02
5.300000e-01,4.100000e-01,0.0,9.928800e-01,-1.313375e-02,-8.896790e-03
5.400000e-01,4.100000e-01,0.0,9.971867e-01,-1.655065e-03,-1.771127e-03
5.500000e-01,4.100000e-01,0.0,1.002946e+00,1.386983e-02,7.364979e-03
5.600000e-01,4.100000e-01,0.0,1.009958e+00,3.294868e-02,1.818145e-02
5.700000e-01,4.100000e-01,0.0,1.017085e+00,5.240148e-02,2.882506e-02
5.800000e-01,4.100000e-01,0.0,1.021985e+00,6.553648e-02,3.559708e-02
5.900000e-01,4.100000e-01,0.0,1.023732e+00,6.967670e-02,3.742281e-02
6.000000e-01,4.100000e-01,0.0,1.023971e+00,6.960998e-02,3.727828e-02
6.100000e-01,4.100000e-01,0.0,1.023590e+00,6.797417e-02,3.608450e-02
6.200000e-01,4.100000e-01,0.0,1.021527e+00,6.109707e-02,3.234896e-02
6.300000e-01,4.100000e-01,0.0,1.015717e+00,4.408938e-02,2.259833e-02
6.400000e-01,4.100000e-01,0.0,1.007436e+00,2.054071e-02,9.986936e-03
6.500000e-01,4.100000e-01,0.0,1.001980e+00,5.403130e-03,2.477037e-03
6.600000e-01,4.100000e-01,0.0,1.000333e+00,9.037827e-04,4.018893e-04
6.700000e-01,4.100000e-01,0.0,1.000050e+00,1.362660e-04,6.082384e-05
6.800000e-01,4.100000e-01,0.0,1.000010e+00,2.730162e-05,1.229170e-05
6.900000e-01,4.100000e-01,0.0,1.000003e+00,8.019678e-06,3.601625e-06
7.000000e-01,4.100000e-01,0.0,1.000001e+00,2.715416e-06,1.218190e-06
7.100000e-01,4.100000e-01,0.0,1.000000e+00,8.408645e-07,3.760271e-07
7.200000e-01,4.100000e-01,0.0,1.000000e+00,2.291668e-07,1.010146e-07
7.300000e-01,4.100000e-01,0.0,1.000000e+00,6.983928e-08,2.993355e-08
7.400000e-01,4.100000e-01,0.0,1.000000e+00,3.223505e-08,1.298403e-08
7.500000e-01,4.100000e-01,0.0,1.000000e+00,2.059880e-08,7.761507e-09
7.600000e-01,4.100000e-01,0.0,1.000000e+00,1.456910e-08,5.310866e-09
7.700000e-01,4.100000e-01,0.0,1.000000e+00,1.043990e-08,3.742419e-09
7.800000e-01,4.100000e-01,0.0,1.000000e+00,7.435907e-09,2.633291e-09
7.900000e-01,4.100000e-01,0.0,1.000000e+00,5.244600e-09,1.837373e-09
8.000000e-01,4.100000e-01,0.0,1.000000e+00,3.657257e-09,1.268286e-09
8.100000e-01,4.100000e-01,0.0,1.000000e+00,2.518120e-09,8.646669e-10
8.200000e-01,4.100000e-01,0.0,1.000000e+00,1.709668e-09,5.813980e-10
8.300000e-01,4.100000e-01,0.0,1.000000e+00,1.143236e-09,3.850662e-10
8.400000e-01,4.100000e-01,0.0,1.000000e+00,7.520933e-10,2.509244e-10
8.500000e-01,4.100000e-01,0.0,1.000000e+00,4.862927e-10,1.607176e-10
8.600000e-01,4.100000e-01,0.0,1.000000e+00,3.087783e-10,1.010934e-10
8.700000e-01,4.100000e-01,0.0,1.000000e+00,1.924001e-10,6.240293e-11
8.800000e-01,4.100000e-01,0.0,1.000000e+00,1.175735e-10,3.777847e-11
8.900000e-01,4.100000e-01,0.0,1.000000e+00,7.042780e-11,2.241933e-11
9.000000e-01,4.100000e-01,0.0,1.000000e+00,4.133592e-11,1.303634e-11
9.100000e-01,4.100000e-01,0.0,1.000000e+00,2.376383e-11,7.425336e-12
9.200000e-01,4.100000e-01,0.0,1.000000e+00,1.337818e-11,4.141583e-12
9.300000e-01,4.100000e-01,0.0,1.000000e+00,7.373643e-12,2.261488e-12
9.400000e-01,4.100000e-01,0.0,1.000000e+00,3.978070e-12,1.208744e-12
9.500000e-01,4.100000e-01,0.0,1.000000e+00,2.100028e-12,6.320632e-13
9.600000e-01,4.100000e-01,0.0,1.000000e+00,1.083659e-12,3.238503e-13
9.700000e-01,4.100000e-01,0.0,1.000000e+00,5.440838e-13,1.633077e-13
9.800000e-01,4.100000e-01,0.0,1.000000e+00,2.600726e-13,8.211599e-14
9.900000e-01,4.100000e-01,0.0,1.000000e+00,1.054143e-13,4.481657e-14
1.000000e+00,4.100000e-01,0.0,1.000000e+00,2.130742e-14,3.784327e-14
0.000000e+00,4.200000e-01,0.0,9.914274e-01,2.717957e-05,-1.485312e-02
1.000000e-02,4.200000e-01,0.0,9.911089e-01,-2.058980e-03,-1.595165e-02
2.000000e-02,4.200000e-01,0.0,9.906171e-01,-5.094133e-03,-1.658723e-02
3.000000e-02,4.200000e-01,0.0,9.895441e-01,-8.772779e-03,-1.884371e-02
4.000000e-02,4.200000e-01,0.0,9.879596e-01,-1.355783e-02,-2.148587e-02
5.000000e-02,4.200000e-01,0.0,9.861765e-01,-1.866881e-02,-2.455101e-02
6.000000e-02,4.200000e-01,0.0,9.848993e-01,-2.241358e-02,-2.626425e-02
7.000000e-02,4.200000e-01,0.0,9.844971e-01,-2.405000e-02,-2.642167e-02
8.000000e-02,4.200000e-01,0.0,9.845857e-01,-2.449575e-02,-2.579977e-02
9.000000e-02,4.200000e-01,0.0,9.849396e-01,-2.424080e-02,-2.460149e-02
1.000000e-01,4.200000e-01,0.0,9.857323e-01,-2.265017e-02,-2.277723e-02
1.100000e-01,4.200000e-01,0.0,9.873711e-01,-1.905439e-02,-1.932322e-02
1.200000e-01,4.200000e-01,0.0,9.900969e-01,-1.257248e-02,-1.417473e-02
1.300000e-01,4.200000e-01,0.0,9.939611e-01,-2.971778e-03,-7.352441e-03
1.400000e-01,4.200000e-01,0.0,9.989806e-01,9.917404e-03,1.205501e-03
1.500000e-01,4.200000e-01,0.0,1.005213e+00,2.629557e-02,1.147501e-02
1.600000e-01,4.200000e-01,0.0,1.012257e+00,4.504245e-02,2.271621e-02
1.700000e-01,4.200000e-01,0.0,1.018282e+00,6.093661e-02,3.183664e-02
1.800000e-01,4.200000e-01,0.0,1.021228e+00,6.821168e-02,3.572839e-02
1.900000e-01,4.200000e-01,0.0,1.021829e+00,6.910707e-02,3.615749e-02
2.000000e-01,4.200000e-01,0.0,1.021749e+00,6.827724e-02,3.548323e-02
2.100000e-01,4.200000e-01,0.0,1.020655e+00,6.414542e-02,3.315870e-02
2.200000e-01,4.200000e-01,0.0,1.016495e+00,5.186074e-02,2.549003e-02
2.300000e-01,4.200000e-01,0.0,1.008601e+00,2.935332e-02,1.240137e-02
2.400000e-01,4.200000e-01,0.0,1.001390e+00,9.373304e-03,1.484999e-03
2.500000e-01,4.200000e-01,0.0,9.984017e-01,1.205671e-03,-2.751671e-03
2.600000e-01,4.200000e-01,0.0,9.977237e-01,-6.833658e-04,-3.789123e-03
2.700000e-01,4.200000e-01,0.0,9.975951e-01,-1.155461e-03,-4.081723e-03
2.800000e-01,4.200000e-01,0.0,9.975513e-01,-1.393880e-03,-4.244376e-03
2.900000e-01,4.200000e-01,0.0,9.975128e-01,-1.615464e-03,-4.382496e-03
3.000000e-01,4.200000e-01,0.0,9.974604e-01,-1.866878e-03,-4.524727e-03
3.100000e-01,4.200000e-01,0.0,9.973905e-01,-2.154548e-03,-4.678263e-03
3.200000e-01,4.200000e-01,0.0,9.973039e-01,-2.472446e-03,-4.849508e-03
3.300000e-01,4.200000e-01,0.0,9.972009e-01,-2.816715e-03,-5.035261e-03
3.400000e-01,4.200000e-01,0.0,9.970812e-01,-3.192365e-03,-5.242275e-03
3.500000e-01,4.200000e-01,0.0,9.969410e-01,-3.603047e-03,-5.479119e-03
3.600000e-01,4.200000e-01,0.0,9.967771e-01,-4.062705e-03,-5.752624e-03
3.700000e-01,4.200000e-01,0.0,9.965850e-01,-4.583130e-03,-6.073427e-03
3.800000e-01,4.200000e-01,0.0,9.963601e-01,-5.176636e-03,-6.450169e-03
3.900000e-01,4.200000e-01,0.0,9.960941e-01,-5.861905e-03,-6.891366e-03
4.000000e-01,4.200000e-01,0.0,9.957631e-01,-6.694270e-03,-7.453646e-03
4.100000e-01,4.200000e-01,0.0,9.952970e-01,-7.843829e-03,-8.280636e-03
4.200000e-01,4.200000e-01,0.0,9.945234e-01,-9.728741e-03,-9.728741e-03
4.300000e-01,4.200000e-01,0.0,9.931334e-01,-1.308281e-02,-1.240392e-02
4.400000e-01,4.200000e-01,0.0,9.909760e-01,-1.826045e-02,-1.654297e-02
4.500000e-01,4.200000e-01,0.0,9.887829e-01,-2.336716e-02,-2.040316e-02
4.600000e-01,4.200000e-01,0.0,9.876734e-01,-2.590185e-02,-2.182457e-02
4.700000e-01,4.200000e-01,0.0,9.874663e-01,-2.643648e-02,-2.156340e-02
4.800000e-01,4.200000e-01,0.0,9.875035e-01,-2.647211e-02,-2.083391e-02
4.900000e-01,4.200000e-01,0.0,9.876657e-01,-2.614667e-02,-1.996064e-02
5.000000e-01,4.200000e-01,0.0,9.881237e-01,-2.501700e-02,-1.858834e-02
5.100000e-01,4.200000e-01,0.0,9.893179e-01,-2.202781e-02,-1.591964e-02
5.200000e-01,4.200000e-01,0.0,9.916620e-01,-1.601251e-02,-1.142618e-02
5.300000e-01,4.200000e-01,0.0,9.953738e-01,-6.361148e-03,-4.859278e-03
5.400000e-01,4.200000e-01,0.0,1.000505e+00,7.172115e-03,3.776596e-03
5.500000e-01,4.200000e-01,0.0,1.007029e+00,2.461263e-02,1.442565e-02
5.600000e-01,4.200000e-01,0.0,1.014379e+00,4.441544e-02,2.611250e-02
5.700000e-01,4.200000e-01,0.0,1.020600e+00,6.100179e-02,3.549994e-02
5.800000e-01,4.200000e-01,0.0,1.023649e+00,6.870642e-02,3.945108e-02
5.900000e-01,4.200000e-01,0.0,1.024286e+00,6.984492e-02,3.979803e-02
6.000000e-01,4.200000e-01,0.0,1.024237e+00,6.909963e-02,3.906218e-02
6.100000e-01,4.200000e-01,0.0,1.023145e+00,6.512325e-02,3.674187e-02
6.200000e-01,4.200000e-01,0.0,1.019108e+00,5.321201e-02,2.932788e-02
6.300000e-01,4.200000e-01,0.0,1.011208e+00,3.072927e-02,1.620416e-02
6.400000e-01,4.200000e-01,0.0,1.003792e+00,1.024257e-02,5.073234e-03
6.500000e-01,4.200000e-01,0.0,1.000736e+00,1.972334e-03,9.318722e-04
6.600000e-01,4.200000e-01,0.0,1.000109e+00,2.928491e-04,1.373448e-04
6.700000e-01,4.200000e-01,0.0,1.000019e+00,5.164677e-05,2.454918e-05
6.800000e-01,4.200000e-01,0.0,1.000005e+00,1.385084e-05,6.601379e-06
6.900000e-01,4.200000e-01,0.0,1.000002e+00,4.723995e-06,2.247239e-06
7.000000e-01,4.200000e-01,0.0,1.000001e+00,1.547468e-06,7.348407e-07
7.100000e-01,4.200000e-01,0.0,1.000000e+00,4.298512e-07,2.018965e-07
7.200000e-01,4.200000e-01,0.0,1.000000e+00,1.162035e-07,5.340629e-08
7.300000e-01,4.200000e-01,0.0,1.000000e+00,4.386002e-08,1.930210e-08
7.400000e-01,4.200000e-01,0.0,1.000000e+00,2.533189e-08,1.035791e-08
7.500000e-01,4.200000e-01,0.0,1.000000e+00,1.756854e-08,6.846859e-09
7.600000e-01,4.200000e-01,0.0,1.000000e+00,1.261457e-08,4.810167e-09
7.700000e-01,4.200000e-01,0.0,1.000000e+00,9.035417e-09,3.398989e-09
7.800000e-01,4.200000e-01,0.0,1.000000e+00,6.413692e-09,2.385401e-09
7.900000e-01,4.200000e-01,0.0,1.000000e+00,4.504252e-09,1.657505e-09
8.000000e-01,4.200000e-01,0.0,1.000000e+00,3.125615e-09,1.138441e-09
8.100000e-01,4.200000e-01,0.0,1.000000e+00,2.140336e-09,7.717921e-10
8.200000e-01,4.200000e-01,0.0,1.000000e+00,1.444493e-09,5.157576e-10
8.300000e-01,4.200000e-01,0.0,1.000000e+00,9.596865e-10,3.393278e-10
8.400000e-01,4.200000e-01,0.0,1.000000e+00,6.269999e-10,2.195602e-10
8.500000e-01,4.200000e-01,0.0,1.000000e+00,4.024656e-10,1.395849e-10
8.600000e-01,4.200000e-01,0.0,1.000000e+00,2.536108e-10,8.712120e-11
8.700000e-01,4.200000e-01,0.0,1.000000e+00,1.567799e-10,5.334677e-11
8.800000e-01,4.200000e-01,0.0,1.000000e+00,9.502812e-11,3.202936e-11
8.900000e-01,4.200000e-01,0.0,1.000000e+00,5.644850e-11,1.884701e-11
9.000000e-01,4.200000e-01,0.0,1.000000e+00,3.284922e-11,1.086473e-11
9.100000e-01,4.200000e-01,0.0,1.000000e+00,1.872153e-11,6.133763e-12
9.200000e-01,4.200000e-01,0.0,1.000000e+00,1.044683e-11,3.390652e-12
9.300000e-01,4.200000e-01,0.0,1.000000e+00,5.706480e-12,1.834772e-12
9.400000e-01,4.200000e-01,0.0,1.000000e+00,3.050929e-12,9.716246e-13
9.500000e-01,4.200000e-01,0.0,1.000000e+00,1.596095e-12,5.034192e-13
9.600000e-01,4.200000e-01,0.0,1.000000e+00,8.162543e-13,2.554186e-13
9.700000e-01,4.200000e-01,0.0,1.000000e+00,4.059187e-13,1.274152e-13
9.800000e-01,4.200000e-01,0.0,1.000000e+00,1.925568e-13,6.314183e-14
9.900000e-01,4.200000e-01,0.0,1.000000e+00,7.768322e-14,3.384283e-14
1.000000e+00,4.200000e-01,0.0,1.000000e+00,1.557497e-14,2.822071e-14
0.000000e+00,4.300000e-01,0.0,9.902112e-01,2.813340e-05,-1.778385e-02
1.000000e-02,4.300000e-01,0.0,9.897475e-01,-2.972524e-03,-1.932246e-02
2.000000e-02,4.300000e-01,0.0,9.890034e-01,-7.096166e-03,-2.054429e-02
3.000000e-02,4.300000e-01,0.0,9.876010e-01,-1.164963e-02,-2.342731e-02
4.000000e-02,4.300000e-01,0.0,9.859388e-01,-1.665068e-02,-2.617780e-02
5.000000e-02,4.300000e-01,0.0,9.846271e-01,-2.065727e-02,-2.819309e-02
6.000000e-02,4.300000e-01,0.0,9.841131e-01,-2.271191e-02,-2.835577e-02
7.000000e-02,4.300000e-01,0.0,9.841741e-01,-2.339974e-02,-2.767742e-02
8.000000e-02,4.300000e-01,0.0,9.844947e-01,-2.343631e-02,-2.650747e-02
9.000000e-02,4.300000e-01,0.0,9.852012e-01,-2.224689e-02,-2.475454e-02
1.000000e-01,4.300000e-01,0.0,9.865967e-01,-1.943006e-02,-2.158887e-02
1.100000e-01,4.300000e-01,0.0,9.889762e-01,-1.412087e-02,-1.674339e-02
1.200000e-01,4.300000e-01,0.0,9.924108e-01,-5.975082e-03,-1.030245e-02
1.300000e-01,4.300000e-01,0.0,9.969425e-01,5.212691e-03,-2.268174e-03
1.400000e-01,4.300000e-01,0.0,1.002663e+00,1.979936e-02,7.616661e-03
1.500000e-01,4.300000e-01,0.0,1.009499e+00,3.763052e-02,1.915259e-02
1.600000e-01,4.300000e-01,0.0,1.016297e+00,5.543304e-02,3.019555e-02
1.700000e-01,4.300000e-01,0.0,1.020618e+00,6.640134e-02,3.661070e-02
1.800000e-01,4.300000e-01,0.0,1.021928e+00,6.916034e-02,3.796343e-02
1.900000e-01,4.300000e-01,0.0,1.022072e+00,6.880297e-02,3.759577e-02
2.000000e-01,4.300000e-01,0.0,1.021525e+00,6.653054e-02,3.615994e-02
2.100000e-01,4.300000e-01,0.0,1.018931e+00,5.851038e-02,3.095045e-02
2.200000e-01,4.300000e-01,0.0,1.012242e+00,3.942247e-02,1.893332e-02
2.300000e-01,4.300000e-01,0.0,1.003778e+00,1.605154e-02,5.138155e-03
2.400000e-01,4.300000e-01,0.0,9.990090e-01,3.194373e-03,-1.986026e-03
2.500000e-01,4.300000e-01,0.0,9.977256e-01,-2.671984e-04,-3.889018e-03
2.600000e-01,4.300000e-01,0.0,9.974901e-01,-9.873720e-04,-4.337650e-03
2.700000e-01,4.300000e-01,0.0,9.974349e-01,-1.250313e-03,-4.525897e-03
2.800000e-01,4.300000e-01,0.0,9.973992e-01,-1.459897e-03,-4.674720e-03
2.900000e-01,4.300000e-01,0.0,9.973521e-01,-1.696689e-03,-4.826790e-03
3.000000e-01,4.300000e-01,0.0,9.972863e-01,-1.977123e-03,-4.997577e-03
3.100000e-01,4.300000e-01,0.0,9.972023e-01,-2.293596e-03,-5.185249e-03
3.200000e-01,4.300000e-01,0.0,9.971018e-01,-2.638174e-03,-5.394856e-03
3.300000e-01,4.300000e-01,0.0,9.969852e-01,-3.014130e-03,-5.622059e-03
3.400000e-01,4.300000e-01,0.0,9.968483e-01,-3.418916e-03,-5.877198e-03
3.500000e-01,4.300000e-01,0.0,9.966882e-01,-3.867927e-03,-6.166856e-03
3.600000e-01,4.300000e-01,0.0,9.964998e-01,-4.373069e-03,-6.501912e-03
3.700000e-01,4.300000e-01,0.0,9.962773e-01,-4.950643e-03,-6.898278e-03
3.800000e-01,4.300000e-01,0.0,9.960109e-01,-5.623321e-03,-7.378908e-03
3.900000e-01,4.300000e-01,0.0,9.956765e-01,-6.442266e-03,-7.991608e-03
4.000000e-01,4.300000e-01,0.0,9.952100e-01,-7.553927e-03,-8.885989e-03
4.100000e-01,4.300000e-01,0.0,9.944576e-01,-9.320102e-03,-1.039311e-02
4.200000e-01,4.300000e-01,0.0,9.931334e-01,-1.240392e-02,-1.308281e-02
4.300000e-01,4.300000e-01,0.0,9.910608e-01,-1.724742e-02,-1.724742e-02
4.400000e-01,4.300000e-01,0.0,9.888570e-01,-2.228591e-02,-2.130333e-02
4.500000e-01,4.300000e-01,0.0,9.876705e-01,-2.498240e-02,-2.295336e-02
4.600000e-01,4.300000e-01,0.0,9.874365e-01,-2.563831e-02,-2.271427e-02
4.700000e-01,4.300000e-01,0.0,9.874709e-01,-2.574602e-02,-2.196456e-02
4.800000e-01,4.300000e-01,0.0,9.875913e-01,-2.560190e-02,-2.111139e-02
4.900000e-01,4.300000e-01,0.0,9.879253e-01,-2.486531e-02,-1.989494e-02
5.000000e-01,4.300000e-01,0.0,9.888466e-01,-2.266755e-02,-1.758450e-02
5.100000e-01,4.300000e-01,0.0,9.907787e-01,-1.787291e-02,-1.356361e-02
5.200000e-01,4.300000e-01,0.0,9.939802e-01,-9.769716e-03,-7.509576e-03
5.300000e-01,4.300000e-01,0.0,9.985424e-01,1.970016e-03,6.233493e-04
5.400000e-01,4.300000e-01,0.0,1.004520e+00,1.760984e-02,1.090665e-02
5.500000e-01,4.300000e-01,0.0,1.011719e+00,3.666004e-02,2.301000e-02
5.600000e-01,4.300000e-01,0.0,1.018760e+00,5.527731e-02,3.445510e-02
5.700000e-01,4.300000e-01,0.0,1.023174e+00,6.666288e-02,4.099230e-02
5.800000e-01,4.300000e-01,0.0,1.024543e+00,6.969482e-02,4.231746e-02
5.900000e-01,4.300000e-01,0.0,1.024689e+00,6.946899e-02,4.185092e-02
6.000000e-01,4.300000e-01,0.0,1.024110e+00,6.733051e-02,4.014498e-02
6.100000e-01,4.300000e-01,0.0,1.021610e+00,5.955555e-02,3.518525e-02
6.200000e-01,4.300000e-01,0.0,1.015005e+00,4.081063e-02,2.321687e-02
6.300000e-01,4.300000e-01,0.0,1.006404e+00,1.712981e-02,9.182525e-03
6.400000e-01,4.300000e-01,0.0,1.001496e+00,3.956646e-03,1.997708e-03
6.500000e-01,4.300000e-01,0.0,1.000231e+00,6.112877e-04,3.016481e-04
6.600000e-01,4.300000e-01,0.0,1.000036e+00,9.745440e-05,4.868779e-05
6.700000e-01,4.300000e-01,0.0,1.000009e+00,2.335267e-05,1.178068e-05
6.800000e-01,4.300000e-01,0.0,1.000003e+00,7.833870e-06,3.946162e-06
6.900000e-01,4.300000e-01,0.0,1.000001e+00,2.701243e-06,1.358422e-06
7.000000e-01,4.300000e-01,0.0,1.000000e+00,7.877508e-07,3.927857e-07
7.100000e-01,4.300000e-01,0.0,1.000000e+00,2.018072e-07,9.877394e-08
7.200000e-01,4.300000e-01,0.0,1.000000e+00,6.310008e-08,2.995719e-08
7.300000e-01,4.300000e-01,0.0,1.000000e+00,3.155487e-08,1.404966e-08
7.400000e-01,4.300000e-01,0.0,1.000000e+00,2.104591e-08,8.796871e-09
7.500000e-01,4.300000e-01,0.0,1.000000e+00,1.508494e-08,6.117844e-09
7.600000e-01,4.300000e-01,0.0,1.000000e+00,1.085864e-08,4.334644e-09
7.700000e-01,4.300000e-01,0.0,1.000000e+00,7.753954e-09,3.057721e-09
7.800000e-01,4.300000e-01,0.0,1.000000e+00,5.481128e-09,2.137400e-09
7.900000e-01,4.300000e-01,0.0,1.000000e+00,3.831005e-09,1.477983e-09
8.000000e-01,4.300000e-01,0.0,1.000000e+00,2.644271e-09,1.009554e-09
8.100000e-01,4.300000e-01,0.0,1.000000e+00,1.800074e-09,6.802544e-10
8.200000e-01,4.300000e-01,0.0,1.000000e+00,1.207070e-09,4.515846e-10
8.300000e-01,4.300000e-01,0.0,1.000000e+00,7.964254e-10,2.950054e-10
8.400000e-01,4.300000e-01,0.0,1.000000e+00,5.165283e-10,1.894518e-10
8.500000e-01,4.300000e-01,0.0,1.000000e+00,3.290041e-10,1.194972e-10
8.600000e-01,4.300000e-01,0.0,1.000000e+00,2.056564e-10,7.397353e-11
8.700000e-01,4.300000e-01,0.0,1.000000e+00,1.260791e-10,4.491378e-11
8.800000e-01,4.300000e-01,0.0,1.000000e+00,7.576716e-11,2.673220e-11
8.900000e-01,4.300000e-01,0.0,1.000000e+00,4.461361e-11,1.559064e-11
9.000000e-01,4.300000e-01,0.0,1.000000e+00,2.573052e-11,8.906155e-12
9.100000e-01,4.300000e-01,0.0,1.000000e+00,1.453162e-11,4.982034e-12
9.200000e-01,4.300000e-01,0.0,1.000000e+00,8.034352e-12,2.728507e-12
9.300000e-01,4.300000e-01,0.0,1.000000e+00,4.348026e-12,1.462367e-12
9.400000e-01,4.300000e-01,0.0,1.000000e+00,2.303010e-12,7.669856e-13
9.500000e-01,4.300000e-01,0.0,1.000000e+00,1.193451e-12,3.935832e-13
9.600000e-01,4.300000e-01,0.0,1.000000e+00,6.046298e-13,1.976342e-13
9.700000e-01,4.300000e-01,0.0,1.000000e+00,2.980770e-13,9.741416e-14
9.800000e-01,4.300000e-01,0.0,1.000000e+00,1.399047e-13,4.768147e-14
9.900000e-01,4.300000e-01,0.0,1.000000e+00,5.606006e-14,2.497696e-14
1.000000e+00,4.300000e-01,0.0,1.000000e+00,1.124859e-14,2.054404e-14
0.000000e+00,4.400000e-01,0.0,9.882320e-01,-3.494778e-05,-2.255634e-02
1.000000e-02,4.400000e-01,0.0,9.876539e-01,-4.106905e-03,-2.449697e-02
2.000000e-02,4.400000e-01,0.0,9.868454e-01,-9.589520e-03,-2.579691e-02
3.000000e-02,4.400000e-01,0.0,9.854178e-01,-1.450800e-02,-2.856883e-02
4.000000e-02,4.400000e-01,0.0,9.842037e-01,-1.870089e-02,-3.026370e-02
5.000000e-02,4.400000e-01,0.0,9.836619e-01,-2.110753e-02,-3.066348e-02
6.000000e-02,4.400000e-01,0.0,9.837052e-01,-2.205519e-02,-2.981102e-02
7.000000e-02,4.400000e-01,0.0,9.840159e-01,-2.232358e-02,-2.845393e-02
8.000000e-02,4.400000e-01,0.0,9.847012e-01,-2.146013e-02,-2.672602e-02
9.000000e-02,4.400000e-01,0.0,9.859586e-01,-1.917294e-02,-2.372147e-02
1.000000e-01,4.400000e-01,0.0,9.880849e-01,-1.477586e-02,-1.908501e-02
1.100000e-01,4.400000e-01,0.0,9.911730e-01,-7.833026e-03,-1.289795e-02
1.200000e-01,4.400000e-01,0.0,9.952909e-01,1.910143e-03,-5.158288e-03
1.300000e-01,4.400000e-01,0.0,1.000536e+00,1.479650e-02,4.246920e-03
1.400000e-01,4.400000e-01,0.0,1.006982e+00,3.111591e-02,1.556224e-02
1.500000e-01,4.400000e-01,0.0,1.014046e+00,4.933270e-02,2.768569e-02
1.600000e-01,4.400000e-01,0.0,1.019585e+00,6.344151e-02,3.661083e-02
1.700000e-01,4.400000e-01,0.0,1.021870e+00,6.875065e-02,3.956314e-02
1.800000e-01,4.400000e-01,0.0,1.022238e+00,6.896426e-02,3.952137e-02
1.900000e-01,4.400000e-01,0.0,1.021999e+00,6.781079e-02,3.842170e-02
2.000000e-01,4.400000e-01,0.0,1.020537e+00,6.271877e-02,3.527603e-02
2.100000e-01,4.400000e-01,0.0,1.015434e+00,4.816155e-02,2.532448e-02
2.200000e-01,4.400000e-01,0.0,1.006744e+00,2.420350e-02,1.009020e-02
2.300000e-01,4.400000e-01,0.0,1.000065e+00,6.346888e-03,-5.313411e-04
2.400000e-01,4.400000e-01,0.0,9.978044e-01,3.746384e-04,-3.932101e-03
2.500000e-01,4.400000e-01,0.0,9.973696e-01,-8.181271e-04,-4.664551e-03
2.600000e-01,4.400000e-01,0.0,9.972922e-01,-1.132644e-03,-4.887414e-03
2.700000e-01,4.400000e-01,0.0,9.972584e-01,-1.330140e-03,-5.039863e-03
2.800000e-01,4.400000e-01,0.0,9.972177e-01,-1.546107e-03,-5.193560e-03
2.900000e-01,4.400000e-01,0.0,9.971568e-01,-1.812118e-03,-5.369965e-03
3.000000e-01,4.400000e-01,0.0,9.970750e-01,-2.123790e-03,-5.575016e-03
3.100000e-01,4.400000e-01,0.0,9.969753e-01,-2.468353e-03,-5.801929e-03
3.200000e-01,4.400000e-01,0.0,9.968595e-01,-2.844629e-03,-6.055689e-03
3.300000e-01,4.400000e-01,0.0,9.967243e-01,-3.248928e-03,-6.334009e-03
3.400000e-01,4.400000e-01,0.0,9.965653e-01,-3.695227e-03,-6.650316e-03
3.500000e-01,4.400000e-01,0.0,9.963768e-01,-4.196557e-03,-7.015363e-03
3.600000e-01,4.400000e-01,0.0,9.961507e-01,-4.770051e-03,-7.448033e-03
3.700000e-01,4.400000e-01,0.0,9.958744e-01,-5.444951e-03,-7.982296e-03
3.800000e-01,4.400000e-01,0.0,9.955216e-01,-6.277505e-03,-8.685290e-03
3.900000e-01,4.400000e-01,0.0,9.950288e-01,-7.402922e-03,-9.696825e-03
4.000000e-01,4.400000e-01,0.0,9.942560e-01,-9.139975e-03,-1.134237e-02
4.100000e-01,4.400000e-01,0.0,9.929549e-01,-1.205692e-02,-1.412595e-02
4.200000e-01,4.400000e-01,0.0,9.909760e-01,-1.654297e-02,-1.826045e-02
4.300000e-01,4.400000e-01,0.0,9.888570e-01,-2.130333e-02,-2.228591e-02
4.400000e-01,4.400000e-01,0.0,9.876686e-01,-2.400110e-02,-2.400110e-02
4.500000e-01,4.400000e-01,0.0,9.874224e-01,-2.474527e-02,-2.377623e-02
4.600000e-01,4.400000e-01,0.0,9.874584e-01,-2.491112e-02,-2.301794e-02
4.700000e-01,4.400000e-01,0.0,9.875526e-01,-2.490373e-02,-2.218507e-02
4.800000e-01,4.400000e-01,0.0,9.878103e-01,-2.443885e-02,-2.105726e-02
4.900000e-01,4.400000e-01,0.0,9.885455e-01,-2.279174e-02,-1.900253e-02
5.000000e-01,4.400000e-01,0.0,9.901650e-01,-1.893618e-02,-1.535205e-02
5.100000e-01,4.400000e-01,0.0,9.929503e-01,-1.211052e-02,-9.728692e-03
5.200000e-01,4.400000e-01,0.0,9.970169e-01,-1.927767e-03,-2.048128e-03
5.300000e-01,4.400000e-01,0.0,1.002461e+00,1.198229e-02,7.807165e-03
5.400000e-01,4.400000e-01,0.0,1.009314e+00,2.976212e-02,1.992656e-02
5.500000e-01,4.400000e-01,0.0,1.016741e+00,4.914227e-02,3.274930e-02
5.600000e-01,4.400000e-01,0.0,1.022370e+00,6.358257e-02,4.183205e-02
5.700000e-01,4.400000e-01,0.0,1.024670e+00,6.903698e-02,4.471683e-02
5.800000e-01,4.400000e-01,0.0,1.025028e+00,6.945871e-02,4.453928e-02
5.900000e-01,4.400000e-01,0.0,1.024775e+00,6.837599e-02,4.321288e-02
6.000000e-01,4.400000e-01,0.0,1.023298e+00,6.340449e-02,3.996706e-02
6.100000e-01,4.400000e-01,0.0,1.018300e+00,4.932075e-02,3.008990e-02
6.200000e-01,4.400000e-01,0.0,1.009600e+00,2.542382e-02,1.472715e-02
6.300000e-01,4.400000e-01,0.0,1.002758e+00,7.196527e-03,3.901674e-03
6.400000e-01,4.400000e-01,0.0,1.000468e+00,1.215697e-03,6.336963e-04
6.500000e-01,4.400000e-01,0.0,1.000069e+00,1.821085e-04,9.539622e-05
6.600000e-01,4.400000e-01,0.0,1.000014e+00,3.864139e-05,2.056971e-05
6.700000e-01,4.400000e-01,0.0,1.000005e+00,1.244735e-05,6.632071e-06
6.800000e-01,4.400000e-01,0.0,1.000002e+00,4.466890e-06,2.374419e-06
6.900000e-01,4.400000e-01,0.0,1.000001e+00,1.385249e-06,7.312727e-07
7.000000e-01,4.400000e-01,0.0,1.000000e+00,3.542092e-07,1.838975e-07
7.100000e-01,4.400000e-01,0.0,1.000000e+00,9.580869e-08,4.853376e-08
7.200000e-01,4.400000e-01,0.0,1.000000e+00,4.022829e-08,1.942791e-08
7.300000e-01,4.400000e-01,0.0,1.000000e+00,2.511768e-08,1.130604e-08
7.400000e-01,4.400000e-01,0.0,1.000000e+00,1.785996e-08,7.710410e-09
7.500000e-01,4.400000e-01,0.0,1.000000e+00,1.290875e-08,5.464664e-09
7.600000e-01,4.400000e-01,0.0,1.000000e+00,9.269865e-09,3.872097e-09
7.700000e-01,4.400000e-01,0.0,1.000000e+00,6.592561e-09,2.721323e-09
7.800000e-01,4.400000e-01,0.0,1.000000e+00,4.638652e-09,1.893297e-09
7.900000e-01,4.400000e-01,0.0,1.000000e+00,3.225413e-09,1.302170e-09
8.000000e-01,4.400000e-01,0.0,1.000000e+00,2.213476e-09,8.841581e-10
8.100000e-01,4.400000e-01,0.0,1.000000e+00,1.497291e-09,5.918694e-10
8.200000e-01,4.400000e-01,0.0,1.000000e+00,9.971551e-10,3.901397e-10
8.300000e-01,4.400000e-01,0.0,1.000000e+00,6.530995e-10,2.529486e-10
8.400000e-01,4.400000e-01,0.0,1.000000e+00,4.202864e-10,1.611541e-10
8.500000e-01,4.400000e-01,0.0,1.000000e+00,2.655258e-10,1.008047e-10
8.600000e-01,4.400000e-01,0.0,1.000000e+00,1.645744e-10,6.186527e-11
8.700000e-01,4.400000e-01,0.0,1.000000e+00,1.000138e-10,3.722903e-11
8.800000e-01,4.400000e-01,0.0,1.000000e+00,5.956521e-11,2.195709e-11
8.900000e-01,4.400000e-01,0.0,1.000000e+00,3.475288e-11,1.268682e-11
9.000000e-01,4.400000e-01,0.0,1.000000e+00,1.985717e-11,7.179017e-12
9.100000e-01,4.400000e-01,0.0,1.000000e+00,1.110853e-11,3.977560e-12
9.200000e-01,4.400000e-01,0.0,1.000000e+00,6.082986e-12,2.157260e-12
9.300000e-01,4.400000e-01,0.0,1.000000e+00,3.260187e-12,1.144872e-12
9.400000e-01,4.400000e-01,0.0,1.000000e+00,1.709943e-12,5.941797e-13
9.500000e-01,4.400000e-01,0.0,1.000000e+00,8.774498e-13,3.016911e-13
9.600000e-01,4.400000e-01,0.0,1.000000e+00,4.401932e-13,1.497947e-13
9.700000e-01,4.400000e-01,0.0,1.000000e+00,2.147214e-13,7.292606e-14
9.800000e-01,4.400000e-01,0.0,1.000000e+00,9.979417e-14,3.508562e-14
9.900000e-01,4.400000e-01,0.0,1.000000e+00,3.962627e-14,1.827346e-14
1.000000e+00,4.400000e-01,0.0,1.000000e+00,8.003804e-15,1.486766e-14
0.000000e+00,4.500000e-01,0.0,9.853415e-01,-1.281646e-04,-2.954156e-02
1.000000e-02,4.500000e-01,0.0,9.847297e-01,-5.006614e-03,-3.169539e-02
2.000000e-02,4.500000e-01,0.0,9.842606e-01,-1.170340e-02,-3.208865e-02
3.000000e-02,4.500000e-01,0.0,9.833571e-01,-1.615303e-02,-3.351684e-02
4.000000e-02,4.500000e-01,0.0,9.829747e-01,-1.901075e-02,-3.335942e-02
5.000000e-02,4.500000e-01,0.0,9.830979e-01,-2.037665e-02,-3.245170e-02
6.000000e-02,4.500000e-01,0.0,9.834463e-01,-2.092092e-02,-3.083398e-02
7.000000e-02,4.500000e-01,0.0,9.841728e-01,-2.027713e-02,-2.870597e-02
8.000000e-02,4.500000e-01,0.0,9.853957e-01,-1.837094e-02,-2.576559e-02
9.000000e-02,4.500000e-01,0.0,9.873611e-01,-1.469187e-02,-2.125143e-02
1.000000e-01,4.500000e-01,0.0,9.901804e-01,-8.755936e-03,-1.527417e-02
1.100000e-01,4.500000e-01,0.0,9.939566e-01,-2.290165e-04,-7.740304e-03
1.200000e-01,4.500000e-01,0.0,9.988072e-01,1.123672e-02,1.463091e-03
1.300000e-01,4.500000e-01,0.0,1.004828e+00,2.595994e-02,1.245178e-02
1.400000e-01,4.500000e-01,0.0,1.011791e+00,4.342519e-02,2.481615e-02
1.500000e-01,4.500000e-01,0.0,1.018151e+00,5.949017e-02,3.566552e-02
1.600000e-01,4.500000e-01,0.0,1.021550e+00,6.769245e-02,4.076342e-02
1.700000e-01,4.500000e-01,0.0,1.022311e+00,6.897049e-02,4.128828e-02
1.800000e-01,4.500000e-01,0.0,1.022273e+00,6.834494e-02,4.045257e-02
1.900000e-01,4.500000e-01,0.0,1.021484e+00,6.518761e-02,3.843396e-02
2.000000e-01,4.500000e-01,0.0,1.017902e+00,5.484271e-02,3.095048e-02
2.100000e-01,4.500000e-01,0.0,1.009907e+00,3.280895e-02,1.589701e-02
2.200000e-01,4.500000e-01,0.0,1.001640e+00,1.083205e-02,1.832414e-03
2.300000e-01,4.500000e-01,0.0,9.980151e-01,1.418172e-03,-3.823021e-03
2.400000e-01,4.500000e-01,0.0,9.972356e-01,-6.221691e-04,-5.079470e-03
2.500000e-01,4.500000e-01,0.0,9.971153e-01,-1.035056e-03,-5.360253e-03
2.600000e-01,4.500000e-01,0.0,9.970826e-01,-1.223703e-03,-5.511539e-03
2.700000e-01,4.500000e-01,0.0,9.970493e-01,-1.415358e-03,-5.658746e-03
2.800000e-01,4.500000e-01,0.0,9.969947e-01,-1.660935e-03,-5.833400e-03
2.900000e-01,4.500000e-01,0.0,9.969156e-01,-1.964955e-03,-6.045614e-03
3.000000e-01,4.500000e-01,0.0,9.968150e-01,-2.310341e-03,-6.292602e-03
3.100000e-01,4.500000e-01,0.0,9.966975e-01,-2.689338e-03,-6.568290e-03
3.200000e-01,4.500000e-01,0.0,9.965602e-01,-3.096057e-03,-6.878674e-03
3.300000e-01,4.500000e-01,0.0,9.963984e-01,-3.545370e-03,-7.230202e-03
3.400000e-01,4.500000e-01,0.0,9.962042e-01,-4.053174e-03,-7.641013e-03
3.500000e-01,4.500000e-01,0.0,9.959670e-01,-4.639779e-03,-8.137048e-03
3.600000e-01,4.500000e-01,0.0,9.956698e-01,-5.338122e-03,-8.759198e-03
3.700000e-01,4.500000e-01,0.0,9.952816e-01,-6.213600e-03,-9.587256e-03
3.800000e-01,4.500000e-01,0.0,9.947374e-01,-7.400652e-03,-1.078105e-02
3.900000e-01,4.500000e-01,0.0,9.939096e-01,-9.180280e-03,-1.263023e-02
4.000000e-01,4.500000e-01,0.0,9.925974e-01,-1.200549e-02,-1.555339e-02
4.100000e-01,4.500000e-01,0.0,9.907233e-01,-1.611030e-02,-1.959728e-02
4.200000e-01,4.500000e-01,0.0,9.887829e-01,-2.040316e-02,-2.336716e-02
4.300000e-01,4.500000e-01,0.0,9.876705e-01,-2.295336e-02,-2.498240e-02
4.400000e-01,4.500000e-01,0.0,9.874224e-01,-2.377623e-02,-2.474527e-02
4.500000e-01,4.500000e-01,0.0,9.874567e-01,-2.399805e-02,-2.399805e-02
4.600000e-01,4.500000e-01,0.0,9.875355e-01,-2.408921e-02,-2.317854e-02
4.700000e-01,4.500000e-01,0.0,9.877505e-01,-2.380694e-02,-2.209611e-02
4.800000e-01,4.500000e-01,0.0,9.883703e-01,-2.252989e-02,-2.019877e-02
4.900000e-01,4.500000e-01,0.0,9.897672e-01,-1.935656e-02,-1.681602e-02
5.000000e-01,4.500000e-01,0.0,9.922284e-01,-1.354193e-02,-1.152773e-02
5.100000e-01,4.500000e-01,0.0,9.958839e-01,-4.671763e-03,-4.229547e-03
5.200000e-01,4.500000e-01,0.0,1.000850e+00,7.673526e-03,5.224692e-03
5.300000e-01,4.500000e-01,0.0,1.007283e+00,2.399940e-02,1.716086e-02
5.400000e-01,4.500000e-01,0.0,1.014786e+00,4.322531e-02,3.079854e-02
5.500000e-01,4.500000e-01,0.0,1.021332e+00,5.979802e-02,4.208737e-02
5.600000e-01,4.500000e-01,0.0,1.024612e+00,6.778580e-02,4.693386e-02
5.700000e-01,4.500000e-01,0.0,1.025329e+00,6.916011e-02,4.722801e-02
5.800000e-01,4.500000e-01,0.0,1.025256e+00,6.863150e-02,4.611724e-02
5.900000e-01,4.500000e-01,0.0,1.024356e+00,6.550729e-02,4.370967e-02
6.000000e-01,4.500000e-01,0.0,1.020860e+00,5.555988e-02,3.623537e-02
6.100000e-01,4.500000e-01,0.0,1.012960e+00,3.397476e-02,2.117781e-02
6.200000e-01,4.500000e-01,0.0,1.004583e+00,1.180229e-02,6.888441e-03
6.300000e-01,4.500000e-01,0.0,1.000887e+00,2.265600e-03,1.253820e-03
6.400000e-01,4.500000e-01,0.0,1.000130e+00,3.329895e-04,1.829575e-04
6.500000e-01,4.500000e-01,0.0,1.000024e+00,6.289142e-05,3.522308e-05
6.600000e-01,4.500000e-01,0.0,1.000007e+00,1.904294e-05,1.071958e-05
6.700000e-01,4.500000e-01,0.0,1.000003e+00,7.011324e-06,3.934523e-06
6.800000e-01,4.500000e-01,0.0,1.000001e+00,2.317376e-06,1.292527e-06
6.900000e-01,4.500000e-01,0.0,1.000000e+00,6.117317e-07,3.359823e-07
7.000000e-01,4.500000e-01,0.0,1.000000e+00,1.511793e-07,8.122583e-08
7.100000e-01,4.500000e-01,0.0,1.000000e+00,5.292422e-08,2.745587e-08
7.200000e-01,4.500000e-01,0.0,1.000000e+00,2.998532e-08,1.456872e-08
7.300000e-01,4.500000e-01,0.0,1.000000e+00,2.094615e-08,9.643636e-09
7.400000e-01,4.500000e-01,0.0,1.000000e+00,1.518055e-08,6.814061e-09
7.500000e-01,4.500000e-01,0.0,1.000000e+00,1.096015e-08,4.846032e-09
7.600000e-01,4.500000e-01,0.0,1.000000e+00,7.839425e-09,3.422558e-09
7.700000e-01,4.500000e-01,0.0,1.000000e+00,5.550290e-09,2.394420e-09
7.800000e-01,4.500000e-01,0.0,1.000000e+00,3.885855e-09,1.657211e-09
7.900000e-01,4.500000e-01,0.0,1.000000e+00,2.686911e-09,1.133179e-09
8.000000e-01,4.500000e-01,0.0,1.000000e+00,1.832516e-09,7.644809e-10
8.100000e-01,4.500000e-01,0.0,1.000000e+00,1.231198e-09,5.081810e-10
8.200000e-01,4.500000e-01,0.0,1.000000e+00,8.139522e-10,3.324604e-10
8.300000e-01,4.500000e-01,0.0,1.000000e+00,5.289569e-10,2.138331e-10
8.400000e-01,4.500000e-01,0.0,1.000000e+00,3.376036e-10,1.350916e-10
8.500000e-01,4.500000e-01,0.0,1.000000e+00,2.114617e-10,8.376416e-11
8.600000e-01,4.500000e-01,0.0,1.000000e+00,1.299021e-10,5.094305e-11
8.700000e-01,4.500000e-01,0.0,1.000000e+00,7.822219e-11,3.037192e-11
8.800000e-01,4.500000e-01,0.0,1.000000e+00,4.615129e-11,1.774283e-11
8.900000e-01,4.500000e-01,0.0,1.000000e+00,2.666973e-11,1.015249e-11
9.000000e-01,4.500000e-01,0.0,1.000000e+00,1.509108e-11,5.688404e-12
9.100000e-01,4.500000e-01,0.0,1.000000e+00,8.359523e-12,3.120241e-12
9.200000e-01,4.500000e-01,0.0,1.000000e+00,4.532050e-12,1.675293e-12
9.300000e-01,4.500000e-01,0.0,1.000000e+00,2.404538e-12,8.801260e-13
9.400000e-01,4.500000e-01,0.0,1.000000e+00,1.248431e-12,4.521817e-13
9.500000e-01,4.500000e-01,0.0,1.000000e+00,6.342020e-13,2.273120e-13
9.600000e-01,4.500000e-01,0.0,1.000000e+00,3.149992e-13,1.115771e-13
9.700000e-01,4.500000e-01,0.0,1.000000e+00,1.521776e-13,5.341116e-14
9.800000e-01,4.500000e-01,0.0,1.000000e+00,6.979186e-14,2.540901e-14
9.900000e-01,4.500000e-01,0.0,1.000000e+00,2.762518e-14,1.286722e-14
1.000000e+00,4.500000e-01,0.0,1.000000e+00,5.299816e-15,1.065085e-14
0.000000e+00,4.600000e-01,0.0,9.818762e-01,-1.798779e-04,-3.790915e-02
1.000000e-02,4.600000e-01,0.0,9.813017e-01,-5.218505e-03,-4.003244e-02
2.000000e-02,4.600000e-01,0.0,9.815605e-01,-1.219556e-02,-3.870566e-02
3.000000e-02,4.600000e-01,0.0,9.816150e-01,-1.570070e-02,-3.791342e-02
4.000000e-02,4.600000e-01,0.0,9.820383e-01,-1.779202e-02,-3.604579e-02
5.000000e-02,4.600000e-01,0.0,9.825749e-01,-1.886749e-02,-3.406787e-02
6.000000e-02,4.600000e-01,0.0,9.835163e-01,-1.859031e-02,-3.131041e-02
7.000000e-02,4.600000e-01,0.0,9.848067e-01,-1.695510e-02,-2.785718e-02
8.000000e-02,4.600000e-01,0.0,9.867176e-01,-1.389622e-02,-2.333786e-02
9.000000e-02,4.600000e-01,0.0,9.893554e-01,-8.846145e-03,-1.748663e-02
1.000000e-01,4.600000e-01,0.0,9.928670e-01,-1.391220e-03,-1.014038e-02
1.100000e-01,4.600000e-01,0.0,9.974002e-01,8.867047e-03,-1.076586e-03
1.200000e-01,4.600000e-01,0.0,1.003056e+00,2.221328e-02,9.828496e-03
1.300000e-01,4.600000e-01,0.0,1.009738e+00,3.845135e-02,2.223131e-02
1.400000e-01,4.600000e-01,0.0,1.016455e+00,5.505982e-02,3.408573e-02
1.500000e-01,4.600000e-01,0.0,1.020906e+00,6.587083e-02,4.124666e-02
1.600000e-01,4.600000e-01,0.0,1.022272e+00,6.871736e-02,4.275063e-02
1.700000e-01,4.600000e-01,0.0,1.022391e+00,6.844065e-02,4.220432e-02
1.800000e-01,4.600000e-01,0.0,1.021979e+00,6.654664e-02,4.079201e-02
1.900000e-01,4.600000e-01,0.0,1.019631e+00,5.945022e-02,3.545477e-02
2.000000e-01,4.600000e-01,0.0,1.012845e+00,4.077396e-02,2.186049e-02
2.100000e-01,4.600000e-01,0.0,1.003661e+00,1.647278e-02,5.168211e-03
2.200000e-01,4.600000e-01,0.0,9.984195e-01,3.030676e-03,-3.460722e-03
2.300000e-01,4.600000e-01,0.0,9.970902e-01,-3.575099e-04,-5.587448e-03
2.400000e-01,4.600000e-01,0.0,9.968911e-01,-9.490907e-04,-5.986064e-03
2.500000e-01,4.600000e-01,0.0,9.968594e-01,-1.137388e-03,-6.129849e-03
2.600000e-01,4.600000e-01,0.0,9.968349e-01,-1.303495e-03,-6.265185e-03
2.700000e-01,4.600000e-01,0.0,9.967886e-01,-1.524384e-03,-6.430524e-03
2.800000e-01,4.600000e-01,0.0,9.967123e-01,-1.817533e-03,-6.645732e-03
2.900000e-01,4.600000e-01,0.0,9.966095e-01,-2.167234e-03,-6.908570e-03
3.000000e-01,4.600000e-01,0.0,9.964862e-01,-2.552150e-03,-7.213912e-03
3.100000e-01,4.600000e-01,0.0,9.963422e-01,-2.968254e-03,-7.559854e-03
3.200000e-01,4.600000e-01,0.0,9.961710e-01,-3.427981e-03,-7.962098e-03
3.300000e-01,4.600000e-01,0.0,9.959629e-01,-3.952332e-03,-8.438355e-03
3.400000e-01,4.600000e-01,0.0,9.957035e-01,-4.568388e-03,-9.025882e-03
3.500000e-01,4.600000e-01,0.0,9.953710e-01,-5.316666e-03,-9.779359e-03
3.600000e-01,4.600000e-01,0.0,9.949284e-01,-6.268201e-03,-1.079067e-02
3.700000e-01,4.600000e-01,0.0,9.943094e-01,-7.556470e-03,-1.222321e-02
3.800000e-01,4.600000e-01,0.0,9.934010e-01,-9.424451e-03,-1.433544e-02
3.900000e-01,4.600000e-01,0.0,9.920665e-01,-1.218652e-02,-1.739897e-02
4.000000e-01,4.600000e-01,0.0,9.903210e-01,-1.588405e-02,-2.122657e-02
4.100000e-01,4.600000e-01,0.0,9.886378e-01,-1.957359e-02,-2.454402e-02
4.200000e-01,4.600000e-01,0.0,9.876734e-01,-2.182457e-02,-2.590185e-02
4.300000e-01,4.600000e-01,0.0,9.874365e-01,-2.271427e-02,-2.563831e-02
4.400000e-01,4.600000e-01,0.0,9.874584e-01,-2.301794e-02,-2.491112e-02
4.500000e-01,4.600000e-01,0.0,9.875355e-01,-2.317854e-02,-2.408921e-02
4.600000e-01,4.600000e-01,0.0,9.877320e-01,-2.301767e-02,-2.301767e-02
4.700000e-01,4.600000e-01,0.0,9.882894e-01,-2.197980e-02,-2.119333e-02
4.800000e-01,4.600000e-01,0.0,9.895454e-01,-1.928425e-02,-1.796772e-02
4.900000e-01,4.600000e-01,0.0,9.917735e-01,-1.423904e-02,-1.290429e-02
5.000000e-01,4.600000e-01,0.0,9.951051e-01,-6.440658e-03,-5.892096e-03
5.100000e-01,4.600000e-01,0.0,9.996616e-01,4.546994e-03,3.222592e-03
5.200000e-01,4.600000e-01,0.0,1.005680e+00,1.943925e-02,1.490484e-02
5.300000e-01,4.600000e-01,0.0,1.013074e+00,3.798330e-02,2.897275e-02
5.400000e-01,4.600000e-01,0.0,1.020209e+00,5.580893e-02,4.205502e-02
5.500000e-01,4.600000e-01,0.0,1.024397e+00,6.603416e-02,4.892565e-02
5.600000e-01,4.600000e-01,0.0,1.025569e+00,6.853256e-02,4.987640e-02
5.700000e-01,4.600000e-01,0.0,1.025619e+00,6.837272e-02,4.887991e-02
5.800000e-01,4.600000e-01,0.0,1.025048e+00,6.644363e-02,4.686627e-02
5.900000e-01,4.600000e-01,0.0,1.022691e+00,5.960094e-02,4.139629e-02
6.000000e-01,4.600000e-01,0.0,1.016063e+00,4.164393e-02,2.779417e-02
6.100000e-01,4.600000e-01,0.0,1.006885e+00,1.749585e-02,1.099370e-02
6.200000e-01,4.600000e-01,0.0,1.001558e+00,3.909797e-03,2.307928e-03
6.300000e-01,4.600000e-01,0.0,1.000234e+00,5.875381e-04,3.394985e-04
6.400000e-01,4.600000e-01,0.0,1.000039e+00,1.005301e-04,5.911655e-05
6.500000e-01,4.600000e-01,0.0,1.000011e+00,2.815820e-05,1.672523e-05
6.600000e-01,4.600000e-01,0.0,1.000004e+00,1.047949e-05,6.203320e-06
6.700000e-01,4.600000e-01,0.0,1.000001e+00,3.677419e-06,2.163600e-06
6.800000e-01,4.600000e-01,0.0,1.000000e+00,1.021280e-06,5.922756e-07
6.900000e-01,4.600000e-01,0.0,1.000000e+00,2.423217e-07,1.376266e-07
7.000000e-01,4.600000e-01,0.0,1.000000e+00,7.201733e-08,3.976506e-08
7.100000e-01,4.600000e-01,0.0,1.000000e+00,3.597873e-08,1.883093e-08
7.200000e-01,4.600000e-01,0.0,1.000000e+00,2.435247e-08,1.198351e-08
7.300000e-01,4.600000e-01,0.0,1.000000e+00,1.765851e-08,8.407566e-09
7.400000e-01,4.600000e-01,0.0,1.000000e+00,1.281595e-08,5.995651e-09
7.500000e-01,4.600000e-01,0.0,1.000000e+00,9.217605e-09,4.253548e-09
7.600000e-01,4.600000e-01,0.0,1.000000e+00,6.564242e-09,2.990922e-09
7.700000e-01,4.600000e-01,0.0,1.000000e+00,4.625298e-09,2.081979e-09
7.800000e-01,4.600000e-01,0.0,1.000000e+00,3.220904e-09,1.432890e-09
7.900000e-01,4.600000e-01,0.0,1.000000e+00,2.213739e-09,9.736714e-10
8.000000e-01,4.600000e-01,0.0,1.000000e+00,1.499763e-09,6.523588e-10
8.100000e-01,4.600000e-01,0.0,1.000000e+00,1.000334e-09,4.304175e-10
8.200000e-01,4.600000e-01,0.0,1.000000e+00,6.561822e-10,2.793406e-10
8.300000e-01,4.600000e-01,0.0,1.000000e+00,4.229107e-10,1.781521e-10
8.400000e-01,4.600000e-01,0.0,1.000000e+00,2.675846e-10,1.115558e-10
8.500000e-01,4.600000e-01,0.0,1.000000e+00,1.660959e-10,6.853668e-11
8.600000e-01,4.600000e-01,0.0,1.000000e+00,1.010854e-10,4.128824e-11
8.700000e-01,4.600000e-01,0.0,1.000000e+00,6.028926e-11,2.437719e-11
8.800000e-01,4.600000e-01,0.0,1.000000e+00,3.522423e-11,1.410019e-11
8.900000e-01,4.600000e-01,0.0,1.000000e+00,2.015334e-11,7.987016e-12
9.000000e-01,4.600000e-01,0.0,1.000000e+00,1.128902e-11,4.429840e-12
9.100000e-01,4.600000e-01,0.0,1.000000e+00,6.189888e-12,2.404838e-12
9.200000e-01,4.600000e-01,0.0,1.000000e+00,3.320964e-12,1.277529e-12
9.300000e-01,4.600000e-01,0.0,1.000000e+00,1.743846e-12,6.641848e-13
9.400000e-01,4.600000e-01,0.0,1.000000e+00,8.959960e-13,3.377485e-13
9.500000e-01,4.600000e-01,0.0,1.000000e+00,4.504122e-13,1.679050e-13
9.600000e-01,4.600000e-01,0.0,1.000000e+00,2.213181e-13,8.162984e-14
9.700000e-01,4.600000e-01,0.0,1.000000e+00,1.057415e-13,3.843715e-14
9.800000e-01,4.600000e-01,0.0,1.000000e+00,4.816847e-14,1.816488e-14
9.900000e-01,4.600000e-01,0.0,1.000000e+00,1.886759e-14,8.866512e-15
1.000000e+00,4.600000e-01,0.0,1.000000e+00,3.677423e-15,7.461001e-15
0.000000e+00,4.700000e-01,0.0,9.785973e-01,-2.084874e-04,-4.579649e-02
1.000000e-02,4.700000e-01,0.0,9.781404e-01,-4.580741e-03,-4.756708e-02
2.000000e-02,4.700000e-01,0.0,9.791957e-01,-1.049180e-02,-4.458857e-02
3.000000e-02,4.700000e-01,0.0,9.800444e-01,-1.341247e-02,-4.207157e-02
4.000000e-02,4.700000e-01,0.0,9.810659e-01,-1.542634e-02,-3.879314e-02
5.000000e-02,4.700000e-01,0.0,9.823288e-01,-1.576553e-02,-3.522418e-02
6.000000e-02,4.700000e-01,0.0,9.839288e-01,-1.463903e-02,-3.109894e-02
7.000000e-02,4.700000e-01,0.0,9.859361e-01,-1.221735e-02,-2.584660e-02
8.000000e-02,4.700000e-01,0.0,9.885221e-01,-8.023604e-03,-1.987658e-02
9.000000e-02,4.700000e-01,0.0,9.918864e-01,-1.567459e-03,-1.253410e-02
1.000000e-01,4.700000e-01,0.0,9.962020e-01,7.575867e-03,-3.534777e-03
1.100000e-01,4.700000e-01,0.0,1.001581e+00,1.969998e-02,7.315065e-03
1.200000e-01,4.700000e-01,0.0,1.007971e+00,3.469528e-02,1.981101e-02
1.300000e-01,4.700000e-01,0.0,1.014698e+00,5.088968e-02,3.232698e-02
1.400000e-01,4.700000e-01,0.0,1.019900e+00,6.338030e-02,4.104432e-02
1.500000e-01,4.700000e-01,0.0,1.022052e+00,6.814957e-02,4.371995e-02
1.600000e-01,4.700000e-01,0.0,1.022365e+00,6.829115e-02,4.355142e-02
1.700000e-01,4.700000e-01,0.0,1.022199e+00,6.724517e-02,4.260786e-02
1.800000e-01,4.700000e-01,0.0,1.020724e+00,6.237868e-02,3.891015e-02
1.900000e-01,4.700000e-01,0.0,1.015265e+00,4.735328e-02,2.722396e-02
2.000000e-01,4.700000e-01,0.0,1.005910e+00,2.271148e-02,9.235469e-03
2.100000e-01,4.700000e-01,0.0,9.990475e-01,5.311743e-03,-2.740465e-03
2.200000e-01,4.700000e-01,0.0,9.969332e-01,2.057378e-05,-6.220511e-03
2.300000e-01,4.700000e-01,0.0,9.965986e-01,-8.719689e-04,-6.820606e-03
2.400000e-01,4.700000e-01,0.0,9.965673e-01,-1.072452e-03,-6.959774e-03
2.500000e-01,4.700000e-01,0.0,9.965533e-01,-1.212948e-03,-7.075937e-03
2.600000e-01,4.700000e-01,0.0,9.965181e-01,-1.406536e-03,-7.227768e-03
2.700000e-01,4.700000e-01,0.0,9.964452e-01,-1.686399e-03,-7.440972e-03
2.800000e-01,4.700000e-01,0.0,9.963383e-01,-2.044359e-03,-7.724101e-03
2.900000e-01,4.700000e-01,0.0,9.962039e-01,-2.443571e-03,-8.065165e-03
3.000000e-01,4.700000e-01,0.0,9.960454e-01,-2.878945e-03,-8.465244e-03
3.100000e-01,4.700000e-01,0.0,9.958559e-01,-3.361430e-03,-8.935909e-03
3.200000e-01,4.700000e-01,0.0,9.956219e-01,-3.916356e-03,-9.508855e-03
3.300000e-01,4.700000e-01,0.0,9.953250e-01,-4.580160e-03,-1.022579e-02
3.400000e-01,4.700000e-01,0.0,9.949382e-01,-5.401768e-03,-1.115853e-02
3.500000e-01,4.700000e-01,0.0,9.944203e-01,-6.459452e-03,-1.241132e-02
3.600000e-01,4.700000e-01,0.0,9.937064e-01,-7.880648e-03,-1.413429e-02
3.700000e-01,4.700000e-01,0.0,9.927118e-01,-9.846767e-03,-1.651738e-02
3.800000e-01,4.700000e-01,0.0,9.913785e-01,-1.252413e-02,-1.964751e-02
3.900000e-01,4.700000e-01,0.0,9.898107e-01,-1.574626e-02,-2.309792e-02
4.000000e-01,4.700000e-01,0.0,9.884441e-01,-1.875739e-02,-2.577086e-02
4.100000e-01,4.700000e-01,0.0,9.876782e-01,-2.064912e-02,-2.675259e-02
4.200000e-01,4.700000e-01,0.0,9.874663e-01,-2.156340e-02,-2.643648e-02
4.300000e-01,4.700000e-01,0.0,9.874709e-01,-2.196456e-02,-2.574602e-02
4.400000e-01,4.700000e-01,0.0,9.875526e-01,-2.218507e-02,-2.490373e-02
4.500000e-01,4.700000e-01,0.0,9.877505e-01,-2.209611e-02,-2.380694e-02
4.600000e-01,4.700000e-01,0.0,9.882894e-01,-2.119333e-02,-2.197980e-02
4.700000e-01,4.700000e-01,0.0,9.894734e-01,-1.879981e-02,-1.879981e-02
4.800000e-01,4.700000e-01,0.0,9.915529e-01,-1.430928e-02,-1.384535e-02
4.900000e-01,4.700000e-01,0.0,9.946491e-01,-7.351355e-03,-7.001600e-03
5.000000e-01,4.700000e-01,0.0,9.988800e-01,2.502529e-03,1.873948e-03
5.100000e-01,4.700000e-01,0.0,1.004526e+00,1.606980e-02,1.332725e-02
5.200000e-01,4.700000e-01,0.0,1.011712e+00,3.366538e-02,2.759298e-02
5.300000e-01,4.700000e-01,0.0,1.019180e+00,5.202370e-02,4.198033e-02
5.400000e-01,4.700000e-01,0.0,1.024126e+00,6.393453e-02,5.065772e-02
5.500000e-01,4.700000e-01,0.0,1.025752e+00,6.757354e-02,5.242753e-02
5.600000e-01,4.700000e-01,0.0,1.025886e+00,6.772788e-02,5.154060e-02
5.700000e-01,4.700000e-01,0.0,1.025516e+00,6.657659e-02,4.968881e-02
5.800000e-01,4.700000e-01,0.0,1.023927e+00,6.188989e-02,4.559730e-02
5.900000e-01,4.700000e-01,0.0,1.018651e+00,4.772905e-02,3.397575e-02
6.000000e-01,4.700000e-01,0.0,1.009436e+00,2.365447e-02,1.596428e-02
6.100000e-01,4.700000e-01,0.0,1.002519e+00,6.207313e-03,3.921698e-03
6.200000e-01,4.700000e-01,0.0,1.000401e+00,9.870608e-04,6.023001e-04
6.300000e-01,4.700000e-01,0.0,1.000062e+00,1.570148e-04,9.689968e-05
6.400000e-01,4.700000e-01,0.0,1.000016e+00,4.033514e-05,2.524902e-05
6.500000e-01,4.700000e-01,0.0,1.000006e+00,1.496486e-05,9.339279e-06
6.600000e-01,4.700000e-01,0.0,1.000002e+00,5.536800e-06,3.432023e-06
6.700000e-01,4.700000e-01,0.0,1.000001e+00,1.631851e-06,9.978425e-07
6.800000e-01,4.700000e-01,0.0,1.000000e+00,3.858281e-07,2.311253e-07
6.900000e-01,4.700000e-01,0.0,1.000000e+00,1.008006e-07,5.890389e-08
7.000000e-01,4.700000e-01,0.0,1.000000e+00,4.358300e-08,2.442589e-08
7.100000e-01,4.700000e-01,0.0,1.000000e+00,2.809887e-08,1.479982e-08
7.200000e-01,4.700000e-01,0.0,1.000000e+00,2.031563e-08,1.026782e-08
7.300000e-01,4.700000e-01,0.0,1.000000e+00,1.481896e-08,7.334164e-09
7.400000e-01,4.700000e-01,0.0,1.000000e+00,1.071671e-08,5.224831e-09
7.500000e-01,4.700000e-01,0.0,1.000000e+00,7.674576e-09,3.691208e-09
7.600000e-01,4.700000e-01,0.0,1.000000e+00,5.440466e-09,2.583052e-09
7.700000e-01,4.700000e-01,0.0,1.000000e+00,3.813876e-09,1.788412e-09
7.800000e-01,4.700000e-01,0.0,1.000000e+00,2.640470e-09,1.223423e-09
7.900000e-01,4.700000e-01,0.0,1.000000e+00,1.803028e-09,8.257569e-10
8.000000e-01,4.700000e-01,0.0,1.000000e+00,1.212790e-09,5.491886e-10
8.100000e-01,4.700000e-01,0.0,1.000000e+00,8.026687e-10,3.594727e-10
8.200000e-01,4.700000e-01,0.0,1.000000e+00,5.221745e-10,2.313264e-10
8.300000e-01,4.700000e-01,0.0,1.000000e+00,3.336112e-10,1.462186e-10
8.400000e-01,4.700000e-01,0.0,1.000000e+00,2.091628e-10,9.071030e-11
8.500000e-01,4.700000e-01,0.0,1.000000e+00,1.286082e-10,5.519518e-11
8.600000e-01,4.700000e-01,0.0,1.000000e+00,7.751109e-11,3.292311e-11
8.700000e-01,4.700000e-01,0.0,1.000000e+00,4.576978e-11,1.924223e-11
8.800000e-01,4.700000e-01,0.0,1.000000e+00,2.647056e-11,1.101553e-11
8.900000e-01,4.700000e-01,0.0,1.000000e+00,1.498936e-11,6.174966e-12
9.000000e-01,4.700000e-01,0.0,1.000000e+00,8.308935e-12,3.388690e-12
9.100000e-01,4.700000e-01,0.0,1.000000e+00,4.507486e-12,1.820008e-12
9.200000e-01,4.700000e-01,0.0,1.000000e+00,2.392769e-12,9.564580e-13
9.300000e-01,4.700000e-01,0.0,1.000000e+00,1.243088e-12,4.921859e-13
9.400000e-01,4.700000e-01,0.0,1.000000e+00,6.316110e-13,2.476386e-13
9.500000e-01,4.700000e-01,0.0,1.000000e+00,3.141357e-13,1.217405e-13
9.600000e-01,4.700000e-01,0.0,1.000000e+00,1.525025e-13,5.833065e-14
9.700000e-01,4.700000e-01,0.0,1.000000e+00,7.217093e-14,2.740918e-14
9.800000e-01,4.700000e-01,0.0,1.000000e+00,3.243691e-14,1.254266e-14
9.900000e-01,4.700000e-01,0.0,1.000000e+00,1.265059e-14,6.217346e-15
1.000000e+00,4.700000e-01,0.0,1.000000e+00,2.812147e-15,4.865767e-15
0.000000e+00,4.800000e-01,0.0,9.762014e-01,-2.889415e-04,-5.145012e-02
1.000000e-02,4.800000e-01,0.0,9.760233e-01,-3.144101e-03,-5.238531e-02
2.000000e-02,4.800000e-01,0.0,9.774409e-01,-7.620592e-03,-4.894070e-02
3.000000e-02,4.800000e-01,0.0,9.787186e-01,-1.002083e-02,-4.556123e-02
4.000000e-02,4.800000e-01,0.0,9.803786e-01,-1.120021e-02,-4.092439e-02
5.000000e-02,4.800000e-01,0.0,9.824105e-01,-1.092785e-02,-3.573310e-02
6.000000e-02,4.800000e-01,0.0,9.846295e-01,-9.275740e-03,-3.019335e-02
7.000000e-02,4.800000e-01,0.0,9.873302e-01,-5.968517e-03,-2.336868e-02
8.000000e-02,4.800000e-01,0.0,9.907175e-01,-4.766749e-04,-1.563618e-02
9.000000e-02,4.800000e-01,0.0,9.949750e-01,7.572519e-03,-6.386629e-03
1.000000e-01,4.800000e-01,0.0,1.000197e+00,1.845642e-02,4.575219e-03
1.100000e-01,4.800000e-01,0.0,1.006367e+00,3.217762e-02,1.713249e-02
1.200000e-01,4.800000e-01,0.0,1.012982e+00,4.749189e-02,3.006062e-02
1.300000e-01,4.800000e-01,0.0,1.018560e+00,6.059576e-02,4.007508e-02
1.400000e-01,4.800000e-01,0.0,1.021481e+00,6.720073e-02,4.422883e-02
1.500000e-01,4.800000e-01,0.0,1.022191e+00,6.815269e-02,4.445607e-02
1.600000e-01,4.800000e-01,0.0,1.022200e+00,6.756211e-02,4.383493e-02
1.700000e-01,4.800000e-01,0.0,1.021316e+00,6.415237e-02,4.131617e-02
1.800000e-01,4.800000e-01,0.0,1.017026e+00,5.229046e-02,3.162519e-02
1.900000e-01,4.800000e-01,0.0,1.008069e+00,2.882276e-02,1.337393e-02
2.000000e-01,4.800000e-01,0.0,9.998542e-01,8.207727e-03,-1.702310e-03
2.100000e-01,4.800000e-01,0.0,9.967472e-01,5.774216e-04,-7.023097e-03
2.200000e-01,4.800000e-01,0.0,9.962025e-01,-7.980839e-04,-7.976959e-03
2.300000e-01,4.800000e-01,0.0,9.961689e-01,-1.027220e-03,-8.106333e-03
2.400000e-01,4.800000e-01,0.0,9.961684e-01,-1.144940e-03,-8.201510e-03
2.500000e-01,4.800000e-01,0.0,9.961462e-01,-1.309740e-03,-8.334511e-03
2.600000e-01,4.800000e-01,0.0,9.960784e-01,-1.577822e-03,-8.546835e-03
2.700000e-01,4.800000e-01,0.0,9.959639e-01,-1.948758e-03,-8.854429e-03
2.800000e-01,4.800000e-01,0.0,9.958114e-01,-2.376976e-03,-9.250454e-03
2.900000e-01,4.800000e-01,0.0,9.956278e-01,-2.846962e-03,-9.726809e-03
3.000000e-01,4.800000e-01,0.0,9.954067e-01,-3.368974e-03,-1.030036e-02
3.100000e-01,4.800000e-01,0.0,9.951313e-01,-3.974440e-03,-1.100755e-02
3.200000e-01,4.800000e-01,0.0,9.947783e-01,-4.708264e-03,-1.190608e-02
3.300000e-01,4.800000e-01,0.0,9.943169e-01,-5.628540e-03,-1.306941e-02
3.400000e-01,4.800000e-01,0.0,9.937057e-01,-6.812478e-03,-1.460263e-02
3.500000e-01,4.800000e-01,0.0,9.928945e-01,-8.362673e-03,-1.662071e-02
3.600000e-01,4.800000e-01,0.0,9.918422e-01,-1.037958e-02,-1.919422e-02
3.700000e-01,4.800000e-01,0.0,9.905733e-01,-1.287323e-02,-2.218122e-02
3.800000e-01,4.800000e-01,0.0,9.892654e-01,-1.555993e-02,-2.503881e-02
3.900000e-01,4.800000e-01,0.0,9.882431e-01,-1.787645e-02,-2.694019e-02
4.000000e-01,4.800000e-01,0.0,9.876953e-01,-1.942365e-02,-2.747770e-02
4.100000e-01,4.800000e-01,0.0,9.875178e-01,-2.033517e-02,-2.712406e-02
4.200000e-01,4.800000e-01,0.0,9.875035e-01,-2.083391e-02,-2.647211e-02
4.300000e-01,4.800000e-01,0.0,9.875913e-01,-2.111139e-02,-2.560190e-02
4.400000e-01,4.800000e-01,0.0,9.878103e-01,-2.105726e-02,-2.443885e-02
4.500000e-01,4.800000e-01,0.0,9.883703e-01,-2.019877e-02,-2.252989e-02
4.600000e-01,4.800000e-01,0.0,9.895454e-01,-1.796772e-02,-1.928425e-02
4.700000e-01,4.800000e-01,0.0,9.915529e-01,-1.384535e-02,-1.430928e-02
4.800000e-01,4.800000e-01,0.0,9.944986e-01,-7.513637e-03,-7.513637e-03
4.900000e-01,4.800000e-01,0.0,9.984907e-01,1.427839e-03,1.249054e-03
5.000000e-01,4.800000e-01,0.0,1.003829e+00,1.383737e-02,1.255075e-02
5.100000e-01,4.800000e-01,0.0,1.010772e+00,3.039872e-02,2.689388e-02
5.200000e-01,4.800000e-01,0.0,1.018369e+00,4.872410e-02,4.216821e-02
5.300000e-01,4.800000e-01,0.0,1.023858e+00,6.173193e-02,5.230202e-02
5.400000e-01,4.800000e-01,0.0,1.025867e+00,6.632057e-02,5.486181e-02
5.500000e-01,4.800000e-01,0.0,1.026090e+00,6.676285e-02,5.405685e-02
5.600000e-01,4.800000e-01,0.0,1.025836e+00,6.612779e-02,5.228354e-02
5.700000e-01,4.800000e-01,0.0,1.024738e+00,6.290237e-02,4.904647e-02
5.800000e-01,4.800000e-01,0.0,1.020640e+00,5.202094e-02,3.937667e-02
5.900000e-01,4.800000e-01,0.0,1.011955e+00,2.954157e-02,2.133528e-02
6.000000e-01,4.800000e-01,0.0,1.003744e+00,9.058634e-03,6.134854e-03
6.100000e-01,4.800000e-01,0.0,1.000649e+00,1.561810e-03,1.010801e-03
6.200000e-01,4.800000e-01,0.0,1.000097e+00,2.377488e-04,1.541825e-04
6.300000e-01,4.800000e-01,0.0,1.000022e+00,5.600110e-05,3.691181e-05
6.400000e-01,4.800000e-01,0.0,1.000008e+00,2.047588e-05,1.346670e-05
6.500000e-01,4.800000e-01,0.0,1.000003e+00,7.922795e-06,5.169500e-06
6.600000e-01,4.800000e-01,0.0,1.000001e+00,2.483647e-06,1.599399e-06
6.700000e-01,4.800000e-01,0.0,1.000000e+00,5.997597e-07,3.783787e-07
6.800000e-01,4.800000e-01,0.0,1.000000e+00,1.433602e-07,8.837977e-08
6.900000e-01,4.800000e-01,0.0,1.000000e+00,5.342799e-08,3.184278e-08
7.000000e-01,4.800000e-01,0.0,1.000000e+00,3.222470e-08,1.815685e-08
7.100000e-01,4.800000e-01,0.0,1.000000e+00,2.311399e-08,1.241206e-08
7.200000e-01,4.800000e-01,0.0,1.000000e+00,1.694001e-08,8.869872e-09
7.300000e-01,4.800000e-01,0.0,1.000000e+00,1.231887e-08,6.343674e-09
7.400000e-01,4.800000e-01,0.0,1.000000e+00,8.870274e-09,4.501641e-09
7.500000e-01,4.800000e-01,0.0,1.000000e+00,6.324535e-09,3.165700e-09
7.600000e-01,4.800000e-01,0.0,1.000000e+00,4.461734e-09,2.204021e-09
7.700000e-01,4.800000e-01,0.0,1.000000e+00,3.110434e-09,1.517173e-09
7.800000e-01,4.800000e-01,0.0,1.000000e+00,2.139910e-09,1.031122e-09
7.900000e-01,4.800000e-01,0.0,1.000000e+00,1.450991e-09,6.909444e-10
8.000000e-01,4.800000e-01,0.0,1.000000e+00,9.685257e-10,4.559192e-10
8.100000e-01,4.800000e-01,0.0,1.000000e+00,6.357296e-10,2.959084e-10
8.200000e-01,4.800000e-01,0.0,1.000000e+00,4.099604e-10,1.887222e-10
8.300000e-01,4.800000e-01,0.0,1.000000e+00,2.595181e-10,1.181734e-10
8.400000e-01,4.800000e-01,0.0,1.000000e+00,1.611575e-10,7.259977e-11
8.500000e-01,4.800000e-01,0.0,1.000000e+00,9.811635e-11,4.373281e-11
8.600000e-01,4.800000e-01,0.0,1.000000e+00,5.853674e-11,2.581841e-11
8.700000e-01,4.800000e-01,0.0,1.000000e+00,3.420890e-11,1.493187e-11
8.800000e-01,4.800000e-01,0.0,1.000000e+00,1.957690e-11,8.457169e-12
8.900000e-01,4.800000e-01,0.0,1.000000e+00,1.096778e-11,4.689546e-12
9.000000e-01,4.800000e-01,0.0,1.000000e+00,6.013991e-12,2.545613e-12
9.100000e-01,4.800000e-01,0.0,1.000000e+00,3.227149e-12,1.352296e-12
9.200000e-01,4.800000e-01,0.0,1.000000e+00,1.694666e-12,7.029478e-13
9.300000e-01,4.800000e-01,0.0,1.000000e+00,8.703787e-13,3.576435e-13
9.400000e-01,4.800000e-01,0.0,1.000000e+00,4.373869e-13,1.778523e-13
9.500000e-01,4.800000e-01,0.0,1.000000e+00,2.147780e-13,8.649508e-14
9.600000e-01,4.800000e-01,0.0,1.000000e+00,1.030933e-13,4.086984e-14
9.700000e-01,4.800000e-01,0.0,1.000000e+00,4.811482e-14,1.886744e-14
9.800000e-01,4.800000e-01,0.0,1.000000e+00,2.162479e-14,8.541797e-15
9.900000e-01,4.800000e-01,0.0,1.000000e+00,8.325486e-15,4.379313e-15
1.000000e+00,4.800000e-01,0.0,1.000000e+00,1.514233e-15,3.460264e-15
0.000000e+00,4.900000e-01,0.0,9.750029e-01,-3.443238e-04,-5.419761e-02
1.000000e-02,4.900000e-01,0.0,9.751718e-01,-1.483969e-03,-5.415228e-02
2.000000e-02,4.900000e-01,0.0,9.765366e-01,-4.320171e-03,-5.099181e-02
3.000000e-02,4.900000e-01,0.0,9.781783e-01,-5.570681e-03,-4.698696e-02
4.000000e-02,4.900000e-01,0.0,9.802627e-01,-5.784231e-03,-4.167077e-02
5.000000e-02,4.900000e-01,0.0,9.826541e-01,-4.934238e-03,-3.587698e-02
6.000000e-02,4.900000e-01,0.0,9.855281e-01,-2.519850e-03,-2.889667e-02
7.000000e-02,4.900000e-01,0.0,9.890572e-01,2.117703e-03,-2.029777e-02
8.000000e-02,4.900000e-01,0.0,9.933916e-01,9.143013e-03,-1.044446e-02
9.000000e-02,4.900000e-01,0.0,9.985875e-01,1.877501e-02,8.665776e-04
1.000000e-01,4.900000e-01,0.0,1.004618e+00,3.109693e-02,1.360108e-02
1.100000e-01,4.900000e-01,0.0,1.011133e+00,4.524189e-02,2.680946e-02
1.200000e-01,4.900000e-01,0.0,1.016878e+00,5.811746e-02,3.776528e-02
1.300000e-01,4.900000e-01,0.0,1.020404e+00,6.587499e-02,4.346086e-02
1.400000e-01,4.900000e-01,0.0,1.021703e+00,6.815918e-02,4.484866e-02
1.500000e-01,4.900000e-01,0.0,1.021956e+00,6.777456e-02,4.451523e-02
1.600000e-01,4.900000e-01,0.0,1.021453e+00,6.524466e-02,4.255672e-02
1.700000e-01,4.900000e-01,0.0,1.018072e+00,5.573751e-02,3.459411e-02
1.800000e-01,4.900000e-01,0.0,1.009804e+00,3.419874e-02,1.690832e-02
1.900000e-01,4.900000e-01,0.0,1.000670e+00,1.150033e-02,-7.697974e-04
2.000000e-01,4.900000e-01,0.0,9.964774e-01,1.355640e-03,-8.184638e-03
2.100000e-01,4.900000e-01,0.0,9.956356e-01,-7.018317e-04,-9.646099e-03
2.200000e-01,4.900000e-01,0.0,9.955960e-01,-9.915395e-04,-9.770135e-03
2.300000e-01,4.900000e-01,0.0,9.956146e-01,-1.094960e-03,-9.826722e-03
2.400000e-01,4.900000e-01,0.0,9.956085e-01,-1.231050e-03,-9.945199e-03
2.500000e-01,4.900000e-01,0.0,9.955475e-01,-1.490574e-03,-1.015665e-02
2.600000e-01,4.900000e-01,0.0,9.954218e-01,-1.882422e-03,-1.050110e-02
2.700000e-01,4.900000e-01,0.0,9.952423e-01,-2.359446e-03,-1.097252e-02
2.800000e-01,4.900000e-01,0.0,9.950205e-01,-2.888134e-03,-1.156087e-02
2.900000e-01,4.900000e-01,0.0,9.947520e-01,-3.473265e-03,-1.227600e-02
3.000000e-01,4.900000e-01,0.0,9.944183e-01,-4.152847e-03,-1.316225e-02
3.100000e-01,4.900000e-01,0.0,9.939926e-01,-4.979677e-03,-1.428155e-02
3.200000e-01,4.900000e-01,0.0,9.934446e-01,-6.011981e-03,-1.570516e-02
3.300000e-01,4.900000e-01,0.0,9.927451e-01,-7.312477e-03,-1.750075e-02
3.400000e-01,4.900000e-01,0.0,9.918729e-01,-8.934757e-03,-1.970282e-02
3.500000e-01,4.900000e-01,0.0,9.908435e-01,-1.088873e-02,-2.221920e-02
3.600000e-01,4.900000e-01,0.0,9.897487e-01,-1.304916e-02,-2.475632e-02
3.700000e-01,4.900000e-01,0.0,9.887788e-01,-1.516431e-02,-2.680322e-02
3.800000e-01,4.900000e-01,0.0,9.880901e-01,-1.688380e-02,-2.789576e-02
3.900000e-01,4.900000e-01,0.0,9.877381e-01,-1.815628e-02,-2.804599e-02
4.000000e-01,4.900000e-01,0.0,9.875955e-01,-1.905741e-02,-2.766721e-02
4.100000e-01,4.900000e-01,0.0,9.875655e-01,-1.963886e-02,-2.706688e-02
4.200000e-01,4.900000e-01,0.0,9.876657e-01,-1.996064e-02,-2.614667e-02
4.300000e-01,4.900000e-01,0.0,9.879253e-01,-1.989494e-02,-2.486531e-02
4.400000e-01,4.900000e-01,0.0,9.885455e-01,-1.900253e-02,-2.279174e-02
4.500000e-01,4.900000e-01,0.0,9.897672e-01,-1.681602e-02,-1.935656e-02
4.600000e-01,4.900000e-01,0.0,9.917735e-01,-1.290429e-02,-1.423904e-02
4.700000e-01,4.900000e-01,0.0,9.946491e-01,-7.001600e-03,-7.351355e-03
4.800000e-01,4.900000e-01,0.0,9.984907e-01,1.249054e-03,1.427839e-03
4.900000e-01,4.900000e-01,0.0,1.003595e+00,1.268990e-02,1.268990e-02
5.000000e-01,4.900000e-01,0.0,1.010292e+00,2.819959e-02,2.705653e-02
5.100000e-01,4.900000e-01,0.0,1.017860e+00,4.606054e-02,4.282858e-02
5.200000e-01,4.900000e-01,0.0,1.023654e+00,5.958026e-02,5.395792e-02
5.300000e-01,4.900000e-01,0.0,1.025940e+00,6.480449e-02,5.715888e-02
5.400000e-01,4.900000e-01,0.0,1.026235e+00,6.553488e-02,5.641380e-02
5.500000e-01,4.900000e-01,0.0,1.026045e+00,6.522616e-02,5.468832e-02
5.600000e-01,4.900000e-01,0.0,1.025263e+00,6.302246e-02,5.195033e-02
5.700000e-01,4.900000e-01,0.0,1.022073e+00,5.468753e-02,4.388147e-02
5.800000e-01,4.900000e-01,0.0,1.014201e+00,3.454521e-02,2.660387e-02
5.900000e-01,4.900000e-01,0.0,1.005137e+00,1.219398e-02,8.850692e-03
6.000000e-01,4.900000e-01,0.0,1.000983e+00,2.309908e-03,1.591783e-03
6.100000e-01,4.900000e-01,0.0,1.000145e+00,3.458567e-04,2.363410e-04
6.200000e-01,4.900000e-01,0.0,1.000030e+00,7.526552e-05,5.222172e-05
6.300000e-01,4.900000e-01,0.0,1.000011e+00,2.690093e-05,1.863913e-05
6.400000e-01,4.900000e-01,0.0,1.000004e+00,1.079872e-05,7.412661e-06
6.500000e-01,4.900000e-01,0.0,1.000001e+00,3.594541e-06,2.435320e-06
6.600000e-01,4.900000e-01,0.0,1.000000e+00,8.997779e-07,5.972202e-07
6.700000e-01,4.900000e-01,0.0,1.000000e+00,2.040270e-07,1.324248e-07
6.800000e-01,4.900000e-01,0.0,1.000000e+00,6.622758e-08,4.175426e-08
6.900000e-01,4.900000e-01,0.0,1.000000e+00,3.678736e-08,2.211135e-08
7.000000e-01,4.900000e-01,0.0,1.000000e+00,2.600728e-08,1.484720e-08
7.100000e-01,4.900000e-01,0.0,1.000000e+00,1.913862e-08,1.060380e-08
7.200000e-01,4.900000e-01,0.0,1.000000e+00,1.399780e-08,7.612443e-09
7.300000e-01,4.900000e-01,0.0,1.000000e+00,1.013451e-08,5.425458e-09
7.400000e-01,4.900000e-01,0.0,1.000000e+00,7.266624e-09,3.833176e-09
7.500000e-01,4.900000e-01,0.0,1.000000e+00,5.157504e-09,2.682662e-09
7.600000e-01,4.900000e-01,0.0,1.000000e+00,3.619295e-09,1.857489e-09
7.700000e-01,4.900000e-01,0.0,1.000000e+00,2.507857e-09,1.270631e-09
7.800000e-01,4.900000e-01,0.0,1.000000e+00,1.713565e-09,8.574949e-10
7.900000e-01,4.900000e-01,0.0,1.000000e+00,1.153140e-09,5.701531e-10
8.000000e-01,4.900000e-01,0.0,1.000000e+00,7.634199e-10,3.730668e-10
8.100000e-01,4.900000e-01,0.0,1.000000e+00,4.967260e-10,2.399733e-10
8.200000e-01,4.900000e-01,0.0,1.000000e+00,3.173721e-10,1.516101e-10
8.300000e-01,4.900000e-01,0.0,1.000000e+00,1.989756e-10,9.400421e-11
8.400000e-01,4.900000e-01,0.0,1.000000e+00,1.223312e-10,5.716620e-11
8.500000e-01,4.900000e-01,0.0,1.000000e+00,7.371482e-11,3.407745e-11
8.600000e-01,4.900000e-01,0.0,1.000000e+00,4.351770e-11,1.990362e-11
8.700000e-01,4.900000e-01,0.0,1.000000e+00,2.516035e-11,1.138632e-11
8.800000e-01,4.900000e-01,0.0,1.000000e+00,1.424239e-11,6.378423e-12
8.900000e-01,4.900000e-01,0.0,1.000000e+00,7.891662e-12,3.497368e-12
9.000000e-01,4.900000e-01,0.0,1.000000e+00,4.279413e-12,1.877050e-12
9.100000e-01,4.900000e-01,0.0,1.000000e+00,2.270514e-12,9.858714e-13
9.200000e-01,4.900000e-01,0.0,1.000000e+00,1.178715e-12,5.065683e-13
9.300000e-01,4.900000e-01,0.0,1.000000e+00,5.985317e-13,2.547216e-13
9.400000e-01,4.900000e-01,0.0,1.000000e+00,2.971630e-13,1.249845e-13
9.500000e-01,4.900000e-01,0.0,1.000000e+00,1.443406e-13,6.000688e-14
9.600000e-01,4.900000e-01,0.0,1.000000e+00,6.827934e-14,2.821995e-14
9.700000e-01,4.900000e-01,0.0,1.000000e+00,3.157216e-14,1.297508e-14
9.800000e-01,4.900000e-01,0.0,1.000000e+00,1.400233e-14,5.838921e-15
9.900000e-01,4.900000e-01,0.0,1.000000e+00,5.514561e-15,2.865431e-15
1.000000e+00,4.900000e-01,0.0,1.000000e+00,9.734356e-16,2.487161e-15
0.000000e+00,5.000000e-01,0.0,9.748449e-01,-1.858733e-04,-5.445909e-02
1.000000e-02,5.000000e-01,0.0,9.751328e-01,1.541957e-04,-5.409730e-02
2.000000e-02,5.000000e-01,0.0,9.764572e-01,-5.995608e-04,-5.116277e-02
3.000000e-02,5.000000e-01,0.0,9.782688e-01,-7.462667e-04,-4.705384e-02
4.000000e-02,5.000000e-01,0.0,9.805404e-01,7.559421e-05,-4.151376e-02
5.000000e-02,5.000000e-01,0.0,9.834030e-01,2.100565e-03,-3.468873e-02
6.000000e-02,5.000000e-01,0.0,9.870433e-01,6.020144e-03,-2.619397e-02
7.000000e-02,5.000000e-01,0.0,9.914598e-01,1.223592e-02,-1.569257e-02
8.000000e-02,5.000000e-01,0.0,9.966520e-01,2.075598e-02,-3.933133e-03
9.000000e-02,5.000000e-01,0.0,1.002562e+00,3.161251e-02,8.875056e-03
1.000000e-01,5.000000e-01,0.0,1.008935e+00,4.436823e-02,2.221103e-02
1.100000e-01,5.000000e-01,0.0,1.014786e+00,5.661202e-02,3.381378e-02
1.200000e-01,5.000000e-01,0.0,1.018697e+00,6.465510e-02,4.065234e-02
1.300000e-01,5.000000e-01,0.0,1.020660e+00,6.816857e-02,4.360235e-02
1.400000e-01,5.000000e-01,0.0,1.021290e+00,6.818874e-02,4.414876e-02
1.500000e-01,5.000000e-01,0.0,1.020990e+00,6.616265e-02,4.240126e-02
1.600000e-01,5.000000e-01,0.0,1.018265e+00,5.798983e-02,3.546656e-02
1.700000e-01,5.000000e-01,0.0,1.010750e+00,3.848977e-02,1.874168e-02
1.800000e-01,5.000000e-01,0.0,1.001189e+00,1.491936e-02,-5.670836e-04
1.900000e-01,5.000000e-01,0.0,9.959800e-01,2.404007e-03,-1.019540e-02
2.000000e-01,5.000000e-01,0.0,9.947804e-01,-5.100484e-04,-1.220507e-02
2.100000e-01,5.000000e-01,0.0,9.947335e-01,-9.238073e-04,-1.230295e-02
2.200000e-01,5.000000e-01,0.0,9.947806e-01,-1.046962e-03,-1.228763e-02
2.300000e-01,5.000000e-01,0.0,9.947959e-01,-1.173093e-03,-1.237431e-02
2.400000e-01,5.000000e-01,0.0,9.947457e-01,-1.421461e-03,-1.258631e-02
2.500000e-01,5.000000e-01,0.0,9.946105e-01,-1.850671e-03,-1.297178e-02
2.600000e-01,5.000000e-01,0.0,9.943961e-01,-2.395711e-03,-1.354084e-02
2.700000e-01,5.000000e-01,0.0,9.941259e-01,-3.011468e-03,-1.426186e-02
2.800000e-01,5.000000e-01,0.0,9.938004e-01,-3.686372e-03,-1.514347e-02
2.900000e-01,5.000000e-01,0.0,9.934020e-01,-4.459226e-03,-1.621971e-02
3.000000e-01,5.000000e-01,0.0,9.929067e-01,-5.384276e-03,-1.754383e-02
3.100000e-01,5.000000e-01,0.0,9.922952e-01,-6.508016e-03,-1.915093e-02
3.200000e-01,5.000000e-01,0.0,9.915628e-01,-7.857761e-03,-2.104087e-02
3.300000e-01,5.000000e-01,0.0,9.907304e-01,-9.430445e-03,-2.312594e-02
3.400000e-01,5.000000e-01,0.0,9.898579e-01,-1.115101e-02,-2.520702e-02
3.500000e-01,5.000000e-01,0.0,9.890594e-01,-1.288801e-02,-2.696990e-02
3.600000e-01,5.000000e-01,0.0,9.884334e-01,-1.444272e-02,-2.810703e-02
3.700000e-01,5.000000e-01,0.0,9.880362e-01,-1.576679e-02,-2.852826e-02
3.800000e-01,5.000000e-01,0.0,9.878177e-01,-1.685150e-02,-2.842426e-02
3.900000e-01,5.000000e-01,0.0,9.876938e-01,-1.775574e-02,-2.806525e-02
4.000000e-01,5.000000e-01,0.0,9.876677e-01,-1.838089e-02,-2.747056e-02
4.100000e-01,5.000000e-01,0.0,9.877930e-01,-1.872495e-02,-2.647890e-02
4.200000e-01,5.000000e-01,0.0,9.881237e-01,-1.858834e-02,-2.501700e-02
4.300000e-01,5.000000e-01,0.0,9.888466e-01,-1.758450e-02,-2.266755e-02
4.400000e-01,5.000000e-01,0.0,9.901650e-01,-1.535205e-02,-1.893618e-02
4.500000e-01,5.000000e-01,0.0,9.922284e-01,-1.152773e-02,-1.354193e-02
4.600000e-01,5.000000e-01,0.0,9.951051e-01,-5.892096e-03,-6.440658e-03
4.700000e-01,5.000000e-01,0.0,9.988800e-01,1.873948e-03,2.502529e-03
4.800000e-01,5.000000e-01,0.0,1.003829e+00,1.255075e-02,1.383737e-02
4.900000e-01,5.000000e-01,0.0,1.010292e+00,2.705653e-02,2.819959e-02
5.000000e-01,5.000000e-01,0.0,1.017684e+00,4.410563e-02,4.410563e-02
5.100000e-01,5.000000e-01,0.0,1.023548e+00,5.756623e-02,5.569770e-02
5.200000e-01,5.000000e-01,0.0,1.025980e+00,6.310822e-02,5.929954e-02
5.300000e-01,5.000000e-01,0.0,1.026315e+00,6.404784e-02,5.858679e-02
5.400000e-01,5.000000e-01,0.0,1.026176e+00,6.398922e-02,5.691090e-02
5.500000e-01,5.000000e-01,0.0,1.025595e+00,6.251261e-02,5.444901e-02
5.600000e-01,5.000000e-01,0.0,1.023050e+00,5.602144e-02,4.755585e-02
5.700000e-01,5.000000e-01,0.0,1.016030e+00,3.831093e-02,3.137090e-02
5.800000e-01,5.000000e-01,0.0,1.006550e+00,1.524032e-02,1.183688e-02
5.900000e-01,5.000000e-01,0.0,1.001387e+00,3.179954e-03,2.340033e-03
6.000000e-01,5.000000e-01,0.0,1.000206e+00,4.790910e-04,3.462132e-04
6.100000e-01,5.000000e-01,0.0,1.000040e+00,9.764622e-05,7.135375e-05
6.200000e-01,5.000000e-01,0.0,1.000014e+00,3.397852e-05,2.479783e-05
6.300000e-01,5.000000e-01,0.0,1.000006e+00,1.405138e-05,1.014390e-05
6.400000e-01,5.000000e-01,0.0,1.000002e+00,4.947211e-06,3.523353e-06
6.500000e-01,5.000000e-01,0.0,1.000001e+00,1.293761e-06,9.027394e-07
6.600000e-01,5.000000e-01,0.0,1.000000e+00,2.863372e-07,1.953857e-07
6.700000e-01,5.000000e-01,0.0,1.000000e+00,8.264674e-08,5.493995e-08
6.800000e-01,5.000000e-01,0.0,1.000000e+00,4.184365e-08,2.672022e-08
6.900000e-01,5.000000e-01,0.0,1.000000e+00,2.894398e-08,1.756420e-08
7.000000e-01,5.000000e-01,0.0,1.000000e+00,2.136390e-08,1.252722e-08
7.100000e-01,5.000000e-01,0.0,1.000000e+00,1.571859e-08,9.026855e-09
7.200000e-01,5.000000e-01,0.0,1.000000e+00,1.144426e-08,6.461577e-09
7.300000e-01,5.000000e-01,0.0,1.000000e+00,8.251434e-09,4.585915e-09
7.400000e-01,5.000000e-01,0.0,1.000000e+00,5.891047e-09,3.225421e-09
7.500000e-01,5.000000e-01,0.0,1.000000e+00,4.160438e-09,2.245691e-09
7.600000e-01,5.000000e-01,0.0,1.000000e+00,2.902672e-09,1.545637e-09
7.700000e-01,5.000000e-01,0.0,1.000000e+00,1.997964e-09,1.050108e-09
7.800000e-01,5.000000e-01,0.0,1.000000e+00,1.355062e-09,7.032980e-10
7.900000e-01,5.000000e-01,0.0,1.000000e+00,9.045075e-10,4.637548e-10
8.000000e-01,5.000000e-01,0.0,1.000000e+00,5.936083e-10,3.007502e-10
8.100000e-01,5.000000e-01,0.0,1.000000e+00,3.826747e-10,1.916347e-10
8.200000e-01,5.000000e-01,0.0,1.000000e+00,2.421374e-10,1.198769e-10
8.300000e-01,5.000000e-01,0.0,1.000000e+00,1.502818e-10,7.356806e-11
8.400000e-01,5.000000e-01,0.0,1.000000e+00,9.143640e-11,4.426633e-11
8.500000e-01,5.000000e-01,0.0,1.000000e+00,5.451240e-11,2.610274e-11
8.600000e-01,5.000000e-01,0.0,1.000000e+00,3.183258e-11,1.507765e-11
8.700000e-01,5.000000e-01,0.0,1.000000e+00,1.820181e-11,8.529147e-12
8.800000e-01,5.000000e-01,0.0,1.000000e+00,1.018806e-11,4.723700e-12
8.900000e-01,5.000000e-01,0.0,1.000000e+00,5.581287e-12,2.560609e-12
9.000000e-01,5.000000e-01,0.0,1.000000e+00,2.992143e-12,1.358416e-12
9.100000e-01,5.000000e-01,0.0,1.000000e+00,1.569161e-12,7.053855e-13
9.200000e-01,5.000000e-01,0.0,1.000000e+00,8.049756e-13,3.580787e-13
9.300000e-01,5.000000e-01,0.0,1.000000e+00,4.038741e-13,1.775832e-13
9.400000e-01,5.000000e-01,0.0,1.000000e+00,1.980755e-13,8.627935e-14
9.500000e-01,5.000000e-01,0.0,1.000000e+00,9.520129e-14,4.087013e-14
9.600000e-01,5.000000e-01,0.0,1.000000e+00,4.438477e-14,1.886759e-14
9.700000e-01,5.000000e-01,0.0,1.000000e+00,2.027351e-14,8.650080e-15
9.800000e-01,5.000000e-01,0.0,1.000000e+00,8.866391e-15,3.838506e-15
9.900000e-01,5.000000e-01,0.0,1.000000e+00,3.784496e-15,1.784250e-15
1.000000e+00,5.000000e-01,0.0,1.000000e+00,9.734356e-16,1.297636e-15
0.000000e+00,5.100000e-01,0.0,9.759065e-01,-2.284065e-05,-5.208081e-02
1.000000e-02,5.100000e-01,0.0,9.762017e-01,1.623751e-03,-5.152956e-02
2.000000e-02,5.100000e-01,0.0,9.772711e-01,3.188257e-03,-4.926431e-02
3.000000e-02,5.100000e-01,0.0,9.792889e-01,4.356159e-03,-4.474639e-02
4.000000e-02,5.100000e-01,0.0,9.819356e-01,6.766431e-03,-3.842538e-02
5.000000e-02,5.100000e-01,0.0,9.854213e-01,1.060213e-02,-3.024882e-02
6.000000e-02,5.100000e-01,0.0,9.897510e-01,1.623674e-02,-2.040046e-02
7.000000e-02,5.100000e-01,0.0,9.948276e-01,2.388137e-02,-8.611403e-03
8.000000e-02,5.100000e-01,0.0,1.000500e+00,3.349686e-02,4.097332e-03
9.000000e-02,5.100000e-01,0.0,1.006600e+00,4.475345e-02,1.702361e-02
1.000000e-01,5.100000e-01,0.0,1.012398e+00,5.615840e-02,2.884260e-02
1.100000e-01,5.100000e-01,0.0,1.016571e+00,6.410827e-02,3.644974e-02
1.200000e-01,5.100000e-01,0.0,1.018924e+00,6.805560e-02,4.037476e-02
1.300000e-01,5.100000e-01,0.0,1.019884e+00,6.857147e-02,4.152445e-02
1.400000e-01,5.100000e-01,0.0,1.019693e+00,6.690012e-02,3.987930e-02
1.500000e-01,5.100000e-01,0.0,1.017319e+00,5.960436e-02,3.354354e-02
1.600000e-01,5.100000e-01,0.0,1.010491e+00,4.175590e-02,1.758985e-02
1.700000e-01,5.100000e-01,0.0,1.000991e+00,1.832342e-02,-2.280191e-03
1.800000e-01,5.100000e-01,0.0,9.950335e-01,3.857134e-03,-1.360754e-02
1.900000e-01,5.100000e-01,0.0,9.934620e-01,-8.578560e-05,-1.623484e-02
2.000000e-01,5.100000e-01,0.0,9.934256e-01,-7.275443e-04,-1.618256e-02
2.100000e-01,5.100000e-01,0.0,9.935174e-01,-9.222415e-04,-1.604109e-02
2.200000e-01,5.100000e-01,0.0,9.935614e-01,-1.085056e-03,-1.606359e-02
2.300000e-01,5.100000e-01,0.0,9.935366e-01,-1.346662e-03,-1.623371e-02
2.400000e-01,5.100000e-01,0.0,9.934075e-01,-1.823402e-03,-1.662626e-02
2.500000e-01,5.100000e-01,0.0,9.931704e-01,-2.461149e-03,-1.725938e-02
2.600000e-01,5.100000e-01,0.0,9.928600e-01,-3.180015e-03,-1.808560e-02
2.700000e-01,5.100000e-01,0.0,9.924952e-01,-3.953197e-03,-1.906956e-02
2.800000e-01,5.100000e-01,0.0,9.920661e-01,-4.810431e-03,-2.022911e-02
2.900000e-01,5.100000e-01,0.0,9.915588e-01,-5.797690e-03,-2.157839e-02
3.000000e-01,5.100000e-01,0.0,9.909738e-01,-6.933680e-03,-2.310099e-02
3.100000e-01,5.100000e-01,0.0,9.903353e-01,-8.210137e-03,-2.470650e-02
3.200000e-01,5.100000e-01,0.0,9.896893e-01,-9.579695e-03,-2.625061e-02
3.300000e-01,5.100000e-01,0.0,9.891005e-01,-1.096344e-02,-2.754772e-02
3.400000e-01,5.100000e-01,0.0,9.886251e-01,-1.227396e-02,-2.841911e-02
3.500000e-01,5.100000e-01,0.0,9.882919e-01,-1.347475e-02,-2.881297e-02
3.600000e-01,5.100000e-01,0.0,9.880766e-01,-1.455516e-02,-2.882967e-02
3.700000e-01,5.100000e-01,0.0,9.879253e-01,-1.555763e-02,-2.863787e-02
3.800000e-01,5.100000e-01,0.0,9.878130e-01,-1.645076e-02,-2.828777e-02
3.900000e-01,5.100000e-01,0.0,9.878272e-01,-1.705129e-02,-2.763450e-02
4.000000e-01,5.100000e-01,0.0,9.880040e-01,-1.737864e-02,-2.649958e-02
4.100000e-01,5.100000e-01,0.0,9.884463e-01,-1.709713e-02,-2.476727e-02
4.200000e-01,5.100000e-01,0.0,9.893179e-01,-1.591964e-02,-2.202781e-02
4.300000e-01,5.100000e-01,0.0,9.907787e-01,-1.356361e-02,-1.787291e-02
4.400000e-01,5.100000e-01,0.0,9.929503e-01,-9.728692e-03,-1.211052e-02
4.500000e-01,5.100000e-01,0.0,9.958839e-01,-4.229547e-03,-4.671763e-03
4.600000e-01,5.100000e-01,0.0,9.996616e-01,3.222592e-03,4.546994e-03
4.700000e-01,5.100000e-01,0.0,1.004526e+00,1.332725e-02,1.606980e-02
4.800000e-01,5.100000e-01,0.0,1.010772e+00,2.689388e-02,3.039872e-02
4.900000e-01,5.100000e-01,0.0,1.017860e+00,4.282858e-02,4.606054e-02
5.000000e-01,5.100000e-01,0.0,1.023548e+00,5.569770e-02,5.756623e-02
5.100000e-01,5.100000e-01,0.0,1.025989e+00,6.127149e-02,6.127149e-02
5.200000e-01,5.100000e-01,0.0,1.026353e+00,6.239370e-02,6.056746e-02
5.300000e-01,5.100000e-01,0.0,1.026245e+00,6.249702e-02,5.894931e-02
5.400000e-01,5.100000e-01,0.0,1.025784e+00,6.151905e-02,5.663142e-02
5.500000e-01,5.100000e-01,0.0,1.023672e+00,5.631644e-02,5.051405e-02
5.600000e-01,5.100000e-01,0.0,1.017385e+00,4.073474e-02,3.537580e-02
5.700000e-01,5.100000e-01,0.0,1.007826e+00,1.782067e-02,1.478061e-02
5.800000e-01,5.100000e-01,0.0,1.001822e+00,4.069194e-03,3.203412e-03
5.900000e-01,5.100000e-01,0.0,1.000278e+00,6.271300e-04,4.810649e-04
6.000000e-01,5.100000e-01,0.0,1.000052e+00,1.218063e-04,9.386183e-05
6.100000e-01,5.100000e-01,0.0,1.000017e+00,4.128335e-05,3.173330e-05
6.200000e-01,5.100000e-01,0.0,1.000007e+00,1.748988e-05,1.327632e-05
6.300000e-01,5.100000e-01,0.0,1.000003e+00,6.480928e-06,4.848811e-06
6.400000e-01,5.100000e-01,0.0,1.000001e+00,1.776105e-06,1.301967e-06
6.500000e-01,5.100000e-01,0.0,1.000000e+00,3.916095e-07,2.806575e-07
6.600000e-01,5.100000e-01,0.0,1.000000e+00,1.030826e-07,7.210746e-08
6.700000e-01,5.100000e-01,0.0,1.000000e+00,4.741619e-08,3.203988e-08
6.800000e-01,5.100000e-01,0.0,1.000000e+00,3.186877e-08,2.053452e-08
6.900000e-01,5.100000e-01,0.0,1.000000e+00,2.355689e-08,1.461945e-08
7.000000e-01,5.100000e-01,0.0,1.000000e+00,1.743836e-08,1.057439e-08
7.100000e-01,5.100000e-01,0.0,1.000000e+00,1.277028e-08,7.603386e-09
7.200000e-01,5.100000e-01,0.0,1.000000e+00,9.259145e-09,5.420691e-09
7.300000e-01,5.100000e-01,0.0,1.000000e+00,6.648934e-09,3.830939e-09
7.400000e-01,5.100000e-01,0.0,1.000000e+00,4.724842e-09,2.681458e-09
7.500000e-01,5.100000e-01,0.0,1.000000e+00,3.318401e-09,1.856382e-09
7.600000e-01,5.100000e-01,0.0,1.000000e+00,2.300359e-09,1.269308e-09
7.700000e-01,5.100000e-01,0.0,1.000000e+00,1.571921e-09,8.559861e-10
7.800000e-01,5.100000e-01,0.0,1.000000e+00,1.057600e-09,5.686088e-10
7.900000e-01,5.100000e-01,0.0,1.000000e+00,6.998520e-10,3.716315e-10
8.000000e-01,5.100000e-01,0.0,1.000000e+00,4.550668e-10,2.387405e-10
8.100000e-01,5.100000e-01,0.0,1.000000e+00,2.905166e-10,1.506177e-10
8.200000e-01,5.100000e-01,0.0,1.000000e+00,1.819649e-10,9.324797e-11
8.300000e-01,5.100000e-01,0.0,1.000000e+00,1.117536e-10,5.661605e-11
8.400000e-01,5.100000e-01,0.0,1.000000e+00,6.726320e-11,3.369373e-11
8.500000e-01,5.100000e-01,0.0,1.000000e+00,3.965981e-11,1.964632e-11
8.600000e-01,5.100000e-01,0.0,1.000000e+00,2.290016e-11,1.121960e-11
8.700000e-01,5.100000e-01,0.0,1.000000e+00,1.294550e-11,6.273793e-12
8.800000e-01,5.100000e-01,0.0,1.000000e+00,7.162768e-12,3.434052e-12
8.900000e-01,5.100000e-01,0.0,1.000000e+00,3.878147e-12,1.839446e-12
9.000000e-01,5.100000e-01,0.0,1.000000e+00,2.054850e-12,9.643118e-13
9.100000e-01,5.100000e-01,0.0,1.000000e+00,1.064772e-12,4.947881e-13
9.200000e-01,5.100000e-01,0.0,1.000000e+00,5.396134e-13,2.481827e-13
9.300000e-01,5.100000e-01,0.0,1.000000e+00,2.673790e-13,1.215798e-13
9.400000e-01,5.100000e-01,0.0,1.000000e+00,1.294752e-13,5.827720e-14
9.500000e-01,5.100000e-01,0.0,1.000000e+00,6.135996e-14,2.713873e-14
9.600000e-01,5.100000e-01,0.0,1.000000e+00,2.865329e-14,1.254241e-14
9.700000e-01,5.100000e-01,0.0,1.000000e+00,1.275887e-14,5.460312e-15
9.800000e-01,5.100000e-01,0.0,1.000000e+00,5.568578e-15,2.541121e-15
9.900000e-01,5.100000e-01,0.0,1.000000e+00,2.270838e-15,1.297718e-15
1.000000e+00,5.100000e-01,0.0,1.000000e+00,5.407975e-16,8.651881e-16
0.000000e+00,5.200000e-01,0.0,9.787833e-01,4.460385e-05,-4.497214e-02
1.000000e-02,5.200000e-01,0.0,9.791785e-01,3.057989e-03,-4.375917e-02
2.000000e-02,5.200000e-01,0.0,9.801291e-01,6.657439e-03,-4.193185e-02
3.000000e-02,5.200000e-01,0.0,9.822635e-01,1.011841e-02,-3.715879e-02
4.000000e-02,5.200000e-01,0.0,9.853245e-01,1.442001e-02,-2.996342e-02
5.000000e-02,5.200000e-01,0.0,9.892086e-01,2.014948e-02,-2.106639e-02
6.000000e-02,5.200000e-01,0.0,9.938558e-01,2.731343e-02,-1.076729e-02
7.000000e-02,5.200000e-01,0.0,9.991185e-01,3.598966e-02,1.056623e-03
8.000000e-02,5.200000e-01,0.0,1.004723e+00,4.594249e-02,1.326359e-02
9.000000e-02,5.200000e-01,0.0,1.010195e+00,5.628445e-02,2.436247e-02
1.000000e-01,5.200000e-01,0.0,1.014465e+00,6.403543e-02,3.237069e-02
1.100000e-01,5.200000e-01,0.0,1.016846e+00,6.795571e-02,3.619048e-02
1.200000e-01,5.200000e-01,0.0,1.017901e+00,6.857175e-02,3.740920e-02
1.300000e-01,5.200000e-01,0.0,1.017723e+00,6.700390e-02,3.529079e-02
1.400000e-01,5.200000e-01,0.0,1.015409e+00,6.028932e-02,2.883854e-02
1.500000e-01,5.200000e-01,0.0,1.009044e+00,4.401497e-02,1.367923e-02
1.600000e-01,5.200000e-01,0.0,9.999201e-01,2.166737e-02,-6.161044e-03
1.700000e-01,5.200000e-01,0.0,9.935637e-01,6.030241e-03,-1.858826e-02
1.800000e-01,5.200000e-01,0.0,9.916421e-01,7.887434e-04,-2.177207e-02
1.900000e-01,5.200000e-01,0.0,9.916083e-01,-2.356918e-04,-2.160832e-02
2.000000e-01,5.200000e-01,0.0,9.917702e-01,-5.876563e-04,-2.122004e-02
2.100000e-01,5.200000e-01,0.0,9.918668e-01,-8.598956e-04,-2.110924e-02
2.200000e-01,5.200000e-01,0.0,9.918942e-01,-1.180612e-03,-2.116038e-02
2.300000e-01,5.200000e-01,0.0,9.918081e-01,-1.696592e-03,-2.145404e-02
2.400000e-01,5.200000e-01,0.0,9.915984e-01,-2.422276e-03,-2.200418e-02
2.500000e-01,5.200000e-01,0.0,9.913109e-01,-3.250883e-03,-2.274677e-02
2.600000e-01,5.200000e-01,0.0,9.909811e-01,-4.100441e-03,-2.361009e-02
2.700000e-01,5.200000e-01,0.0,9.906167e-01,-4.987223e-03,-2.456108e-02
2.800000e-01,5.200000e-01,0.0,9.902164e-01,-5.946684e-03,-2.557931e-02
2.900000e-01,5.200000e-01,0.0,9.897979e-01,-6.998348e-03,-2.660471e-02
3.000000e-01,5.200000e-01,0.0,9.893832e-01,-8.089180e-03,-2.754667e-02
3.100000e-01,5.200000e-01,0.0,9.890142e-01,-9.203057e-03,-2.829889e-02
3.200000e-01,5.200000e-01,0.0,9.887115e-01,-1.029665e-02,-2.879438e-02
3.300000e-01,5.200000e-01,0.0,9.884806e-01,-1.135087e-02,-2.901526e-02
3.400000e-01,5.200000e-01,0.0,9.883120e-01,-1.236104e-02,-2.901976e-02
3.500000e-01,5.200000e-01,0.0,9.881728e-01,-1.334853e-02,-2.890560e-02
3.600000e-01,5.200000e-01,0.0,9.880446e-01,-1.430464e-02,-2.868674e-02
3.700000e-01,5.200000e-01,0.0,9.879864e-01,-1.510511e-02,-2.827541e-02
3.800000e-01,5.200000e-01,0.0,9.880756e-01,-1.563662e-02,-2.744493e-02
3.900000e-01,5.200000e-01,0.0,9.883483e-01,-1.585819e-02,-2.606955e-02
4.000000e-01,5.200000e-01,0.0,9.889594e-01,-1.534125e-02,-2.394350e-02
4.100000e-01,5.200000e-01,0.0,9.900189e-01,-1.395570e-02,-2.068436e-02
4.200000e-01,5.200000e-01,0.0,9.916620e-01,-1.142618e-02,-1.601251e-02
4.300000e-01,5.200000e-01,0.0,9.939802e-01,-7.509576e-03,-9.769716e-03
4.400000e-01,5.200000e-01,0.0,9.970169e-01,-2.048128e-03,-1.927767e-03
4.500000e-01,5.200000e-01,0.0,1.000850e+00,5.224692e-03,7.673526e-03
4.600000e-01,5.200000e-01,0.0,1.005680e+00,1.490484e-02,1.943925e-02
4.700000e-01,5.200000e-01,0.0,1.011712e+00,2.759298e-02,3.366538e-02
4.800000e-01,5.200000e-01,0.0,1.018369e+00,4.216821e-02,4.872410e-02
4.900000e-01,5.200000e-01,0.0,1.023654e+00,5.395792e-02,5.958026e-02
5.000000e-01,5.200000e-01,0.0,1.025980e+00,5.929954e-02,6.310822e-02
5.100000e-01,5.200000e-01,0.0,1.026353e+00,6.056746e-02,6.239370e-02
5.200000e-01,5.200000e-01,0.0,1.026265e+00,6.081012e-02,6.081012e-02
5.300000e-01,5.200000e-01,0.0,1.025870e+00,6.017367e-02,5.853246e-02
5.400000e-01,5.200000e-01,0.0,1.024014e+00,5.579586e-02,5.284972e-02
5.500000e-01,5.200000e-01,0.0,1.018267e+00,4.185909e-02,3.848973e-02
5.600000e-01,5.200000e-01,0.0,1.008830e+00,1.963951e-02,1.735946e-02
5.700000e-01,5.200000e-01,0.0,1.002229e+00,4.843565e-03,4.082193e-03
5.800000e-01,5.200000e-01,0.0,1.000352e+00,7.711619e-04,6.300805e-04
5.900000e-01,5.200000e-01,0.0,1.000063e+00,1.454533e-04,1.184105e-04
6.000000e-01,5.200000e-01,0.0,1.000020e+00,4.824247e-05,3.906240e-05
6.100000e-01,5.200000e-01,0.0,1.000009e+00,2.085862e-05,1.664731e-05
6.200000e-01,5.200000e-01,0.0,1.000003e+00,8.091404e-06,6.356553e-06
6.300000e-01,5.200000e-01,0.0,1.000001e+00,2.323573e-06,1.788386e-06
6.400000e-01,5.200000e-01,0.0,1.000000e+00,5.174559e-07,3.892474e-07
6.500000e-01,5.200000e-01,0.0,1.000000e+00,1.273891e-07,9.364085e-08
6.600000e-01,5.200000e-01,0.0,1.000000e+00,5.345242e-08,3.809923e-08
6.700000e-01,5.200000e-01,0.0,1.000000e+00,3.472001e-08,2.371010e-08
6.800000e-01,5.200000e-01,0.0,1.000000e+00,2.565384e-08,1.684633e-08
6.900000e-01,5.200000e-01,0.0,1.000000e+00,1.910796e-08,1.223321e-08
7.000000e-01,5.200000e-01,0.0,1.000000e+00,1.407791e-08,8.837738e-09
7.100000e-01,5.200000e-01,0.0,1.000000e+00,1.026568e-08,6.329837e-09
7.200000e-01,5.200000e-01,0.0,1.000000e+00,7.414530e-09,4.494850e-09
7.300000e-01,5.200000e-01,0.0,1.000000e+00,5.301093e-09,3.162425e-09
7.400000e-01,5.200000e-01,0.0,1.000000e+00,3.747306e-09,2.201717e-09
7.500000e-01,5.200000e-01,0.0,1.000000e+00,2.615601e-09,1.514671e-09
7.600000e-01,5.200000e-01,0.0,1.000000e+00,1.800376e-09,1.028209e-09
7.700000e-01,5.200000e-01,0.0,1.000000e+00,1.220602e-09,6.878385e-10
7.800000e-01,5.200000e-01,0.0,1.000000e+00,8.142000e-10,4.529197e-10
7.900000e-01,5.200000e-01,0.0,1.000000e+00,5.338402e-10,2.932471e-10
8.000000e-01,5.200000e-01,0.0,1.000000e+00,3.437501e-10,1.865202e-10
8.100000e-01,5.200000e-01,0.0,1.000000e+00,2.172217e-10,1.164541e-10
8.200000e-01,5.200000e-01,0.0,1.000000e+00,1.346220e-10,7.132293e-11
8.300000e-01,5.200000e-01,0.0,1.000000e+00,8.178012e-11,4.282568e-11
8.400000e-01,5.200000e-01,0.0,1.000000e+00,4.867458e-11,2.519858e-11
8.500000e-01,5.200000e-01,0.0,1.000000e+00,2.837414e-11,1.452404e-11
8.600000e-01,5.200000e-01,0.0,1.000000e+00,1.619478e-11,8.197477e-12
8.700000e-01,5.200000e-01,0.0,1.000000e+00,9.048068e-12,4.529376e-12
8.800000e-01,5.200000e-01,0.0,1.000000e+00,4.947010e-12,2.449607e-12
8.900000e-01,5.200000e-01,0.0,1.000000e+00,2.646592e-12,1.296644e-12
9.000000e-01,5.200000e-01,0.0,1.000000e+00,1.385435e-12,6.712822e-13
9.100000e-01,5.200000e-01,0.0,1.000000e+00,7.094082e-13,3.401885e-13
9.200000e-01,5.200000e-01,0.0,1.000000e+00,3.547917e-13,1.686650e-13
9.300000e-01,5.200000e-01,0.0,1.000000e+00,1.736420e-13,8.190125e-14
9.400000e-01,5.200000e-01,0.0,1.000000e+00,8.314629e-14,3.859971e-14
9.500000e-01,5.200000e-01,0.0,1.000000e+00,3.897897e-14,1.816501e-14
9.600000e-01,5.200000e-01,0.0,1.000000e+00,1.762473e-14,8.217565e-15
9.700000e-01,5.200000e-01,0.0,1.000000e+00,7.731207e-15,3.514175e-15
9.800000e-01,5.200000e-01,0.0,1.000000e+00,3.460344e-15,1.784309e-15
9.900000e-01,5.200000e-01,0.0,1.000000e+00,1.568076e-15,8.111479e-16
1.000000e+00,5.200000e-01,0.0,1.000000e+00,4.326380e-16,5.407911e-16
0.000000e+00,5.300000e-01,0.0,9.834345e-01,7.772860e-05,-3.312665e-02
1.000000e-02,5.300000e-01,0.0,9.840593e-01,4.781845e-03,-3.088115e-02
2.000000e-02,5.300000e-01,0.0,9.852159e-01,1.043409e-02,-2.854370e-02
3.000000e-02,5.300000e-01,0.0,9.874181e-01,1.632181e-02,-2.368786e-02
4.000000e-02,5.300000e-01,0.0,9.906370e-01,2.253353e-02,-1.628082e-02
5.000000e-02,5.300000e-01,0.0,9.945604e-01,2.977192e-02,-7.582858e-03
6.000000e-02,5.300000e-01,0.0,9.990674e-01,3.801402e-02,2.014207e-03
7.000000e-02,5.300000e-01,0.0,1.003953e+00,4.714321e-02,1.242740e-02
8.000000e-02,5.300000e-01,0.0,1.008815e+00,5.638543e-02,2.243735e-02
9.000000e-02,5.300000e-01,0.0,1.012833e+00,6.396921e-02,2.987828e-02
1.000000e-01,5.300000e-01,0.0,1.015083e+00,6.768948e-02,3.300369e-02
1.100000e-01,5.300000e-01,0.0,1.016008e+00,6.821491e-02,3.383410e-02
1.200000e-01,5.300000e-01,0.0,1.015768e+00,6.665789e-02,3.119207e-02
1.300000e-01,5.300000e-01,0.0,1.013428e+00,6.003483e-02,2.427461e-02
1.400000e-01,5.300000e-01,0.0,1.007442e+00,4.496663e-02,9.584947e-03
1.500000e-01,5.300000e-01,0.0,9.988613e-01,2.428591e-02,-9.404959e-03
1.600000e-01,5.300000e-01,0.0,9.923946e-01,8.507302e-03,-2.247251e-02
1.700000e-01,5.300000e-01,0.0,9.899843e-01,2.165013e-03,-2.674277e-02
1.800000e-01,5.300000e-01,0.0,9.897763e-01,5.703028e-04,-2.694159e-02
1.900000e-01,5.300000e-01,0.0,9.899579e-01,5.928448e-05,-2.651336e-02
2.000000e-01,5.300000e-01,0.0,9.901157e-01,-3.533163e-04,-2.622365e-02
2.100000e-01,5.300000e-01,0.0,9.902212e-01,-7.747135e-04,-2.608561e-02
2.200000e-01,5.300000e-01,0.0,9.902318e-01,-1.323619e-03,-2.613209e-02
2.300000e-01,5.300000e-01,0.0,9.901191e-01,-2.095601e-03,-2.641269e-02
2.400000e-01,5.300000e-01,0.0,9.899340e-01,-2.979926e-03,-2.683883e-02
2.500000e-01,5.300000e-01,0.0,9.897321e-01,-3.859851e-03,-2.730244e-02
2.600000e-01,5.300000e-01,0.0,9.895297e-01,-4.728159e-03,-2.776290e-02
2.700000e-01,5.300000e-01,0.0,9.893244e-01,-5.613350e-03,-2.820101e-02
2.800000e-01,5.300000e-01,0.0,9.891219e-01,-6.528992e-03,-2.858554e-02
2.900000e-01,5.300000e-01,0.0,9.889363e-01,-7.464605e-03,-2.887422e-02
3.000000e-01,5.300000e-01,0.0,9.887757e-01,-8.407078e-03,-2.904210e-02
3.100000e-01,5.300000e-01,0.0,9.886382e-01,-9.352849e-03,-2.909239e-02
3.200000e-01,5.300000e-01,0.0,9.885157e-01,-1.029530e-02,-2.906861e-02
3.300000e-01,5.300000e-01,0.0,9.884008e-01,-1.123979e-02,-2.897900e-02
3.400000e-01,5.300000e-01,0.0,9.882884e-01,-1.217181e-02,-2.881094e-02
3.500000e-01,5.300000e-01,0.0,9.882264e-01,-1.301564e-02,-2.849374e-02
3.600000e-01,5.300000e-01,0.0,9.882741e-01,-1.367031e-02,-2.786171e-02
3.700000e-01,5.300000e-01,0.0,9.884627e-01,-1.411686e-02,-2.672618e-02
3.800000e-01,5.300000e-01,0.0,9.889168e-01,-1.404835e-02,-2.496058e-02
3.900000e-01,5.300000e-01,0.0,9.897358e-01,-1.328005e-02,-2.227910e-02
4.000000e-01,5.300000e-01,0.0,9.910221e-01,-1.164442e-02,-1.840533e-02
4.100000e-01,5.300000e-01,0.0,9.928800e-01,-8.896790e-03,-1.313375e-02
4.200000e-01,5.300000e-01,0.0,9.953738e-01,-4.859278e-03,-6.361148e-03
4.300000e-01,5.300000e-01,0.0,9.985424e-01,6.233493e-04,1.970016e-03
4.400000e-01,5.300000e-01,0.0,1.002461e+00,7.807165e-03,1.198229e-02
4.500000e-01,5.300000e-01,0.0,1.007283e+00,1.716086e-02,2.399940e-02
4.600000e-01,5.300000e-01,0.0,1.013074e+00,2.897275e-02,3.798330e-02
4.700000e-01,5.300000e-01,0.0,1.019180e+00,4.198033e-02,5.202370e-02
4.800000e-01,5.300000e-01,0.0,1.023858e+00,5.230202e-02,6.173193e-02
4.900000e-01,5.300000e-01,0.0,1.025940e+00,5.715888e-02,6.480449e-02
5.000000e-01,5.300000e-01,0.0,1.026315e+00,5.858679e-02,6.404784e-02
5.100000e-01,5.300000e-01,0.0,1.026245e+00,5.894931e-02,6.249702e-02
5.200000e-01,5.300000e-01,0.0,1.025870e+00,5.853246e-02,6.017367e-02
5.300000e-01,5.300000e-01,0.0,1.024122e+00,5.461350e-02,5.461350e-02
5.400000e-01,5.300000e-01,0.0,1.018699e+00,4.179541e-02,4.064665e-02
5.500000e-01,5.300000e-01,0.0,1.009468e+00,2.051711e-02,1.929725e-02
5.600000e-01,5.300000e-01,0.0,1.002547e+00,5.371108e-03,4.847485e-03
5.700000e-01,5.300000e-01,0.0,1.000418e+00,8.871743e-04,7.741777e-04
5.800000e-01,5.300000e-01,0.0,1.000074e+00,1.655708e-04,1.426806e-04
5.900000e-01,5.300000e-01,0.0,1.000023e+00,5.419258e-05,4.623611e-05
6.000000e-01,5.300000e-01,0.0,1.000010e+00,2.386480e-05,2.002497e-05
6.100000e-01,5.300000e-01,0.0,1.000004e+00,9.640339e-06,7.949775e-06
6.200000e-01,5.300000e-01,0.0,1.000001e+00,2.894613e-06,2.338061e-06
6.300000e-01,5.300000e-01,0.0,1.000000e+00,6.567371e-07,5.183049e-07
6.400000e-01,5.300000e-01,0.0,1.000000e+00,1.546263e-07,1.193210e-07
6.500000e-01,5.300000e-01,0.0,1.000000e+00,5.978538e-08,4.485083e-08
6.600000e-01,5.300000e-01,0.0,1.000000e+00,3.742427e-08,2.702493e-08
6.700000e-01,5.300000e-01,0.0,1.000000e+00,2.758963e-08,1.915994e-08
6.800000e-01,5.300000e-01,0.0,1.000000e+00,2.067464e-08,1.397178e-08
6.900000e-01,5.300000e-01,0.0,1.000000e+00,1.532836e-08,1.014437e-08
7.000000e-01,5.300000e-01,0.0,1.000000e+00,1.124343e-08,7.300664e-09
7.100000e-01,5.300000e-01,0.0,1.000000e+00,8.168359e-09,5.209311e-09
7.200000e-01,5.300000e-01,0.0,1.000000e+00,5.875567e-09,3.683828e-09
7.300000e-01,5.300000e-01,0.0,1.000000e+00,4.179953e-09,2.578835e-09
7.400000e-01,5.300000e-01,0.0,1.000000e+00,2.937251e-09,1.784632e-09
7.500000e-01,5.300000e-01,0.0,1.000000e+00,2.036117e-09,1.219178e-09
7.600000e-01,5.300000e-01,0.0,1.000000e+00,1.390699e-09,8.211220e-10
7.700000e-01,5.300000e-01,0.0,1.000000e+00,9.348731e-10,5.445643e-10
7.800000e-01,5.300000e-01,0.0,1.000000e+00,6.179147e-10,3.552421e-10
7.900000e-01,5.300000e-01,0.0,1.000000e+00,4.012151e-10,2.277305e-10
8.000000e-01,5.300000e-01,0.0,1.000000e+00,2.557182e-10,1.433445e-10
8.100000e-01,5.300000e-01,0.0,1.000000e+00,1.598795e-10,8.853124e-11
8.200000e-01,5.300000e-01,0.0,1.000000e+00,9.799931e-11,5.361764e-11
8.300000e-01,5.300000e-01,0.0,1.000000e+00,5.886368e-11,3.182689e-11
8.400000e-01,5.300000e-01,0.0,1.000000e+00,3.463315e-11,1.850856e-11
8.500000e-01,5.300000e-01,0.0,1.000000e+00,1.995304e-11,1.054145e-11
8.600000e-01,5.300000e-01,0.0,1.000000e+00,1.125335e-11,5.878523e-12
8.700000e-01,5.300000e-01,0.0,1.000000e+00,6.211919e-12,3.208738e-12
8.800000e-01,5.300000e-01,0.0,1.000000e+00,3.355522e-12,1.714272e-12
8.900000e-01,5.300000e-01,0.0,1.000000e+00,1.773342e-12,8.962105e-13
9.000000e-01,5.300000e-01,0.0,1.000000e+00,9.166637e-13,4.587362e-13
9.100000e-01,5.300000e-01,0.0,1.000000e+00,4.637194e-13,2.293183e-13
9.200000e-01,5.300000e-01,0.0,1.000000e+00,2.290528e-13,1.124448e-13
9.300000e-01,5.300000e-01,0.0,1.000000e+00,1.105010e-13,5.384471e-14
9.400000e-01,5.300000e-01,0.0,1.000000e+00,5.216997e-14,2.535504e-14
9.500000e-01,5.300000e-01,0.0,1.000000e+00,2.389587e-14,1.156954e-14
9.600000e-01,5.300000e-01,0.0,1.000000e+00,1.059665e-14,5.244236e-15
9.700000e-01,5.300000e-01,0.0,1.000000e+00,4.811957e-15,2.324909e-15
9.800000e-01,5.300000e-01,0.0,1.000000e+00,2.108692e-15,1.081436e-15
9.900000e-01,5.300000e-01,0.0,1.000000e+00,9.192994e-16,3.244672e-16
1.000000e+00,5.300000e-01,0.0,1.000000e+00,2.163190e-16,1.081619e-16
0.000000e+00,5.400000e-01,0.0,9.901327e-01,2.272807e-04,-1.584800e-02
1.000000e-02,5.400000e-01,0.0,9.909069e-01,6.807581e-03,-1.263148e-02
2.000000e-02,5.400000e-01,0.0,9.921267e-01,1.493578e-02,-1.014917e-02
3.000000e-02,5.400000e-01,0.0,9.944057e-01,2.230848e-02,-5.277711e-03
4.000000e-02,5.400000e-01,0.0,9.973698e-01,3.017277e-02,1.332540e-03
5.000000e-02,5.400000e-01,0.0,1.000936e+00,3.845711e-02,8.851558e-03
6.000000e-02,5.400000e-01,0.0,1.004892e+00,4.714106e-02,1.672029e-02
7.000000e-02,5.400000e-01,0.0,1.008865e+00,5.575707e-02,2.429526e-02
8.000000e-02,5.400000e-01,0.0,1.012207e+00,6.310213e-02,3.052690e-02
9.000000e-02,5.400000e-01,0.0,1.014286e+00,6.698109e-02,3.303559e-02
1.000000e-01,5.400000e-01,0.0,1.014848e+00,6.740626e-02,3.259325e-02
1.100000e-01,5.400000e-01,0.0,1.014452e+00,6.588228e-02,2.944029e-02
1.200000e-01,5.400000e-01,0.0,1.011998e+00,5.921325e-02,2.194962e-02
1.300000e-01,5.400000e-01,0.0,1.006336e+00,4.521576e-02,7.622205e-03
1.400000e-01,5.400000e-01,0.0,9.984394e-01,2.623048e-02,-1.039772e-02
1.500000e-01,5.400000e-01,0.0,9.921610e-01,1.081933e-02,-2.329406e-02
1.600000e-01,5.400000e-01,0.0,9.894095e-01,3.601386e-03,-2.834808e-02
1.700000e-01,5.400000e-01,0.0,9.888894e-01,1.359614e-03,-2.926299e-02
1.800000e-01,5.400000e-01,0.0,9.889919e-01,7.183832e-04,-2.911160e-02
1.900000e-01,5.400000e-01,0.0,9.891410e-01,2.895140e-04,-2.886731e-02
2.000000e-01,5.400000e-01,0.0,9.892704e-01,-1.315915e-04,-2.865759e-02
2.100000e-01,5.400000e-01,0.0,9.893530e-01,-6.645981e-04,-2.857113e-02
2.200000e-01,5.400000e-01,0.0,9.893444e-01,-1.422387e-03,-2.859812e-02
2.300000e-01,5.400000e-01,0.0,9.892659e-01,-2.318089e-03,-2.871308e-02
2.400000e-01,5.400000e-01,0.0,9.891788e-01,-3.203820e-03,-2.883662e-02
2.500000e-01,5.400000e-01,0.0,9.891026e-01,-4.044660e-03,-2.892425e-02
2.600000e-01,5.400000e-01,0.0,9.890302e-01,-4.875175e-03,-2.898589e-02
2.700000e-01,5.400000e-01,0.0,9.889533e-01,-5.722028e-03,-2.902413e-02
2.800000e-01,5.400000e-01,0.0,9.888712e-01,-6.586413e-03,-2.903443e-02
2.900000e-01,5.400000e-01,0.0,9.887854e-01,-7.463705e-03,-2.901852e-02
3.000000e-01,5.400000e-01,0.0,9.886969e-01,-8.353729e-03,-2.898329e-02
3.100000e-01,5.400000e-01,0.0,9.886068e-01,-9.249375e-03,-2.890287e-02
3.200000e-01,5.400000e-01,0.0,9.885322e-01,-1.012201e-02,-2.871637e-02
3.300000e-01,5.400000e-01,0.0,9.885045e-01,-1.092849e-02,-2.839623e-02
3.400000e-01,5.400000e-01,0.0,9.885680e-01,-1.160289e-02,-2.780107e-02
3.500000e-01,5.400000e-01,0.0,9.887405e-01,-1.213273e-02,-2.677392e-02
3.600000e-01,5.400000e-01,0.0,9.891266e-01,-1.229612e-02,-2.519495e-02
3.700000e-01,5.400000e-01,0.0,9.898119e-01,-1.191797e-02,-2.284881e-02
3.800000e-01,5.400000e-01,0.0,9.908768e-01,-1.086836e-02,-1.948533e-02
3.900000e-01,5.400000e-01,0.0,9.924166e-01,-8.940842e-03,-1.492104e-02
4.000000e-01,5.400000e-01,0.0,9.945031e-01,-5.960122e-03,-9.003854e-03
4.100000e-01,5.400000e-01,0.0,9.971867e-01,-1.771127e-03,-1.655065e-03
4.200000e-01,5.400000e-01,0.0,1.000505e+00,3.776596e-03,7.172115e-03
4.300000e-01,5.400000e-01,0.0,1.004520e+00,1.090665e-02,1.760984e-02
4.400000e-01,5.400000e-01,0.0,1.009314e+00,1.992656e-02,2.976212e-02
4.500000e-01,5.400000e-01,0.0,1.014786e+00,3.079854e-02,4.322531e-02
4.600000e-01,5.400000e-01,0.0,1.020209e+00,4.205502e-02,5.580893e-02
4.700000e-01,5.400000e-01,0.0,1.024126e+00,5.065772e-02,6.393453e-02
4.800000e-01,5.400000e-01,0.0,1.025867e+00,5.486181e-02,6.632057e-02
4.900000e-01,5.400000e-01,0.0,1.026235e+00,5.641380e-02,6.553488e-02
5.000000e-01,5.400000e-01,0.0,1.026176e+00,5.691090e-02,6.398922e-02
5.100000e-01,5.400000e-01,0.0,1.025784e+00,5.663142e-02,6.151905e-02
5.200000e-01,5.400000e-01,0.0,1.024014e+00,5.284972e-02,5.579586e-02
5.300000e-01,5.400000e-01,0.0,1.018699e+00,4.064665e-02,4.179541e-02
5.400000e-01,5.400000e-01,0.0,1.009686e+00,2.039069e-02,2.039069e-02
5.500000e-01,5.400000e-01,0.0,1.002720e+00,5.557673e-03,5.370937e-03
5.600000e-01,5.400000e-01,0.0,1.000464e+00,9.525173e-04,8.893782e-04
5.700000e-01,5.400000e-01,0.0,1.000083e+00,1.790358e-04,1.636107e-04
5.800000e-01,5.400000e-01,0.0,1.000026e+00,5.847933e-05,5.259081e-05
5.900000e-01,5.400000e-01,0.0,1.000011e+00,2.621763e-05,2.312944e-05
6.000000e-01,5.400000e-01,0.0,1.000005e+00,1.097390e-05,9.497421e-06
6.100000e-01,5.400000e-01,0.0,1.000002e+00,3.433339e-06,2.909156e-06
6.200000e-01,5.400000e-01,0.0,1.000000e+00,7.975239e-07,6.601548e-07
6.300000e-01,5.400000e-01,0.0,1.000000e+00,1.829419e-07,1.480912e-07
6.400000e-01,5.400000e-01,0.0,1.000000e+00,6.610883e-08,5.212082e-08
6.500000e-01,5.400000e-01,0.0,1.000000e+00,3.989155e-08,3.039453e-08
6.600000e-01,5.400000e-01,0.0,1.000000e+00,2.930076e-08,2.150008e-08
6.700000e-01,5.400000e-01,0.0,1.000000e+00,2.208514e-08,1.574947e-08
6.800000e-01,5.400000e-01,0.0,1.000000e+00,1.648082e-08,1.149594e-08
6.900000e-01,5.400000e-01,0.0,1.000000e+00,1.216240e-08,8.315225e-09
7.000000e-01,5.400000e-01,0.0,1.000000e+00,8.888788e-09,5.962716e-09
7.100000e-01,5.400000e-01,0.0,1.000000e+00,6.432822e-09,4.238246e-09
7.200000e-01,5.400000e-01,0.0,1.000000e+00,4.605439e-09,2.983064e-09
7.300000e-01,5.400000e-01,0.0,1.000000e+00,3.257707e-09,2.076319e-09
7.400000e-01,5.400000e-01,0.0,1.000000e+00,2.273928e-09,1.427192e-09
7.500000e-01,5.400000e-01,0.0,1.000000e+00,1.564386e-09,9.675114e-10
7.600000e-01,5.400000e-01,0.0,1.000000e+00,1.059573e-09,6.460842e-10
7.700000e-01,5.400000e-01,0.0,1.000000e+00,7.058291e-10,4.245273e-10
7.800000e-01,5.400000e-01,0.0,1.000000e+00,4.620159e-10,2.742091e-10
7.900000e-01,5.400000e-01,0.0,1.000000e+00,2.969310e-10,1.739585e-10
8.000000e-01,5.400000e-01,0.0,1.000000e+00,1.872384e-10,1.083116e-10
8.100000e-01,5.400000e-01,0.0,1.000000e+00,1.157751e-10,6.614477e-11
8.200000e-01,5.400000e-01,0.0,1.000000e+00,7.016104e-11,3.959841e-11
8.300000e-01,5.400000e-01,0.0,1.000000e+00,4.165398e-11,2.322850e-11
8.400000e-01,5.400000e-01,0.0,1.000000e+00,2.421827e-11,1.334646e-11
8.500000e-01,5.400000e-01,0.0,1.000000e+00,1.378562e-11,7.509219e-12
8.600000e-01,5.400000e-01,0.0,1.000000e+00,7.680980e-12,4.136025e-12
8.700000e-01,5.400000e-01,0.0,1.000000e+00,4.188018e-12,2.229955e-12
8.800000e-01,5.400000e-01,0.0,1.000000e+00,2.234276e-12,1.176490e-12
8.900000e-01,5.400000e-01,0.0,1.000000e+00,1.165921e-12,6.071773e-13
9.000000e-01,5.400000e-01,0.0,1.000000e+00,5.949728e-13,3.068916e-13
9.100000e-01,5.400000e-01,0.0,1.000000e+00,2.970054e-13,1.515298e-13
9.200000e-01,5.400000e-01,0.0,1.000000e+00,1.446671e-13,7.319827e-14
9.300000e-01,5.400000e-01,0.0,1.000000e+00,6.876701e-14,3.459934e-14
9.400000e-01,5.400000e-01,0.0,1.000000e+00,3.184340e-14,1.621898e-14
9.500000e-01,5.400000e-01,0.0,1.000000e+00,1.454323e-14,7.190513e-15
9.600000e-01,5.400000e-01,0.0,1.000000e+00,6.271611e-15,3.244011e-15
9.700000e-01,5.400000e-01,0.0,1.000000e+00,2.703439e-15,1.513946e-15
9.800000e-01,5.400000e-01,0.0,1.000000e+00,1.297772e-15,6.489312e-16
9.900000e-01,5.400000e-01,0.0,1.000000e+00,2.163238e-16,5.407975e-17
1.000000e+00,5.400000e-01,0.0,1.000000e+00,0.000000e+00,0.000000e+00
0.000000e+00,5.500000e-01,0.0,9.992647e-01,4.528180e-04,8.134211e-03
1.000000e-02,5.500000e-01,0.0,1.000044e+00,8.455530e-03,1.205561e-02
2.000000e-02,5.500000e-01,0.0,1.000770e+00,1.900309e-02,1.313487e-02
3.000000e-02,5.500000e-01,0.0,1.002705e+00,2.753638e-02,1.704628e-02
4.000000e-02,5.500000e-01,0.0,1.005125e+00,3.629841e-02,2.196291e-02
5.000000e-02,5.500000e-01,0.0,1.007971e+00,4.517911e-02,2.734046e-02
6.000000e-02,5.500000e-01,0.0,1.010890e+00,5.356859e-02,3.228711e-02
7.000000e-02,5.500000e-01,0.0,1.013367e+00,6.040400e-02,3.584143e-02
8.000000e-02,5.500000e-01,0.0,1.014801e+00,6.475059e-02,3.706619e-02
9.000000e-02,5.500000e-01,0.0,1.014916e+00,6.586098e-02,3.508475e-02
1.000000e-01,5.500000e-01,0.0,1.014128e+00,6.414615e-02,3.090163e-02
1.100000e-01,5.500000e-01,0.0,1.011328e+00,5.756721e-02,2.235231e-02
1.200000e-01,5.500000e-01,0.0,1.005827e+00,4.462069e-02,7.926365e-03
1.300000e-01,5.500000e-01,0.0,9.985535e-01,2.755200e-02,-9.177020e-03
1.400000e-01,5.500000e-01,0.0,9.925542e-01,1.304486e-02,-2.196784e-02
1.500000e-01,5.500000e-01,0.0,9.895614e-01,5.195031e-03,-2.776293e-02
1.600000e-01,5.500000e-01,0.0,9.887326e-01,2.211143e-03,-2.929629e-02
1.700000e-01,5.500000e-01,0.0,9.887161e-01,1.337793e-03,-2.944762e-02
1.800000e-01,5.500000e-01,0.0,9.888748e-01,8.991861e-04,-2.928613e-02
1.900000e-01,5.500000e-01,0.0,9.890361e-01,5.018315e-04,-2.904082e-02
2.000000e-01,5.500000e-01,0.0,9.891586e-01,2.916267e-05,-2.883114e-02
2.100000e-01,5.500000e-01,0.0,9.892046e-01,-6.220192e-04,-2.876663e-02
2.200000e-01,5.500000e-01,0.0,9.891678e-01,-1.479182e-03,-2.881177e-02
2.300000e-01,5.500000e-01,0.0,9.891096e-01,-2.374658e-03,-2.886279e-02
2.400000e-01,5.500000e-01,0.0,9.890628e-01,-3.219571e-03,-2.888347e-02
2.500000e-01,5.500000e-01,0.0,9.890223e-01,-4.032480e-03,-2.887409e-02
2.600000e-01,5.500000e-01,0.0,9.889763e-01,-4.845519e-03,-2.885476e-02
2.700000e-01,5.500000e-01,0.0,9.889268e-01,-5.672877e-03,-2.880671e-02
2.800000e-01,5.500000e-01,0.0,9.888787e-01,-6.505748e-03,-2.872026e-02
2.900000e-01,5.500000e-01,0.0,9.888376e-01,-7.336582e-03,-2.857100e-02
3.000000e-01,5.500000e-01,0.0,9.888184e-01,-8.137452e-03,-2.831047e-02
3.100000e-01,5.500000e-01,0.0,9.888539e-01,-8.877332e-03,-2.789207e-02
3.200000e-01,5.500000e-01,0.0,9.889668e-01,-9.515170e-03,-2.722024e-02
3.300000e-01,5.500000e-01,0.0,9.891746e-01,-1.004032e-02,-2.615949e-02
3.400000e-01,5.500000e-01,0.0,9.895680e-01,-1.026536e-02,-2.461559e-02
3.500000e-01,5.500000e-01,0.0,9.902027e-01,-1.010681e-02,-2.241325e-02
3.600000e-01,5.500000e-01,0.0,9.911508e-01,-9.423690e-03,-1.933843e-02
3.700000e-01,5.500000e-01,0.0,9.924932e-01,-8.049223e-03,-1.523095e-02
3.800000e-01,5.500000e-01,0.0,9.942972e-01,-5.824566e-03,-9.942257e-03
3.900000e-01,5.500000e-01,0.0,9.966160e-01,-2.604217e-03,-3.370207e-03
4.000000e-01,5.500000e-01,0.0,9.994874e-01,1.743823e-03,4.551767e-03
4.100000e-01,5.500000e-01,0.0,1.002946e+00,7.364979e-03,1.386983e-02
4.200000e-01,5.500000e-01,0.0,1.007029e+00,1.442565e-02,2.461263e-02
4.300000e-01,5.500000e-01,0.0,1.011719e+00,2.301000e-02,3.666004e-02
4.400000e-01,5.500000e-01,0.0,1.016741e+00,3.274930e-02,4.914227e-02
4.500000e-01,5.500000e-01,0.0,1.021332e+00,4.208737e-02,5.979802e-02
4.600000e-01,5.500000e-01,0.0,1.024397e+00,4.892565e-02,6.603416e-02
4.700000e-01,5.500000e-01,0.0,1.025752e+00,5.242753e-02,6.757354e-02
4.800000e-01,5.500000e-01,0.0,1.026090e+00,5.405685e-02,6.676285e-02
4.900000e-01,5.500000e-01,0.0,1.026045e+00,5.468832e-02,6.522616e-02
5.000000e-01,5.500000e-01,0.0,1.025595e+00,5.444901e-02,6.251261e-02
5.100000e-01,5.500000e-01,0.0,1.023672e+00,5.051405e-02,5.631644e-02
5.200000e-01,5.500000e-01,0.0,1.018267e+00,3.848973e-02,4.185909e-02
5.300000e-01,5.500000e-01,0.0,1.009468e+00,1.929725e-02,2.051711e-02
5.400000e-01,5.500000e-01,0.0,1.002720e+00,5.370937e-03,5.557673e-03
5.500000e-01,5.500000e-01,0.0,1.000480e+00,9.533181e-04,9.533181e-04
5.600000e-01,5.500000e-01,0.0,1.000087e+00,1.834753e-04,1.780213e-04
5.700000e-01,5.500000e-01,0.0,1.000027e+00,6.058111e-05,5.744467e-05
5.800000e-01,5.500000e-01,0.0,1.000012e+00,2.767293e-05,2.566805e-05
5.900000e-01,5.500000e-01,0.0,1.000005e+00,1.194688e-05,1.085015e-05
6.000000e-01,5.500000e-01,0.0,1.000002e+00,3.878004e-06,3.445951e-06
6.100000e-01,5.500000e-01,0.0,1.000000e+00,9.244297e-07,8.023900e-07
6.200000e-01,5.500000e-01,0.0,1.000000e+00,2.096794e-07,1.779661e-07
6.300000e-01,5.500000e-01,0.0,1.000000e+00,7.198197e-08,5.957970e-08
6.400000e-01,5.500000e-01,0.0,1.000000e+00,4.201481e-08,3.371349e-08
6.500000e-01,5.500000e-01,0.0,1.000000e+00,3.072753e-08,2.379732e-08
6.600000e-01,5.500000e-01,0.0,1.000000e+00,2.328904e-08,1.751805e-08
6.700000e-01,5.500000e-01,0.0,1.000000e+00,1.749483e-08,1.285877e-08
6.800000e-01,5.500000e-01,0.0,1.000000e+00,1.299183e-08,9.350548e-09
6.900000e-01,5.500000e-01,0.0,1.000000e+00,9.553010e-09,6.739682e-09
7.000000e-01,5.500000e-01,0.0,1.000000e+00,6.956203e-09,4.815501e-09
7.100000e-01,5.500000e-01,0.0,1.000000e+00,5.011754e-09,3.407747e-09
7.200000e-01,5.500000e-01,0.0,1.000000e+00,3.568424e-09,2.385444e-09
7.300000e-01,5.500000e-01,0.0,1.000000e+00,2.507822e-09,1.649546e-09
7.400000e-01,5.500000e-01,0.0,1.000000e+00,1.737541e-09,1.125353e-09
7.500000e-01,5.500000e-01,0.0,1.000000e+00,1.185525e-09,7.565125e-10
7.600000e-01,5.500000e-01,0.0,1.000000e+00,7.957605e-10,5.005714e-10
7.700000e-01,5.500000e-01,0.0,1.000000e+00,5.249909e-10,3.256921e-10
7.800000e-01,5.500000e-01,0.0,1.000000e+00,3.401449e-10,2.081885e-10
7.900000e-01,5.500000e-01,0.0,1.000000e+00,2.162757e-10,1.306418e-10
8.000000e-01,5.500000e-01,0.0,1.000000e+00,1.348698e-10,8.042569e-11
8.100000e-01,5.500000e-01,0.0,1.000000e+00,8.244279e-11,4.854558e-11
8.200000e-01,5.500000e-01,0.0,1.000000e+00,4.937746e-11,2.871726e-11
8.300000e-01,5.500000e-01,0.0,1.000000e+00,2.896538e-11,1.664218e-11
8.400000e-01,5.500000e-01,0.0,1.000000e+00,1.663696e-11,9.444544e-12
8.500000e-01,5.500000e-01,0.0,1.000000e+00,9.353597e-12,5.248006e-12
8.600000e-01,5.500000e-01,0.0,1.000000e+00,5.147158e-12,2.854609e-12
8.700000e-01,5.500000e-01,0.0,1.000000e+00,2.771156e-12,1.519420e-12
8.800000e-01,5.500000e-01,0.0,1.000000e+00,1.459773e-12,7.912410e-13
8.900000e-01,5.500000e-01,0.0,1.000000e+00,7.521188e-13,4.033316e-13
9.000000e-01,5.500000e-01,0.0,1.000000e+00,3.789045e-13,2.011018e-13
9.100000e-01,5.500000e-01,0.0,1.000000e+00,1.865094e-13,9.806595e-14
9.200000e-01,5.500000e-01,0.0,1.000000e+00,8.963460e-14,4.649294e-14
9.300000e-01,5.500000e-01,0.0,1.000000e+00,4.200693e-14,2.184137e-14
9.400000e-01,5.500000e-01,0.0,1.000000e+00,1.924690e-14,9.839584e-15
9.500000e-01,5.500000e-01,0.0,1.000000e+00,8.596456e-15,4.433290e-15
9.600000e-01,5.500000e-01,0.0,1.000000e+00,3.568484e-15,1.892397e-15
9.700000e-01,5.500000e-01,0.0,1.000000e+00,1.514040e-15,9.192703e-16
9.800000e-01,5.500000e-01,0.0,1.000000e+00,4.866952e-16,1.081619e-16
9.900000e-01,5.500000e-01,0.0,1.000000e+00,0.000000e+00,0.000000e+00
1.000000e+00,5.500000e-01,0.0,1.000000e+00,0.000000e+00,0.000000e+00
0.000000e+00,5.600000e-01,0.0,1.010552e+00,6.063867e-04,3.850980e-02
1.000000e-02,5.600000e-01,0.0,1.011200e+00,8.939783e-03,4.282149e-02
2.000000e-02,5.600000e-01,0.0,1.011012e+00,2.113865e-02,4.130666e-02
3.000000e-02,5.600000e-01,0.0,1.012139e+00,3.061524e-02,4.290117e-02
4.000000e-02,5.600000e-01,0.0,1.013689e+00,4.017311e-02,4.519949e-02
5.000000e-02,5.600000e-01,0.0,1.015392e+00,4.884771e-02,4.741885e-02
6.000000e-02,5.600000e-01,0.0,1.016718e+00,5.586635e-02,4.804046e-02
7.000000e-02,5.600000e-01,0.0,1.017226e+00,6.019419e-02,4.648637e-02
8.000000e-02,5.600000e-01,0.0,1.016833e+00,6.203412e-02,4.298320e-02
9.000000e-02,5.600000e-01,0.0,1.015049e+00,6.071837e-02,3.613484e-02
1.000000e-01,5.600000e-01,0.0,1.011708e+00,5.423235e-02,2.605056e-02
1.100000e-01,5.600000e-01,0.0,1.006105e+00,4.262613e-02,1.090823e-02
1.200000e-01,5.600000e-01,0.0,9.992893e-01,2.774036e-02,-5.720646e-03
1.300000e-01,5.600000e-01,0.0,9.936055e-01,1.465284e-02,-1.838678e-02
1.400000e-01,5.600000e-01,0.0,9.903289e-01,6.556073e-03,-2.515569e-02
1.500000e-01,5.600000e-01,0.0,9.890027e-01,2.847969e-03,-2.805182e-02
1.600000e-01,5.600000e-01,0.0,9.886864e-01,1.767175e-03,-2.897947e-02
1.700000e-01,5.600000e-01,0.0,9.887958e-01,1.391411e-03,-2.901999e-02
1.800000e-01,5.600000e-01,0.0,9.889899e-01,1.165529e-03,-2.879064e-02
1.900000e-01,5.600000e-01,0.0,9.891521e-01,7.579328e-04,-2.853011e-02
2.000000e-01,5.600000e-01,0.0,9.892518e-01,1.869156e-04,-2.833642e-02
2.100000e-01,5.600000e-01,0.0,9.892526e-01,-6.334142e-04,-2.832296e-02
2.200000e-01,5.600000e-01,0.0,9.892034e-01,-1.537082e-03,-2.836547e-02
2.300000e-01,5.600000e-01,0.0,9.891698e-01,-2.376462e-03,-2.836523e-02
2.400000e-01,5.600000e-01,0.0,9.891585e-01,-3.157957e-03,-2.829932e-02
2.500000e-01,5.600000e-01,0.0,9.891613e-01,-3.924013e-03,-2.816545e-02
2.600000e-01,5.600000e-01,0.0,9.891730e-01,-4.690940e-03,-2.796761e-02
2.700000e-01,5.600000e-01,0.0,9.892009e-01,-5.446529e-03,-2.768535e-02
2.800000e-01,5.600000e-01,0.0,9.892600e-01,-6.170030e-03,-2.727700e-02
2.900000e-01,5.600000e-01,0.0,9.893734e-01,-6.832079e-03,-2.669920e-02
3.000000e-01,5.600000e-01,0.0,9.895567e-01,-7.424251e-03,-2.585709e-02
3.100000e-01,5.600000e-01,0.0,9.898455e-01,-7.867336e-03,-2.466566e-02
3.200000e-01,5.600000e-01,0.0,9.902884e-01,-8.094016e-03,-2.303237e-02
3.300000e-01,5.600000e-01,0.0,9.909356e-01,-8.021657e-03,-2.082044e-02
3.400000e-01,5.600000e-01,0.0,9.918432e-01,-7.539428e-03,-1.786633e-02
3.500000e-01,5.600000e-01,0.0,9.930761e-01,-6.516350e-03,-1.402321e-02
3.600000e-01,5.600000e-01,0.0,9.946951e-01,-4.816170e-03,-9.157201e-03
3.700000e-01,5.600000e-01,0.0,9.967523e-01,-2.306339e-03,-3.164427e-03
3.800000e-01,5.600000e-01,0.0,9.992867e-01,1.140658e-03,4.031949e-03
3.900000e-01,5.600000e-01,0.0,1.002328e+00,5.644467e-03,1.246873e-02
4.000000e-01,5.600000e-01,0.0,1.005894e+00,1.130790e-02,2.214339e-02
4.100000e-01,5.600000e-01,0.0,1.009958e+00,1.818145e-02,3.294868e-02
4.200000e-01,5.600000e-01,0.0,1.014379e+00,2.611250e-02,4.441544e-02
4.300000e-01,5.600000e-01,0.0,1.018760e+00,3.445510e-02,5.527731e-02
4.400000e-01,5.600000e-01,0.0,1.022370e+00,4.183205e-02,6.358257e-02
4.500000e-01,5.600000e-01,0.0,1.024612e+00,4.693386e-02,6.778580e-02
4.600000e-01,5.600000e-01,0.0,1.025569e+00,4.987640e-02,6.853256e-02
4.700000e-01,5.600000e-01,0.0,1.025886e+00,5.154060e-02,6.772788e-02
4.800000e-01,5.600000e-01,0.0,1.025836e+00,5.228354e-02,6.612779e-02
4.900000e-01,5.600000e-01,0.0,1.025263e+00,5.195033e-02,6.302246e-02
5.000000e-01,5.600000e-01,0.0,1.023050e+00,4.755585e-02,5.602144e-02
5.100000e-01,5.600000e-01,0.0,1.017385e+00,3.537580e-02,4.073474e-02
5.200000e-01,5.600000e-01,0.0,1.008830e+00,1.735946e-02,1.963951e-02
5.300000e-01,5.600000e-01,0.0,1.002547e+00,4.847485e-03,5.371108e-03
5.400000e-01,5.600000e-01,0.0,1.000464e+00,8.893782e-04,9.525173e-04
5.500000e-01,5.600000e-01,0.0,1.000087e+00,1.780213e-04,1.834753e-04
5.600000e-01,5.600000e-01,0.0,1.000028e+00,6.022329e-05,6.022329e-05
5.700000e-01,5.600000e-01,0.0,1.000013e+00,2.807393e-05,2.737882e-05
5.800000e-01,5.600000e-01,0.0,1.000006e+00,1.244758e-05,1.186260e-05
5.900000e-01,5.600000e-01,0.0,1.000002e+00,4.172312e-06,3.887175e-06
6.000000e-01,5.600000e-01,0.0,1.000000e+00,1.021246e-06,9.293496e-07
6.100000e-01,5.600000e-01,0.0,1.000000e+00,2.317520e-07,2.061730e-07
6.200000e-01,5.600000e-01,0.0,1.000000e+00,7.687437e-08,6.675029e-08
6.300000e-01,5.600000e-01,0.0,1.000000e+00,4.367627e-08,3.685487e-08
6.400000e-01,5.600000e-01,0.0,1.000000e+00,3.181621e-08,2.597685e-08
6.500000e-01,5.600000e-01,0.0,1.000000e+00,2.424176e-08,1.922406e-08
6.600000e-01,5.600000e-01,0.0,1.000000e+00,1.833287e-08,1.419428e-08
6.700000e-01,5.600000e-01,0.0,1.000000e+00,1.370200e-08,1.037937e-08
6.800000e-01,5.600000e-01,0.0,1.000000e+00,1.013827e-08,7.521375e-09
6.900000e-01,5.600000e-01,0.0,1.000000e+00,7.428649e-09,5.402769e-09
7.000000e-01,5.600000e-01,0.0,1.000000e+00,5.386307e-09,3.844256e-09
7.100000e-01,5.600000e-01,0.0,1.000000e+00,3.860247e-09,2.706274e-09
7.200000e-01,5.600000e-01,0.0,1.000000e+00,2.731244e-09,1.882492e-09
7.300000e-01,5.600000e-01,0.0,1.000000e+00,1.905553e-09,1.292244e-09
7.400000e-01,5.600000e-01,0.0,1.000000e+00,1.309547e-09,8.743502e-10
7.500000e-01,5.600000e-01,0.0,1.000000e+00,8.855640e-10,5.824732e-10
7.600000e-01,5.600000e-01,0.0,1.000000e+00,5.887314e-10,3.816636e-10
7.700000e-01,5.600000e-01,0.0,1.000000e+00,3.844613e-10,2.457596e-10
7.800000e-01,5.600000e-01,0.0,1.000000e+00,2.464378e-10,1.553892e-10
7.900000e-01,5.600000e-01,0.0,1.000000e+00,1.549545e-10,9.640889e-11
8.000000e-01,5.600000e-01,0.0,1.000000e+00,9.552213e-11,5.865972e-11
8.100000e-01,5.600000e-01,0.0,1.000000e+00,5.770336e-11,3.498444e-11
8.200000e-01,5.600000e-01,0.0,1.000000e+00,3.414481e-11,2.044281e-11
8.300000e-01,5.600000e-01,0.0,1.000000e+00,1.978469e-11,1.169990e-11
8.400000e-01,5.600000e-01,0.0,1.000000e+00,1.122296e-11,6.556573e-12
8.500000e-01,5.600000e-01,0.0,1.000000e+00,6.230943e-12,3.597151e-12
8.600000e-01,5.600000e-01,0.0,1.000000e+00,3.385279e-12,1.931322e-12
8.700000e-01,5.600000e-01,0.0,1.000000e+00,1.799248e-12,1.014657e-12
8.800000e-01,5.600000e-01,0.0,1.000000e+00,9.355363e-13,5.214478e-13
8.900000e-01,5.600000e-01,0.0,1.000000e+00,4.758318e-13,2.624044e-13
9.000000e-01,5.600000e-01,0.0,1.000000e+00,2.364064e-13,1.289882e-13
9.100000e-01,5.600000e-01,0.0,1.000000e+00,1.147187e-13,6.206266e-14
9.200000e-01,5.600000e-01,0.0,1.000000e+00,5.422496e-14,2.924783e-14
9.300000e-01,5.600000e-01,0.0,1.000000e+00,2.508572e-14,1.346197e-14
9.400000e-01,5.600000e-01,0.0,1.000000e+00,1.108348e-14,6.109369e-15
9.500000e-01,5.600000e-01,0.0,1.000000e+00,4.757980e-15,2.649382e-15
9.600000e-01,5.600000e-01,0.0,1.000000e+00,2.000643e-15,9.732719e-16
9.700000e-01,5.600000e-01,0.0,1.000000e+00,7.571012e-16,3.244672e-16
9.800000e-01,5.600000e-01,0.0,1.000000e+00,1.081595e-16,0.000000e+00
9.900000e-01,5.600000e-01,0.0,1.000000e+00,0.000000e+00,0.000000e+00
1.000000e+00,5.600000e-01,0.0,1.000000e+00,0.000000e+00,0.000000e+00
0.000000e+00,5.700000e-01,0.0,1.022577e+00,5.096247e-04,7.187317e-02
1.000000e-02,5.700000e-01,0.0,1.023139e+00,8.099902e-03,7.637877e-02
2.000000e-02,5.700000e-01,0.0,1.022265e+00,2.086479e-02,7.288770e-02
3.000000e-02,5.700000e-01,0.0,1.022586e+00,3.097262e-02,7.207784e-02
4.000000e-02,5.700000e-01,0.0,1.022846e+00,4.058623e-02,7.069700e-02
5.000000e-02,5.700000e-01,0.0,1.022800e+00,4.803424e-02,6.810288e-02
6.000000e-02,5.700000e-01,0.0,1.022085e+00,5.288910e-02,6.363867e-02
7.000000e-02,5.700000e-01,0.0,1.020688e+00,5.556203e-02,5.653992e-02
8.000000e-02,5.700000e-01,0.0,1.017945e+00,5.408280e-02,4.696671e-02
9.000000e-02,5.700000e-01,0.0,1.013728e+00,4.825944e-02,3.470250e-02
1.000000e-01,5.700000e-01,0.0,1.007802e+00,3.851105e-02,1.816470e-02
1.100000e-01,5.700000e-01,0.0,1.001280e+00,2.610146e-02,1.664838e-03
1.200000e-01,5.700000e-01,0.0,9.957282e-01,1.479540e-02,-1.135027e-02
1.300000e-01,5.700000e-01,0.0,9.919982e-01,6.870987e-03,-1.977001e-02
1.400000e-01,5.700000e-01,0.0,9.899706e-01,2.726759e-03,-2.464257e-02
1.500000e-01,5.700000e-01,0.0,9.892632e-01,1.564121e-03,-2.669374e-02
1.600000e-01,5.700000e-01,0.0,9.892695e-01,1.513600e-03,-2.697855e-02
1.700000e-01,5.700000e-01,0.0,9.894938e-01,1.634856e-03,-2.681027e-02
1.800000e-01,5.700000e-01,0.0,9.896786e-01,1.443975e-03,-2.656985e-02
1.900000e-01,5.700000e-01,0.0,9.897819e-01,9.647630e-04,-2.642887e-02
2.000000e-01,5.700000e-01,0.0,9.897859e-01,1.877815e-04,-2.641639e-02
2.100000e-01,5.700000e-01,0.0,9.897322e-01,-6.970460e-04,-2.650766e-02
2.200000e-01,5.700000e-01,0.0,9.897180e-01,-1.493546e-03,-2.647650e-02
2.300000e-01,5.700000e-01,0.0,9.897553e-01,-2.210844e-03,-2.628591e-02
2.400000e-01,5.700000e-01,0.0,9.898284e-01,-2.892676e-03,-2.597435e-02
2.500000e-01,5.700000e-01,0.0,9.899296e-01,-3.560370e-03,-2.554778e-02
2.600000e-01,5.700000e-01,0.0,9.900688e-01,-4.197089e-03,-2.497368e-02
2.700000e-01,5.700000e-01,0.0,9.902605e-01,-4.790957e-03,-2.420390e-02
2.800000e-01,5.700000e-01,0.0,9.905347e-01,-5.280997e-03,-2.317220e-02
2.900000e-01,5.700000e-01,0.0,9.909091e-01,-5.649576e-03,-2.180380e-02
3.000000e-01,5.700000e-01,0.0,9.914224e-01,-5.836413e-03,-2.001731e-02
3.100000e-01,5.700000e-01,0.0,9.921145e-01,-5.772929e-03,-1.771571e-02
3.200000e-01,5.700000e-01,0.0,9.930270e-01,-5.383886e-03,-1.477404e-02
3.300000e-01,5.700000e-01,0.0,9.942107e-01,-4.566530e-03,-1.107007e-02
3.400000e-01,5.700000e-01,0.0,9.957151e-01,-3.208859e-03,-6.487748e-03
3.500000e-01,5.700000e-01,0.0,9.975860e-01,-1.196311e-03,-9.257238e-04
3.600000e-01,5.700000e-01,0.0,9.998633e-01,1.580349e-03,5.688642e-03
3.700000e-01,5.700000e-01,0.0,1.002573e+00,5.226415e-03,1.339513e-02
3.800000e-01,5.700000e-01,0.0,1.005726e+00,9.823138e-03,2.217847e-02
3.900000e-01,5.700000e-01,0.0,1.009291e+00,1.539706e-02,3.192447e-02
4.000000e-01,5.700000e-01,0.0,1.013164e+00,2.185242e-02,4.226848e-02
4.100000e-01,5.700000e-01,0.0,1.017085e+00,2.882506e-02,5.240148e-02
4.200000e-01,5.700000e-01,0.0,1.020600e+00,3.549994e-02,6.100179e-02
4.300000e-01,5.700000e-01,0.0,1.023174e+00,4.099230e-02,6.666288e-02
4.400000e-01,5.700000e-01,0.0,1.024670e+00,4.471683e-02,6.903698e-02
4.500000e-01,5.700000e-01,0.0,1.025329e+00,4.722801e-02,6.916011e-02
4.600000e-01,5.700000e-01,0.0,1.025619e+00,4.887991e-02,6.837272e-02
4.700000e-01,5.700000e-01,0.0,1.025516e+00,4.968881e-02,6.657659e-02
4.800000e-01,5.700000e-01,0.0,1.024738e+00,4.904647e-02,6.290237e-02
4.900000e-01,5.700000e-01,0.0,1.022073e+00,4.388147e-02,5.468753e-02
5.000000e-01,5.700000e-01,0.0,1.016030e+00,3.137090e-02,3.831093e-02
5.100000e-01,5.700000e-01,0.0,1.007826e+00,1.478061e-02,1.782067e-02
5.200000e-01,5.700000e-01,0.0,1.002229e+00,4.082193e-03,4.843565e-03
5.300000e-01,5.700000e-01,0.0,1.000418e+00,7.741777e-04,8.871743e-04
5.400000e-01,5.700000e-01,0.0,1.000083e+00,1.636107e-04,1.790358e-04
5.500000e-01,5.700000e-01,0.0,1.000027e+00,5.744467e-05,6.058111e-05
5.600000e-01,5.700000e-01,0.0,1.000013e+00,2.737882e-05,2.807393e-05
5.700000e-01,5.700000e-01,0.0,1.000006e+00,1.241766e-05,1.241766e-05
5.800000e-01,5.700000e-01,0.0,1.000002e+00,4.276785e-06,4.177110e-06
5.900000e-01,5.700000e-01,0.0,1.000001e+00,1.074308e-06,1.024863e-06
6.000000e-01,5.700000e-01,0.0,1.000000e+00,2.462269e-07,2.295559e-07
6.100000e-01,5.700000e-01,0.0,1.000000e+00,8.024945e-08,7.306009e-08
6.200000e-01,5.700000e-01,0.0,1.000000e+00,4.476026e-08,3.967563e-08
6.300000e-01,5.700000e-01,0.0,1.000000e+00,3.252150e-08,2.796276e-08
6.400000e-01,5.700000e-01,0.0,1.000000e+00,2.490699e-08,2.081186e-08
6.500000e-01,5.700000e-01,0.0,1.000000e+00,1.896274e-08,1.546095e-08
6.600000e-01,5.700000e-01,0.0,1.000000e+00,1.426612e-08,1.137138e-08
6.700000e-01,5.700000e-01,0.0,1.000000e+00,1.062324e-08,8.286203e-09
6.800000e-01,5.700000e-01,0.0,1.000000e+00,7.833630e-09,5.984943e-09
6.900000e-01,5.700000e-01,0.0,1.000000e+00,5.716555e-09,4.282160e-09
7.000000e-01,5.700000e-01,0.0,1.000000e+00,4.123829e-09,3.031698e-09
7.100000e-01,5.700000e-01,0.0,1.000000e+00,2.937350e-09,2.121250e-09
7.200000e-01,5.700000e-01,0.0,1.000000e+00,2.063500e-09,1.465025e-09
7.300000e-01,5.700000e-01,0.0,1.000000e+00,1.428167e-09,9.975527e-10
7.400000e-01,5.700000e-01,0.0,1.000000e+00,9.728428e-10,6.689427e-10
7.500000e-01,5.700000e-01,0.0,1.000000e+00,6.516212e-10,4.413350e-10
7.600000e-01,5.700000e-01,0.0,1.000000e+00,4.288192e-10,2.862079e-10
7.700000e-01,5.700000e-01,0.0,1.000000e+00,2.770481e-10,1.822971e-10
7.800000e-01,5.700000e-01,0.0,1.000000e+00,1.756122e-10,1.139607e-10
7.900000e-01,5.700000e-01,0.0,1.000000e+00,1.091501e-10,6.987847e-11
8.000000e-01,5.700000e-01,0.0,1.000000e+00,6.648970e-11,4.200643e-11
8.100000e-01,5.700000e-01,0.0,1.000000e+00,3.967899e-11,2.474495e-11
8.200000e-01,5.700000e-01,0.0,1.000000e+00,2.318969e-11,1.427868e-11
8.300000e-01,5.700000e-01,0.0,1.000000e+00,1.326879e-11,8.068480e-12
8.400000e-01,5.700000e-01,0.0,1.000000e+00,7.431316e-12,4.463529e-12
8.500000e-01,5.700000e-01,0.0,1.000000e+00,4.072914e-12,2.417171e-12
8.600000e-01,5.700000e-01,0.0,1.000000e+00,2.184021e-12,1.280993e-12
8.700000e-01,5.700000e-01,0.0,1.000000e+00,1.145604e-12,6.641055e-13
8.800000e-01,5.700000e-01,0.0,1.000000e+00,5.877871e-13,3.368976e-13
8.900000e-01,5.700000e-01,0.0,1.000000e+00,2.950072e-13,1.671000e-13
9.000000e-01,5.700000e-01,0.0,1.000000e+00,1.445059e-13,8.087576e-14
9.100000e-01,5.700000e-01,0.0,1.000000e+00,6.925409e-14,3.827619e-14
9.200000e-01,5.700000e-01,0.0,1.000000e+00,3.216803e-14,1.778708e-14
9.300000e-01,5.700000e-01,0.0,1.000000e+00,1.454350e-14,7.893610e-15
9.400000e-01,5.700000e-01,0.0,1.000000e+00,6.325837e-15,3.730654e-15
9.500000e-01,5.700000e-01,0.0,1.000000e+00,2.649419e-15,1.459962e-15
9.600000e-01,5.700000e-01,0.0,1.000000e+00,9.733331e-16,6.489393e-16
9.700000e-01,5.700000e-01,0.0,1.000000e+00,2.163238e-16,5.407975e-17
9.800000e-01,5.700000e-01,0.0,1.000000e+00,0.000000e+00,0.000000e+00
9.900000e-01,5.700000e-01,0.0,1.000000e+00,0.000000e+00,0.000000e+00
1.000000e+00,5.700000e-01,0.0,1.000000e+00,0.000000e+00,0.000000e+00
0.000000e+00,5.800000e-01,0.0,1.033376e+00,1.300118e-04,1.027204e-01
1.000000e-02,5.800000e-01,0.0,1.034099e+00,6.884783e-03,1.075337e-01
2.000000e-02,5.800000e-01,0.0,1.033201e+00,1.940153e-02,1.039465e-01
3.000000e-02,5.800000e-01,0.0,1.032861e+00,2.851949e-02,1.010650e-01
4.000000e-02,5.800000e-01,0.0,1.031525e+00,3.605820e-02,9.557526e-02
5.000000e-02,5.800000e-01,0.0,1.029578e+00,4.201064e-02,8.785238e-02
6.000000e-02,5.800000e-01,0.0,1.026811e+00,4.507185e-02,7.743691e-02
7.000000e-02,5.800000e-01,0.0,1.022882e+00,4.405030e-02,6.416677e-02
8.000000e-02,5.800000e-01,0.0,1.017693e+00,3.934427e-02,4.860994e-02
9.000000e-02,5.800000e-01,0.0,1.011563e+00,3.156374e-02,3.146859e-02
1.000000e-01,5.800000e-01,0.0,1.005086e+00,2.181002e-02,1.445446e-02
1.100000e-01,5.800000e-01,0.0,9.993370e-01,1.236625e-02,2.076781e-04
1.200000e-01,5.800000e-01,0.0,9.949139e-01,5.054254e-03,-1.066797e-02
1.300000e-01,5.800000e-01,0.0,9.921140e-01,1.120021e-03,-1.769188e-02
1.400000e-01,5.800000e-01,0.0,9.911163e-01,5.397188e-04,-2.050797e-02
1.500000e-01,5.800000e-01,0.0,9.910490e-01,9.898698e-04,-2.105036e-02
1.600000e-01,5.800000e-01,0.0,9.912543e-01,1.637160e-03,-2.104389e-02
1.700000e-01,5.800000e-01,0.0,9.913808e-01,1.748943e-03,-2.101685e-02
1.800000e-01,5.800000e-01,0.0,9.913994e-01,1.468726e-03,-2.117464e-02
1.900000e-01,5.800000e-01,0.0,9.913164e-01,8.191411e-04,-2.144090e-02
2.000000e-01,5.800000e-01,0.0,9.912209e-01,5.080510e-05,-2.166589e-02
2.100000e-01,5.800000e-01,0.0,9.912047e-01,-6.485319e-04,-2.167601e-02
2.200000e-01,5.800000e-01,0.0,9.912774e-01,-1.221807e-03,-2.141923e-02
2.300000e-01,5.800000e-01,0.0,9.914153e-01,-1.762707e-03,-2.095443e-02
2.400000e-01,5.800000e-01,0.0,9.915995e-01,-2.301349e-03,-2.029682e-02
2.500000e-01,5.800000e-01,0.0,9.918526e-01,-2.771337e-03,-1.942303e-02
2.600000e-01,5.800000e-01,0.0,9.921874e-01,-3.161870e-03,-1.827138e-02
2.700000e-01,5.800000e-01,0.0,9.926263e-01,-3.438252e-03,-1.677424e-02
2.800000e-01,5.800000e-01,0.0,9.931975e-01,-3.554238e-03,-1.488076e-02
2.900000e-01,5.800000e-01,0.0,9.939298e-01,-3.460350e-03,-1.250948e-02
3.000000e-01,5.800000e-01,0.0,9.948554e-01,-3.094225e-03,-9.563015e-03
3.100000e-01,5.800000e-01,0.0,9.960105e-01,-2.381473e-03,-5.955774e-03
3.200000e-01,5.800000e-01,0.0,9.974350e-01,-1.237995e-03,-1.595838e-03
3.300000e-01,5.800000e-01,0.0,9.991659e-01,4.287470e-04,3.604936e-03
3.400000e-01,5.800000e-01,0.0,1.001235e+00,2.717494e-03,9.713984e-03
3.500000e-01,5.800000e-01,0.0,1.003667e+00,5.711187e-03,1.675936e-02
3.600000e-01,5.800000e-01,0.0,1.006463e+00,9.473451e-03,2.471346e-02
3.700000e-01,5.800000e-01,0.0,1.009591e+00,1.401777e-02,3.345698e-02
3.800000e-01,5.800000e-01,0.0,1.012955e+00,1.926731e-02,4.266337e-02
3.900000e-01,5.800000e-01,0.0,1.016365e+00,2.495869e-02,5.172138e-02
4.000000e-01,5.800000e-01,0.0,1.019497e+00,3.060133e-02,5.968553e-02
4.100000e-01,5.800000e-01,0.0,1.021985e+00,3.559708e-02,6.553648e-02
4.200000e-01,5.800000e-01,0.0,1.023649e+00,3.945108e-02,6.870642e-02
4.300000e-01,5.800000e-01,0.0,1.024543e+00,4.231746e-02,6.969482e-02
4.400000e-01,5.800000e-01,0.0,1.025028e+00,4.453928e-02,6.945871e-02
4.500000e-01,5.800000e-01,0.0,1.025256e+00,4.611724e-02,6.863150e-02
4.600000e-01,5.800000e-01,0.0,1.025048e+00,4.686627e-02,6.644363e-02
4.700000e-01,5.800000e-01,0.0,1.023927e+00,4.559730e-02,6.188989e-02
4.800000e-01,5.800000e-01,0.0,1.020640e+00,3.937667e-02,5.202094e-02
4.900000e-01,5.800000e-01,0.0,1.014201e+00,2.660387e-02,3.454521e-02
5.000000e-01,5.800000e-01,0.0,1.006550e+00,1.183688e-02,1.524032e-02
5.100000e-01,5.800000e-01,0.0,1.001822e+00,3.203412e-03,4.069194e-03
5.200000e-01,5.800000e-01,0.0,1.000352e+00,6.300805e-04,7.711619e-04
5.300000e-01,5.800000e-01,0.0,1.000074e+00,1.426806e-04,1.655708e-04
5.400000e-01,5.800000e-01,0.0,1.000026e+00,5.259081e-05,5.847933e-05
5.500000e-01,5.800000e-01,0.0,1.000012e+00,2.566805e-05,2.767293e-05
5.600000e-01,5.800000e-01,0.0,1.000006e+00,1.186260e-05,1.244758e-05
5.700000e-01,5.800000e-01,0.0,1.000002e+00,4.177110e-06,4.276785e-06
5.800000e-01,5.800000e-01,0.0,1.000001e+00,1.075634e-06,1.075634e-06
5.900000e-01,5.800000e-01,0.0,1.000000e+00,2.509738e-07,2.451792e-07
6.000000e-01,5.800000e-01,0.0,1.000000e+00,8.166931e-08,7.793178e-08
6.100000e-01,5.800000e-01,0.0,1.000000e+00,4.517065e-08,4.202961e-08
6.200000e-01,5.800000e-01,0.0,1.000000e+00,3.280961e-08,2.968241e-08
6.300000e-01,5.800000e-01,0.0,1.000000e+00,2.525862e-08,2.222700e-08
6.400000e-01,5.800000e-01,0.0,1.000000e+00,1.935952e-08,1.661667e-08
6.500000e-01,5.800000e-01,0.0,1.000000e+00,1.466204e-08,1.229480e-08
6.600000e-01,5.800000e-01,0.0,1.000000e+00,1.098935e-08,9.010819e-09
6.700000e-01,5.800000e-01,0.0,1.000000e+00,8.156150e-09,6.545229e-09
6.800000e-01,5.800000e-01,0.0,1.000000e+00,5.990716e-09,4.709576e-09
6.900000e-01,5.800000e-01,0.0,1.000000e+00,4.350126e-09,3.353425e-09
7.000000e-01,5.800000e-01,0.0,1.000000e+00,3.119340e-09,2.360114e-09
7.100000e-01,5.800000e-01,0.0,1.000000e+00,2.206373e-09,1.639833e-09
7.200000e-01,5.800000e-01,0.0,1.000000e+00,1.537769e-09,1.123549e-09
7.300000e-01,5.800000e-01,0.0,1.000000e+00,1.055041e-09,7.583046e-10
7.400000e-01,5.800000e-01,0.0,1.000000e+00,7.118955e-10,5.036430e-10
7.500000e-01,5.800000e-01,0.0,1.000000e+00,4.720293e-10,3.288787e-10
7.600000e-01,5.800000e-01,0.0,1.000000e+00,3.073275e-10,2.109740e-10
7.700000e-01,5.800000e-01,0.0,1.000000e+00,1.963467e-10,1.328590e-10
7.800000e-01,5.800000e-01,0.0,1.000000e+00,1.230220e-10,8.208199e-11
7.900000e-01,5.800000e-01,0.0,1.000000e+00,7.555455e-11,4.972431e-11
8.000000e-01,5.800000e-01,0.0,1.000000e+00,4.546409e-11,2.952206e-11
8.100000e-01,5.800000e-01,0.0,1.000000e+00,2.679460e-11,1.717187e-11
8.200000e-01,5.800000e-01,0.0,1.000000e+00,1.546217e-11,9.782213e-12
8.300000e-01,5.800000e-01,0.0,1.000000e+00,8.734008e-12,5.456064e-12
8.400000e-01,5.800000e-01,0.0,1.000000e+00,4.828385e-12,2.979019e-12
8.500000e-01,5.800000e-01,0.0,1.000000e+00,2.612037e-12,1.591978e-12
8.600000e-01,5.800000e-01,0.0,1.000000e+00,1.382267e-12,8.326022e-13
8.700000e-01,5.800000e-01,0.0,1.000000e+00,7.155272e-13,4.257695e-13
8.800000e-01,5.800000e-01,0.0,1.000000e+00,3.619867e-13,2.129969e-13
8.900000e-01,5.800000e-01,0.0,1.000000e+00,1.789963e-13,1.043376e-13
9.000000e-01,5.800000e-01,0.0,1.000000e+00,8.644540e-14,4.984555e-14
9.100000e-01,5.800000e-01,0.0,1.000000e+00,4.065570e-14,2.335538e-14
9.200000e-01,5.800000e-01,0.0,1.000000e+00,1.849027e-14,1.048863e-14
9.300000e-01,5.800000e-01,0.0,1.000000e+00,8.218171e-15,4.541634e-15
9.400000e-01,5.800000e-01,0.0,1.000000e+00,3.568492e-15,2.000609e-15
9.500000e-01,5.800000e-01,0.0,1.000000e+00,1.297758e-15,7.029698e-16
9.600000e-01,5.800000e-01,0.0,1.000000e+00,3.785631e-16,1.081619e-16
9.700000e-01,5.800000e-01,0.0,1.000000e+00,0.000000e+00,0.000000e+00
9.800000e-01,5.800000e-01,0.0,1.000000e+00,0.000000e+00,0.000000e+00
9.900000e-01,5.800000e-01,0.0,1.000000e+00,0.000000e+00,0.000000e+00
1.000000e+00,5.800000e-01,0.0,1.000000e+00,0.000000e+00,0.000000e+00
0.000000e+00,5.900000e-01,0.0,1.041543e+00,-2.062909e-04,1.266129e-01
1.000000e-02,5.900000e-01,0.0,1.042615e+00,6.223259e-03,1.314563e-01
2.000000e-02,5.900000e-01,0.0,1.041461e+00,1.685281e-02,1.269979e-01
3.000000e-02,5.900000e-01,0.0,1.040031e+00,2.292407e-02,1.216251e-01
4.000000e-02,5.900000e-01,0.0,1.037660e+00,2.818291e-02,1.129904e-01
5.000000e-02,5.900000e-01,0.0,1.034132e+00,3.070455e-02,1.011203e-01
6.000000e-02,5.900000e-01,0.0,1.029386e+00,3.068037e-02,8.605371e-02
7.000000e-02,5.900000e-01,0.0,1.023576e+00,2.762465e-02,6.832174e-02
8.000000e-02,5.900000e-01,0.0,1.017233e+00,2.167656e-02,5.007897e-02
9.000000e-02,5.900000e-01,0.0,1.010595e+00,1.411343e-02,3.210131e-02
1.000000e-01,5.900000e-01,0.0,1.004384e+00,6.540389e-03,1.593350e-02
1.100000e-01,5.900000e-01,0.0,9.993796e-01,6.334027e-04,3.043870e-03
1.200000e-01,5.900000e-01,0.0,9.962100e-01,-2.118785e-03,-4.980770e-03
1.300000e-01,5.900000e-01,0.0,9.950980e-01,-1.698127e-03,-8.155955e-03
1.400000e-01,5.900000e-01,0.0,9.949247e-01,-4.833000e-04,-8.941775e-03
1.500000e-01,5.900000e-01,0.0,9.949624e-01,7.475217e-04,-9.373871e-03
1.600000e-01,5.900000e-01,0.0,9.948877e-01,1.307562e-03,-9.954234e-03
1.700000e-01,5.900000e-01,0.0,9.947098e-01,1.320636e-03,-1.073685e-02
1.800000e-01,5.900000e-01,0.0,9.944530e-01,8.946566e-04,-1.152529e-02
1.900000e-01,5.900000e-01,0.0,9.942333e-01,3.662655e-04,-1.218347e-02
2.000000e-01,5.900000e-01,0.0,9.941213e-01,-2.049066e-05,-1.246113e-02
2.100000e-01,5.900000e-01,0.0,9.941907e-01,-3.575361e-04,-1.227490e-02
2.200000e-01,5.900000e-01,0.0,9.943417e-01,-7.204359e-04,-1.177485e-02
2.300000e-01,5.900000e-01,0.0,9.945733e-01,-1.017403e-03,-1.102263e-02
2.400000e-01,5.900000e-01,0.0,9.949010e-01,-1.254731e-03,-9.953998e-03
2.500000e-01,5.900000e-01,0.0,9.953419e-01,-1.401274e-03,-8.523133e-03
2.600000e-01,5.900000e-01,0.0,9.959155e-01,-1.412403e-03,-6.686308e-03
2.700000e-01,5.900000e-01,0.0,9.966415e-01,-1.245663e-03,-4.380035e-03
2.800000e-01,5.900000e-01,0.0,9.975436e-01,-8.527966e-04,-1.545692e-03
2.900000e-01,5.900000e-01,0.0,9.986487e-01,-1.772186e-04,1.880408e-03
3.000000e-01,5.900000e-01,0.0,9.999839e-01,8.472544e-04,5.969202e-03
3.100000e-01,5.900000e-01,0.0,1.001577e+00,2.292736e-03,1.078262e-02
3.200000e-01,5.900000e-01,0.0,1.003449e+00,4.229730e-03,1.636051e-02
3.300000e-01,5.900000e-01,0.0,1.005614e+00,6.725237e-03,2.271279e-02
3.400000e-01,5.900000e-01,0.0,1.008066e+00,9.824193e-03,2.979341e-02
3.500000e-01,5.900000e-01,0.0,1.010764e+00,1.352735e-02,3.746334e-02
3.600000e-01,5.900000e-01,0.0,1.013621e+00,1.776414e-02,4.541790e-02
3.700000e-01,5.900000e-01,0.0,1.016485e+00,2.233554e-02,5.314762e-02
3.800000e-01,5.900000e-01,0.0,1.019114e+00,2.691664e-02,5.997629e-02
3.900000e-01,5.900000e-01,0.0,1.021262e+00,3.111402e-02,6.518042e-02
4.000000e-01,5.900000e-01,0.0,1.022797e+00,3.460650e-02,6.833892e-02
4.100000e-01,5.900000e-01,0.0,1.023732e+00,3.742281e-02,6.967670e-02
4.200000e-01,5.900000e-01,0.0,1.024286e+00,3.979803e-02,6.984492e-02
4.300000e-01,5.900000e-01,0.0,1.024689e+00,4.185092e-02,6.946899e-02
4.400000e-01,5.900000e-01,0.0,1.024775e+00,4.321288e-02,6.837599e-02
4.500000e-01,5.900000e-01,0.0,1.024356e+00,4.370967e-02,6.550729e-02
4.600000e-01,5.900000e-01,0.0,1.022691e+00,4.139629e-02,5.960094e-02
4.700000e-01,5.900000e-01,0.0,1.018651e+00,3.397575e-02,4.772905e-02
4.800000e-01,5.900000e-01,0.0,1.011955e+00,2.133528e-02,2.954157e-02
4.900000e-01,5.900000e-01,0.0,1.005137e+00,8.850692e-03,1.219398e-02
5.000000e-01,5.900000e-01,0.0,1.001387e+00,2.340033e-03,3.179954e-03
5.100000e-01,5.900000e-01,0.0,1.000278e+00,4.810649e-04,6.271300e-04
5.200000e-01,5.900000e-01,0.0,1.000063e+00,1.184105e-04,1.454533e-04
5.300000e-01,5.900000e-01,0.0,1.000023e+00,4.623611e-05,5.419258e-05
5.400000e-01,5.900000e-01,0.0,1.000011e+00,2.312944e-05,2.621763e-05
5.500000e-01,5.900000e-01,0.0,1.000005e+00,1.085015e-05,1.194688e-05
5.600000e-01,5.900000e-01,0.0,1.000002e+00,3.887175e-06,4.172312e-06
5.700000e-01,5.900000e-01,0.0,1.000001e+00,1.024863e-06,1.074308e-06
5.800000e-01,5.900000e-01,0.0,1.000000e+00,2.451792e-07,2.509738e-07
5.900000e-01,5.900000e-01,0.0,1.000000e+00,8.089213e-08,8.089213e-08
6.000000e-01,5.900000e-01,0.0,1.000000e+00,4.484865e-08,4.378601e-08
6.100000e-01,5.900000e-01,0.0,1.000000e+00,3.266161e-08,3.107102e-08
6.200000e-01,5.900000e-01,0.0,1.000000e+00,2.528197e-08,2.341942e-08
6.300000e-01,5.900000e-01,0.0,1.000000e+00,1.950708e-08,1.762117e-08
6.400000e-01,5.900000e-01,0.0,1.000000e+00,1.487372e-08,1.311816e-08
6.500000e-01,5.900000e-01,0.0,1.000000e+00,1.122203e-08,9.671380e-09
6.600000e-01,5.900000e-01,0.0,1.000000e+00,8.383709e-09,7.065972e-09
6.700000e-01,5.900000e-01,0.0,1.000000e+00,6.198491e-09,5.113676e-09
6.800000e-01,5.900000e-01,0.0,1.000000e+00,4.530919e-09,3.662290e-09
6.900000e-01,5.900000e-01,0.0,1.000000e+00,3.270833e-09,2.592639e-09
7.000000e-01,5.900000e-01,0.0,1.000000e+00,2.329330e-09,1.812202e-09
7.100000e-01,5.900000e-01,0.0,1.000000e+00,1.634766e-09,1.249300e-09
7.200000e-01,5.900000e-01,0.0,1.000000e+00,1.129562e-09,8.485291e-10
7.300000e-01,5.900000e-01,0.0,1.000000e+00,7.677174e-10,5.672601e-10
7.400000e-01,5.900000e-01,0.0,1.000000e+00,5.128249e-10,3.729254e-10
7.500000e-01,5.900000e-01,0.0,1.000000e+00,3.364234e-10,2.408972e-10
7.600000e-01,5.900000e-01,0.0,1.000000e+00,2.166010e-10,1.527900e-10
7.700000e-01,5.900000e-01,0.0,1.000000e+00,1.367839e-10,9.509033e-11
7.800000e-01,5.900000e-01,0.0,1.000000e+00,8.468070e-11,5.803776e-11
7.900000e-01,5.900000e-01,0.0,1.000000e+00,5.137088e-11,3.472236e-11
8.000000e-01,5.900000e-01,0.0,1.000000e+00,3.052565e-11,2.035433e-11
8.100000e-01,5.900000e-01,0.0,1.000000e+00,1.776219e-11,1.168718e-11
8.200000e-01,5.900000e-01,0.0,1.000000e+00,1.011783e-11,6.571082e-12
8.300000e-01,5.900000e-01,0.0,1.000000e+00,5.640611e-12,3.616813e-12
8.400000e-01,5.900000e-01,0.0,1.000000e+00,3.077242e-12,1.948586e-12
8.500000e-01,5.900000e-01,0.0,1.000000e+00,1.642659e-12,1.027100e-12
8.600000e-01,5.900000e-01,0.0,1.000000e+00,8.573218e-13,5.296692e-13
8.700000e-01,5.900000e-01,0.0,1.000000e+00,4.377240e-13,2.673263e-13
8.800000e-01,5.900000e-01,0.0,1.000000e+00,2.182440e-13,1.318545e-13
8.900000e-01,5.900000e-01,0.0,1.000000e+00,1.065022e-13,6.346879e-14
9.000000e-01,5.900000e-01,0.0,1.000000e+00,5.065734e-14,2.989718e-14
9.100000e-01,5.900000e-01,0.0,1.000000e+00,2.335587e-14,1.384059e-14
9.200000e-01,5.900000e-01,0.0,1.000000e+00,1.032661e-14,6.109457e-15
9.300000e-01,5.900000e-01,0.0,1.000000e+00,4.487778e-15,2.649363e-15
9.400000e-01,5.900000e-01,0.0,1.000000e+00,1.730320e-15,9.192703e-16
9.500000e-01,5.900000e-01,0.0,1.000000e+00,5.407749e-16,3.244809e-16
9.600000e-01,5.900000e-01,0.0,1.000000e+00,3.419353e-34,0.000000e+00
9.700000e-01,5.900000e-01,0.0,1.000000e+00,0.000000e+00,0.000000e+00
9.800000e-01,5.900000e-01,0.0,1.000000e+00,0.000000e+00,0.000000e+00
9.900000e-01,5.900000e-01,0.0,1.000000e+00,0.000000e+00,0.000000e+00
1.000000e+00,5.900000e-01,0.0,1.000000e+00,0.000000e+00,0.000000e+00
0.000000e+00,6.000000e-01,0.0,1.046737e+00,2.601526e-04,1.415640e-01
1.000000e-02,6.000000e-01,0.0,1.047321e+00,4.586717e-03,1.434887e-01
2.000000e-02,6.000000e-01,0.0,1.045232e+00,1.166436e-02,1.369206e-01
3.000000e-02,6.000000e-01,0.0,1.042885e+00,1.529225e-02,1.289183e-01
4.000000e-02,6.000000e-01,0.0,1.039490e+00,1.713742e-02,1.180484e-01
5.000000e-02,6.000000e-01,0.0,1.035181e+00,1.686044e-02,1.047672e-01
6.000000e-02,6.000000e-01,0.0,1.029912e+00,1.417468e-02,8.888549e-02
7.000000e-02,6.000000e-01,0.0,1.023798e+00,9.684536e-03,7.133777e-02
8.000000e-02,6.000000e-01,0.0,1.017106e+00,3.867306e-03,5.254307e-02
9.000000e-02,6.000000e-01,0.0,1.010924e+00,-2.024792e-03,3.597873e-02
1.000000e-01,6.000000e-01,0.0,1.006025e+00,-5.874206e-03,2.325019e-02
1.100000e-01,6.000000e-01,0.0,1.002986e+00,-6.916639e-03,1.547132e-02
1.200000e-01,6.000000e-01,0.0,1.001777e+00,-5.404131e-03,1.213246e-02
1.300000e-01,6.000000e-01,0.0,1.001337e+00,-3.374780e-03,1.070562e-02
1.400000e-01,6.000000e-01,0.0,1.000998e+00,-1.572661e-03,9.289417e-03
1.500000e-01,6.000000e-01,0.0,1.000571e+00,-4.295081e-04,7.644423e-03
1.600000e-01,6.000000e-01,0.0,1.000031e+00,-1.133654e-06,5.889152e-03
1.700000e-01,6.000000e-01,0.0,9.995067e-01,6.732199e-05,4.283438e-03
1.800000e-01,6.000000e-01,0.0,9.990953e-01,-4.823110e-06,3.047269e-03
1.900000e-01,6.000000e-01,0.0,9.988602e-01,-5.678023e-05,2.337054e-03
2.000000e-01,6.000000e-01,0.0,9.988097e-01,-2.232503e-05,2.149811e-03
2.100000e-01,6.000000e-01,0.0,9.988702e-01,1.784511e-05,2.368623e-03
2.200000e-01,6.000000e-01,0.0,9.990781e-01,3.409218e-05,3.006892e-03
2.300000e-01,6.000000e-01,0.0,9.994161e-01,9.727336e-05,4.066068e-03
2.400000e-01,6.000000e-01,0.0,9.998896e-01,2.715300e-04,5.551583e-03
2.500000e-01,6.000000e-01,0.0,1.000520e+00,5.741204e-04,7.520764e-03
2.600000e-01,6.000000e-01,0.0,1.001321e+00,1.056397e-03,1.000284e-02
2.700000e-01,6.000000e-01,0.0,1.002307e+00,1.764176e-03,1.303859e-02
2.800000e-01,6.000000e-01,0.0,1.003495e+00,2.747221e-03,1.666369e-02
2.900000e-01,6.000000e-01,0.0,1.004898e+00,4.057209e-03,2.090537e-02
3.000000e-01,6.000000e-01,0.0,1.006530e+00,5.747014e-03,2.578021e-02
3.100000e-01,6.000000e-01,0.0,1.008387e+00,7.864297e-03,3.126715e-02
3.200000e-01,6.000000e-01,0.0,1.010453e+00,1.043116e-02,3.728818e-02
3.300000e-01,6.000000e-01,0.0,1.012682e+00,1.342819e-02,4.367415e-02
3.400000e-01,6.000000e-01,0.0,1.014990e+00,1.678859e-02,5.014497e-02
3.500000e-01,6.000000e-01,0.0,1.017250e+00,2.038185e-02,5.629344e-02
3.600000e-01,6.000000e-01,0.0,1.019297e+00,2.397234e-02,6.163849e-02
3.700000e-01,6.000000e-01,0.0,1.020975e+00,2.734276e-02,6.571333e-02
3.800000e-01,6.000000e-01,0.0,1.022214e+00,3.029265e-02,6.826000e-02
3.900000e-01,6.000000e-01,0.0,1.023027e+00,3.284744e-02,6.946605e-02
4.000000e-01,6.000000e-01,0.0,1.023551e+00,3.512903e-02,6.977428e-02
4.100000e-01,6.000000e-01,0.0,1.023971e+00,3.727828e-02,6.960998e-02
4.200000e-01,6.000000e-01,0.0,1.024237e+00,3.906218e-02,6.909963e-02
4.300000e-01,6.000000e-01,0.0,1.024110e+00,4.014498e-02,6.733051e-02
4.400000e-01,6.000000e-01,0.0,1.023298e+00,3.996706e-02,6.340449e-02
4.500000e-01,6.000000e-01,0.0,1.020860e+00,3.623537e-02,5.555988e-02
4.600000e-01,6.000000e-01,0.0,1.016063e+00,2.779417e-02,4.164393e-02
4.700000e-01,6.000000e-01,0.0,1.009436e+00,1.596428e-02,2.365447e-02
4.800000e-01,6.000000e-01,0.0,1.003744e+00,6.134854e-03,9.058634e-03
4.900000e-01,6.000000e-01,0.0,1.000983e+00,1.591783e-03,2.309908e-03
5.000000e-01,6.000000e-01,0.0,1.000206e+00,3.462132e-04,4.790910e-04
5.100000e-01,6.000000e-01,0.0,1.000052e+00,9.386183e-05,1.218063e-04
5.200000e-01,6.000000e-01,0.0,1.000020e+00,3.906240e-05,4.824247e-05
5.300000e-01,6.000000e-01,0.0,1.000010e+00,2.002497e-05,2.386480e-05
5.400000e-01,6.000000e-01,0.0,1.000005e+00,9.497421e-06,1.097390e-05
5.500000e-01,6.000000e-01,0.0,1.000002e+00,3.445951e-06,3.878004e-06
5.600000e-01,6.000000e-01,0.0,1.000000e+00,9.293496e-07,1.021246e-06
5.700000e-01,6.000000e-01,0.0,1.000000e+00,2.295559e-07,2.462269e-07
5.800000e-01,6.000000e-01,0.0,1.000000e+00,7.793178e-08,8.166931e-08
5.900000e-01,6.000000e-01,0.0,1.000000e+00,4.378601e-08,4.484865e-08
6.000000e-01,6.000000e-01,0.0,1.000000e+00,3.207618e-08,3.207618e-08
6.100000e-01,6.000000e-01,0.0,1.000000e+00,2.497456e-08,2.434635e-08
6.200000e-01,6.000000e-01,0.0,1.000000e+00,1.939886e-08,1.843833e-08
6.300000e-01,6.000000e-01,0.0,1.000000e+00,1.489217e-08,1.381220e-08
6.400000e-01,6.000000e-01,0.0,1.000000e+00,1.131165e-08,1.024491e-08
6.500000e-01,6.000000e-01,0.0,1.000000e+00,8.507135e-09,7.529611e-09
6.600000e-01,6.000000e-01,0.0,1.000000e+00,6.331738e-09,5.481339e-09
6.700000e-01,6.000000e-01,0.0,1.000000e+00,4.659333e-09,3.948676e-09
6.800000e-01,6.000000e-01,0.0,1.000000e+00,3.386240e-09,2.811902e-09
6.900000e-01,6.000000e-01,0.0,1.000000e+00,2.427977e-09,1.977235e-09
7.000000e-01,6.000000e-01,0.0,1.000000e+00,1.715795e-09,1.371397e-09
7.100000e-01,6.000000e-01,0.0,1.000000e+00,1.193897e-09,9.372899e-10
7.200000e-01,6.000000e-01,0.0,1.000000e+00,8.172647e-10,6.306295e-10
7.300000e-01,6.000000e-01,0.0,1.000000e+00,5.499158e-10,4.173291e-10
7.400000e-01,6.000000e-01,0.0,1.000000e+00,3.634469e-10,2.714154e-10
7.500000e-01,6.000000e-01,0.0,1.000000e+00,2.357785e-10,1.733504e-10
7.600000e-01,6.000000e-01,0.0,1.000000e+00,1.500465e-10,1.086592e-10
7.700000e-01,6.000000e-01,0.0,1.000000e+00,9.362196e-11,6.680589e-11
7.800000e-01,6.000000e-01,0.0,1.000000e+00,5.724792e-11,4.026753e-11
7.900000e-01,6.000000e-01,0.0,1.000000e+00,3.429306e-11,2.378492e-11
8.000000e-01,6.000000e-01,0.0,1.000000e+00,2.011734e-11,1.376240e-11
8.100000e-01,6.000000e-01,0.0,1.000000e+00,1.155380e-11,7.798527e-12
8.200000e-01,6.000000e-01,0.0,1.000000e+00,6.494834e-12,4.326551e-12
8.300000e-01,6.000000e-01,0.0,1.000000e+00,3.572879e-12,2.349465e-12
8.400000e-01,6.000000e-01,0.0,1.000000e+00,1.923052e-12,1.248518e-12
8.500000e-01,6.000000e-01,0.0,1.000000e+00,1.012576e-12,6.490298e-13
8.600000e-01,6.000000e-01,0.0,1.000000e+00,5.214071e-13,3.298729e-13
8.700000e-01,6.000000e-01,0.0,1.000000e+00,2.623572e-13,1.642366e-13
8.800000e-01,6.000000e-01,0.0,1.000000e+00,1.289919e-13,7.979530e-14
8.900000e-01,6.000000e-01,0.0,1.000000e+00,6.206433e-14,3.795244e-14
9.000000e-01,6.000000e-01,0.0,1.000000e+00,2.892430e-14,1.751696e-14
9.100000e-01,6.000000e-01,0.0,1.000000e+00,1.313796e-14,7.785530e-15
9.200000e-01,6.000000e-01,0.0,1.000000e+00,5.568979e-15,3.406375e-15
9.300000e-01,6.000000e-01,0.0,1.000000e+00,2.108776e-15,1.405870e-15
9.400000e-01,6.000000e-01,0.0,1.000000e+00,8.652172e-16,3.244672e-16
9.500000e-01,6.000000e-01,0.0,1.000000e+00,1.081595e-16,0.000000e+00
9.600000e-01,6.000000e-01,0.0,1.000000e+00,0.000000e+00,0.000000e+00
9.700000e-01,6.000000e-01,0.0,1.000000e+00,0.000000e+00,0.000000e+00
9.800000e-01,6.000000e-01,0.0,1.000000e+00,0.000000e+00,0.000000e+00
9.900000e-01,6.000000e-01,0.0,1.000000e+00,0.000000e+00,0.000000e+00
1.000000e+00,6.000000e-01,0.0,1.000000e+00,0.000000e+00,0.000000e+00
0.000000e+00,6.100000e-01,0.0,1.048750e+00,4.657273e-04,1.464067e-01
1.000000e-02,6.100000e-01,0.0,1.048320e+00,1.049541e-03,1.449729e-01
2.000000e-02,6.100000e-01,0.0,1.045836e+00,4.648738e-03,1.374917e-01
3.000000e-02,6.100000e-01,0.0,1.042995e+00,5.689085e-03,1.287021e-01
4.000000e-02,6.100000e-01,0.0,1.039206e+00,5.282386e-03,1.174153e-01
5.000000e-02,6.100000e-01,0.0,1.034556e+00,2.991908e-03,1.038990e-01
6.000000e-02,6.100000e-01,0.0,1.029172e+00,-1.175341e-03,8.862491e-02
7.000000e-02,6.100000e-01,0.0,1.023482e+00,-6.492745e-03,7.259808e-02
8.000000e-02,6.100000e-01,0.0,1.018221e+00,-1.089738e-02,5.839637e-02
9.000000e-02,6.100000e-01,0.0,1.014179e+00,-1.298004e-02,4.785518e-02
1.000000e-01,6.100000e-01,0.0,1.011722e+00,-1.266076e-02,4.157480e-02
1.100000e-01,6.100000e-01,0.0,1.010459e+00,-1.055610e-02,3.822761e-02
1.200000e-01,6.100000e-01,0.0,1.009671e+00,-7.981612e-03,3.598007e-02
1.300000e-01,6.100000e-01,0.0,1.008898e+00,-5.620040e-03,3.349549e-02
1.400000e-01,6.100000e-01,0.0,1.008046e+00,-3.900565e-03,3.074557e-02
1.500000e-01,6.100000e-01,0.0,1.007160e+00,-2.797560e-03,2.799419e-02
1.600000e-01,6.100000e-01,0.0,1.006350e+00,-2.064467e-03,2.553815e-02
1.700000e-01,6.100000e-01,0.0,1.005707e+00,-1.501124e-03,2.360589e-02
1.800000e-01,6.100000e-01,0.0,1.005264e+00,-1.000269e-03,2.227297e-02
1.900000e-01,6.100000e-01,0.0,1.005047e+00,-4.457402e-04,2.159095e-02
2.000000e-01,6.100000e-01,0.0,1.004981e+00,-9.405535e-06,2.141760e-02
2.100000e-01,6.100000e-01,0.0,1.005060e+00,4.298912e-04,2.162406e-02
2.200000e-01,6.100000e-01,0.0,1.005283e+00,9.808261e-04,2.232564e-02
2.300000e-01,6.100000e-01,0.0,1.005698e+00,1.519751e-03,2.359295e-02
2.400000e-01,6.100000e-01,0.0,1.006276e+00,2.186777e-03,2.536414e-02
2.500000e-01,6.100000e-01,0.0,1.007030e+00,3.010993e-03,2.766099e-02
2.600000e-01,6.100000e-01,0.0,1.007963e+00,4.028488e-03,3.048507e-02
2.700000e-01,6.100000e-01,0.0,1.009076e+00,5.282213e-03,3.383119e-02
2.800000e-01,6.100000e-01,0.0,1.010366e+00,6.808592e-03,3.767581e-02
2.900000e-01,6.100000e-01,0.0,1.011819e+00,8.633438e-03,4.195924e-02
3.000000e-01,6.100000e-01,0.0,1.013409e+00,1.075861e-02,4.658076e-02
3.100000e-01,6.100000e-01,0.0,1.015085e+00,1.316125e-02,5.136056e-02
3.200000e-01,6.100000e-01,0.0,1.016773e+00,1.578859e-02,5.606630e-02
3.300000e-01,6.100000e-01,0.0,1.018378e+00,1.855013e-02,6.039300e-02
3.400000e-01,6.100000e-01,0.0,1.019801e+00,2.130825e-02,6.403317e-02
3.500000e-01,6.100000e-01,0.0,1.020961e+00,2.394320e-02,6.672760e-02
3.600000e-01,6.100000e-01,0.0,1.021840e+00,2.637067e-02,6.841531e-02
3.700000e-01,6.100000e-01,0.0,1.022441e+00,2.860859e-02,6.921928e-02
3.800000e-01,6.100000e-01,0.0,1.022880e+00,3.071789e-02,6.948184e-02
3.900000e-01,6.100000e-01,0.0,1.023266e+00,3.280682e-02,6.939845e-02
4.000000e-01,6.100000e-01,0.0,1.023575e+00,3.471635e-02,6.909423e-02
4.100000e-01,6.100000e-01,0.0,1.023590e+00,3.608450e-02,6.797417e-02
4.200000e-01,6.100000e-01,0.0,1.023145e+00,3.674187e-02,6.512325e-02
4.300000e-01,6.100000e-01,0.0,1.021610e+00,3.518525e-02,5.955555e-02
4.400000e-01,6.100000e-01,0.0,1.018300e+00,3.008990e-02,4.932075e-02
4.500000e-01,6.100000e-01,0.0,1.012960e+00,2.117781e-02,3.397476e-02
4.600000e-01,6.100000e-01,0.0,1.006885e+00,1.099370e-02,1.749585e-02
4.700000e-01,6.100000e-01,0.0,1.002519e+00,3.921698e-03,6.207313e-03
4.800000e-01,6.100000e-01,0.0,1.000649e+00,1.010801e-03,1.561810e-03
4.900000e-01,6.100000e-01,0.0,1.000145e+00,2.363410e-04,3.458567e-04
5.000000e-01,6.100000e-01,0.0,1.000040e+00,7.135375e-05,9.764622e-05
5.100000e-01,6.100000e-01,0.0,1.000017e+00,3.173330e-05,4.128335e-05
5.200000e-01,6.100000e-01,0.0,1.000009e+00,1.664731e-05,2.085862e-05
5.300000e-01,6.100000e-01,0.0,1.000004e+00,7.949775e-06,9.640339e-06
5.400000e-01,6.100000e-01,0.0,1.000002e+00,2.909156e-06,3.433339e-06
5.500000e-01,6.100000e-01,0.0,1.000000e+00,8.023900e-07,9.244297e-07
5.600000e-01,6.100000e-01,0.0,1.000000e+00,2.061730e-07,2.317520e-07
5.700000e-01,6.100000e-01,0.0,1.000000e+00,7.306009e-08,8.024945e-08
5.800000e-01,6.100000e-01,0.0,1.000000e+00,4.202961e-08,4.517065e-08
5.900000e-01,6.100000e-01,0.0,1.000000e+00,3.107102e-08,3.266161e-08
6.000000e-01,6.100000e-01,0.0,1.000000e+00,2.434635e-08,2.497456e-08
6.100000e-01,6.100000e-01,0.0,1.000000e+00,1.903826e-08,1.903826e-08
6.200000e-01,6.100000e-01,0.0,1.000000e+00,1.471601e-08,1.435150e-08
6.300000e-01,6.100000e-01,0.0,1.000000e+00,1.125416e-08,1.071065e-08
6.400000e-01,6.100000e-01,0.0,1.000000e+00,8.521200e-09,7.919710e-09
6.500000e-01,6.100000e-01,0.0,1.000000e+00,6.385019e-09,5.799881e-09
6.600000e-01,6.100000e-01,0.0,1.000000e+00,4.730286e-09,4.203022e-09
6.700000e-01,6.100000e-01,0.0,1.000000e+00,3.461127e-09,3.010843e-09
6.800000e-01,6.100000e-01,0.0,1.000000e+00,2.498627e-09,2.129818e-09
6.900000e-01,6.100000e-01,0.0,1.000000e+00,1.777909e-09,1.486209e-09
7.000000e-01,6.100000e-01,0.0,1.000000e+00,1.245769e-09,1.022052e-09
7.100000e-01,6.100000e-01,0.0,1.000000e+00,8.588290e-10,6.920183e-10
7.200000e-01,6.100000e-01,0.0,1.000000e+00,5.820558e-10,4.609299e-10
7.300000e-01,6.100000e-01,0.0,1.000000e+00,3.875148e-10,3.017702e-10
7.400000e-01,6.100000e-01,0.0,1.000000e+00,2.532710e-10,1.940551e-10
7.500000e-01,6.100000e-01,0.0,1.000000e+00,1.624034e-10,1.224893e-10
7.600000e-01,6.100000e-01,0.0,1.000000e+00,1.021140e-10,7.584796e-11
7.700000e-01,6.100000e-01,0.0,1.000000e+00,6.292965e-11,4.605174e-11
7.800000e-01,6.100000e-01,0.0,1.000000e+00,3.799522e-11,2.740403e-11
7.900000e-01,6.100000e-01,0.0,1.000000e+00,2.246761e-11,1.597658e-11
8.000000e-01,6.100000e-01,0.0,1.000000e+00,1.300805e-11,9.122454e-12
8.100000e-01,6.100000e-01,0.0,1.000000e+00,7.372135e-12,5.100180e-12
8.200000e-01,6.100000e-01,0.0,1.000000e+00,4.088893e-12,2.791479e-12
8.300000e-01,6.100000e-01,0.0,1.000000e+00,2.218796e-12,1.495071e-12
8.400000e-01,6.100000e-01,0.0,1.000000e+00,1.177939e-12,7.835261e-13
8.500000e-01,6.100000e-01,0.0,1.000000e+00,6.117935e-13,4.016634e-13
8.600000e-01,6.100000e-01,0.0,1.000000e+00,3.108489e-13,2.013759e-13
8.700000e-01,6.100000e-01,0.0,1.000000e+00,1.542921e-13,9.887888e-14
8.800000e-01,6.100000e-01,0.0,1.000000e+00,7.471470e-14,4.725083e-14
8.900000e-01,6.100000e-01,0.0,1.000000e+00,3.524981e-14,2.200406e-14
9.000000e-01,6.100000e-01,0.0,1.000000e+00,1.600341e-14,9.948042e-15
9.100000e-01,6.100000e-01,0.0,1.000000e+00,7.136913e-15,4.271400e-15
9.200000e-01,6.100000e-01,0.0,1.000000e+00,2.919804e-15,1.676252e-15
9.300000e-01,6.100000e-01,0.0,1.000000e+00,9.733331e-16,6.489312e-16
9.400000e-01,6.100000e-01,0.0,1.000000e+00,2.163238e-16,5.407975e-17
9.500000e-01,6.100000e-01,0.0,1.000000e+00,0.000000e+00,0.000000e+00
9.600000e-01,6.100000e-01,0.0,1.000000e+00,0.000000e+00,0.000000e+00
9.700000e-01,6.100000e-01,0.0,1.000000e+00,0.000000e+00,0.000000e+00
9.800000e-01,6.100000e-01,0.0,1.000000e+00,0.000000e+00,0.000000e+00
9.900000e-01,6.100000e-01,0.0,1.000000e+00,0.000000e+00,0.000000e+00
1.000000e+00,6.100000e-01,0.0,1.000000e+00,0.000000e+00,0.000000e+00
0.000000e+00,6.200000e-01,0.0,1.047315e+00,-1.147714e-04,1.421776e-01
1.000000e-02,6.200000e-01,0.0,1.046826e+00,-3.297915e-03,1.397005e-01
2.000000e-02,6.200000e-01,0.0,1.044224e+00,-3.795182e-03,1.321097e-01
3.000000e-02,6.200000e-01,0.0,1.040637e+00,-4.781241e-03,1.214117e-01
4.000000e-02,6.200000e-01,0.0,1.036286e+00,-7.238729e-03,1.089748e-01
5.000000e-02,6.200000e-01,0.0,1.031405e+00,-1.057724e-02,9.534724e-02
6.000000e-02,6.200000e-01,0.0,1.026660e+00,-1.406861e-02,8.251829e-02
7.000000e-02,6.200000e-01,0.0,1.022688e+00,-1.709743e-02,7.190770e-02
8.000000e-02,6.200000e-01,0.0,1.020096e+00,-1.829288e-02,6.538215e-02
9.000000e-02,6.200000e-01,0.0,1.018580e+00,-1.746114e-02,6.168909e-02
1.000000e-01,6.200000e-01,0.0,1.017727e+00,-1.550154e-02,5.970694e-02
1.100000e-01,6.200000e-01,0.0,1.017074e+00,-1.303222e-02,5.810767e-02
1.200000e-01,6.200000e-01,0.0,1.016352e+00,-1.054248e-02,5.601798e-02
1.300000e-01,6.200000e-01,0.0,1.015491e+00,-8.430833e-03,5.347657e-02
1.400000e-01,6.200000e-01,0.0,1.014569e+00,-6.736345e-03,5.076794e-02
1.500000e-01,6.200000e-01,0.0,1.013698e+00,-5.339945e-03,4.821051e-02
1.600000e-01,6.200000e-01,0.0,1.012961e+00,-4.124545e-03,4.604799e-02
1.700000e-01,6.200000e-01,0.0,1.012395e+00,-3.005144e-03,4.437476e-02
1.800000e-01,6.200000e-01,0.0,1.012010e+00,-1.938152e-03,4.321675e-02
1.900000e-01,6.200000e-01,0.0,1.011777e+00,-9.710844e-04,4.255470e-02
2.000000e-01,6.200000e-01,0.0,1.011705e+00,2.555461e-06,4.233189e-02
2.100000e-01,6.200000e-01,0.0,1.011782e+00,9.674552e-04,4.256315e-02
2.200000e-01,6.200000e-01,0.0,1.012019e+00,1.925102e-03,4.324081e-02
2.300000e-01,6.200000e-01,0.0,1.012408e+00,2.988107e-03,4.441418e-02
2.400000e-01,6.200000e-01,0.0,1.012957e+00,4.139207e-03,4.604994e-02
2.500000e-01,6.200000e-01,0.0,1.013651e+00,5.423659e-03,4.809991e-02
2.600000e-01,6.200000e-01,0.0,1.014479e+00,6.861492e-03,5.051992e-02
2.700000e-01,6.200000e-01,0.0,1.015417e+00,8.473011e-03,5.322804e-02
2.800000e-01,6.200000e-01,0.0,1.016435e+00,1.026236e-02,5.611525e-02
2.900000e-01,6.200000e-01,0.0,1.017488e+00,1.221100e-02,5.903981e-02
3.000000e-01,6.200000e-01,0.0,1.018522e+00,1.427359e-02,6.181453e-02
3.100000e-01,6.200000e-01,0.0,1.019477e+00,1.640840e-02,6.426378e-02
3.200000e-01,6.200000e-01,0.0,1.020320e+00,1.852765e-02,6.624106e-02
3.300000e-01,6.200000e-01,0.0,1.021006e+00,2.062893e-02,6.764809e-02
3.400000e-01,6.200000e-01,0.0,1.021541e+00,2.266316e-02,6.848531e-02
3.500000e-01,6.200000e-01,0.0,1.021946e+00,2.463958e-02,6.888992e-02
3.600000e-01,6.200000e-01,0.0,1.022291e+00,2.659605e-02,6.901589e-02
3.700000e-01,6.200000e-01,0.0,1.022629e+00,2.856354e-02,6.897407e-02
3.800000e-01,6.200000e-01,0.0,1.022893e+00,3.040857e-02,6.870189e-02
3.900000e-01,6.200000e-01,0.0,1.022922e+00,3.184387e-02,6.781742e-02
4.000000e-01,6.200000e-01,0.0,1.022613e+00,3.280882e-02,6.550731e-02
4.100000e-01,6.200000e-01,0.0,1.021527e+00,3.234896e-02,6.109707e-02
4.200000e-01,6.200000e-01,0.0,1.019108e+00,2.932788e-02,5.321201e-02
4.300000e-01,6.200000e-01,0.0,1.015005e+00,2.321687e-02,4.081063e-02
4.400000e-01,6.200000e-01,0.0,1.009600e+00,1.472715e-02,2.542382e-02
4.500000e-01,6.200000e-01,0.0,1.004583e+00,6.888441e-03,1.180229e-02
4.600000e-01,6.200000e-01,0.0,1.001558e+00,2.307928e-03,3.909797e-03
4.700000e-01,6.200000e-01,0.0,1.000401e+00,6.023001e-04,9.870608e-04
4.800000e-01,6.200000e-01,0.0,1.000097e+00,1.541825e-04,2.377488e-04
4.900000e-01,6.200000e-01,0.0,1.000030e+00,5.222172e-05,7.526552e-05
5.000000e-01,6.200000e-01,0.0,1.000014e+00,2.479783e-05,3.397852e-05
5.100000e-01,6.200000e-01,0.0,1.000007e+00,1.327632e-05,1.748988e-05
5.200000e-01,6.200000e-01,0.0,1.000003e+00,6.356553e-06,8.091404e-06
5.300000e-01,6.200000e-01,0.0,1.000001e+00,2.338061e-06,2.894613e-06
5.400000e-01,6.200000e-01,0.0,1.000000e+00,6.601548e-07,7.975239e-07
5.500000e-01,6.200000e-01,0.0,1.000000e+00,1.779661e-07,2.096794e-07
5.600000e-01,6.200000e-01,0.0,1.000000e+00,6.675029e-08,7.687437e-08
5.700000e-01,6.200000e-01,0.0,1.000000e+00,3.967563e-08,4.476026e-08
5.800000e-01,6.200000e-01,0.0,1.000000e+00,2.968241e-08,3.280961e-08
5.900000e-01,6.200000e-01,0.0,1.000000e+00,2.341942e-08,2.528197e-08
6.000000e-01,6.200000e-01,0.0,1.000000e+00,1.843833e-08,1.939886e-08
6.100000e-01,6.200000e-01,0.0,1.000000e+00,1.435150e-08,1.471601e-08
6.200000e-01,6.200000e-01,0.0,1.000000e+00,1.105132e-08,1.105132e-08
6.300000e-01,6.200000e-01,0.0,1.000000e+00,8.424983e-09,8.221943e-09
6.400000e-01,6.200000e-01,0.0,1.000000e+00,6.355983e-09,6.057811e-09
6.500000e-01,6.200000e-01,0.0,1.000000e+00,4.740846e-09,4.416368e-09
6.600000e-01,6.200000e-01,0.0,1.000000e+00,3.492509e-09,3.182648e-09
6.700000e-01,6.200000e-01,0.0,1.000000e+00,2.538544e-09,2.264886e-09
6.800000e-01,6.200000e-01,0.0,1.000000e+00,1.818765e-09,1.590046e-09
6.900000e-01,6.200000e-01,0.0,1.000000e+00,1.283267e-09,1.100186e-09
7.000000e-01,6.200000e-01,0.0,1.000000e+00,8.909115e-10,7.495889e-10
7.100000e-01,6.200000e-01,0.0,1.000000e+00,6.081119e-10,5.024710e-10
7.200000e-01,6.200000e-01,0.0,1.000000e+00,4.077976e-10,3.311207e-10
7.300000e-01,6.200000e-01,0.0,1.000000e+00,2.684900e-10,2.143558e-10
7.400000e-01,6.200000e-01,0.0,1.000000e+00,1.734491e-10,1.362307e-10
7.500000e-01,6.200000e-01,0.0,1.000000e+00,1.098864e-10,8.494772e-11
7.600000e-01,6.200000e-01,0.0,1.000000e+00,6.824037e-11,5.194506e-11
7.700000e-01,6.200000e-01,0.0,1.000000e+00,4.152230e-11,3.113572e-11
7.800000e-01,6.200000e-01,0.0,1.000000e+00,2.474663e-11,1.828637e-11
7.900000e-01,6.200000e-01,0.0,1.000000e+00,1.444125e-11,1.052000e-11
8.000000e-01,6.200000e-01,0.0,1.000000e+00,8.250082e-12,5.926293e-12
8.100000e-01,6.200000e-01,0.0,1.000000e+00,4.612690e-12,3.268142e-12
8.200000e-01,6.200000e-01,0.0,1.000000e+00,2.523675e-12,1.764274e-12
8.300000e-01,6.200000e-01,0.0,1.000000e+00,1.350653e-12,9.319150e-13
8.400000e-01,6.200000e-01,0.0,1.000000e+00,7.071529e-13,4.815626e-13
8.500000e-01,6.200000e-01,0.0,1.000000e+00,3.621513e-13,2.434348e-13
8.600000e-01,6.200000e-01,0.0,1.000000e+00,1.815385e-13,1.204491e-13
8.700000e-01,6.200000e-01,0.0,1.000000e+00,8.855450e-14,5.800921e-14
8.800000e-01,6.200000e-01,0.0,1.000000e+00,4.222388e-14,2.724813e-14
8.900000e-01,6.200000e-01,0.0,1.000000e+00,1.940950e-14,1.248914e-14
9.000000e-01,6.200000e-01,0.0,1.000000e+00,8.596650e-15,5.406701e-15
9.100000e-01,6.200000e-01,0.0,1.000000e+00,3.622671e-15,2.108768e-15
9.200000e-01,6.200000e-01,0.0,1.000000e+00,1.459998e-15,7.029295e-16
9.300000e-01,6.200000e-01,0.0,1.000000e+00,3.785631e-16,1.081619e-16
9.400000e-01,6.200000e-01,0.0,1.000000e+00,0.000000e+00,0.000000e+00
9.500000e-01,6.200000e-01,0.0,1.000000e+00,0.000000e+00,0.000000e+00
9.600000e-01,6.200000e-01,0.0,1.000000e+00,0.000000e+00,0.000000e+00
9.700000e-01,6.200000e-01,0.0,1.000000e+00,0.000000e+00,0.000000e+00
9.800000e-01,6.200000e-01,0.0,1.000000e+00,0.000000e+00,0.000000e+00
9.900000e-01,6.200000e-01,0.0,1.000000e+00,0.000000e+00,0.000000e+00
1.000000e+00,6.200000e-01,0.0,1.000000e+00,0.000000e+00,0.000000e+00
0.000000e+00,6.300000e-01,0.0,1.038812e+00,-9.327227e-04,1.174717e-01
1.000000e-02,6.300000e-01,0.0,1.038643e+00,-6.657744e-03,1.141292e-01
2.000000e-02,6.300000e-01,0.0,1.036935e+00,-1.189982e-02,1.093690e-01
3.000000e-02,6.300000e-01,0.0,1.033564e+00,-1.527609e-02,9.957767e-02
4.000000e-02,6.300000e-01,0.0,1.029822e+00,-1.832527e-02,8.941424e-02
5.000000e-02,6.300000e-01,0.0,1.026293e+00,-2.060269e-02,8.012473e-02
6.000000e-02,6.300000e-01,0.0,1.023500e+00,-2.170511e-02,7.337045e-02
7.000000e-02,6.300000e-01,0.0,1.021680e+00,-2.132965e-02,6.934769e-02
8.000000e-02,6.300000e-01,0.0,1.020783e+00,-2.012790e-02,6.717020e-02
9.000000e-02,6.300000e-01,0.0,1.020453e+00,-1.848997e-02,6.692803e-02
1.000000e-01,6.300000e-01,0.0,1.020297e+00,-1.619817e-02,6.687252e-02
1.100000e-01,6.300000e-01,0.0,1.020092e+00,-1.397410e-02,6.656268e-02
1.200000e-01,6.300000e-01,0.0,1.019752e+00,-1.198841e-02,6.583113e-02
1.300000e-01,6.300000e-01,0.0,1.019295e+00,-1.020233e-02,6.474098e-02
1.400000e-01,6.300000e-01,0.0,1.018792e+00,-8.557542e-03,6.347342e-02
1.500000e-01,6.300000e-01,0.0,1.018308e+00,-6.995362e-03,6.221326e-02
1.600000e-01,6.300000e-01,0.0,1.017883e+00,-5.498493e-03,6.108117e-02
1.700000e-01,6.300000e-01,0.0,1.017541e+00,-4.065318e-03,6.015318e-02
1.800000e-01,6.300000e-01,0.0,1.017291e+00,-2.675453e-03,5.946689e-02
1.900000e-01,6.300000e-01,0.0,1.017137e+00,-1.321267e-03,5.903972e-02
2.000000e-01,6.300000e-01,0.0,1.017085e+00,1.690565e-06,5.889917e-02
2.100000e-01,6.300000e-01,0.0,1.017137e+00,1.322751e-03,5.903790e-02
2.200000e-01,6.300000e-01,0.0,1.017292e+00,2.671084e-03,5.946888e-02
2.300000e-01,6.300000e-01,0.0,1.017546e+00,4.055147e-03,6.016716e-02
2.400000e-01,6.300000e-01,0.0,1.017889e+00,5.493204e-03,6.110245e-02
2.500000e-01,6.300000e-01,0.0,1.018304e+00,7.013954e-03,6.221183e-02
2.600000e-01,6.300000e-01,0.0,1.018765e+00,8.609713e-03,6.341341e-02
2.700000e-01,6.300000e-01,0.0,1.019253e+00,1.026630e-02,6.463032e-02
2.800000e-01,6.300000e-01,0.0,1.019735e+00,1.198132e-02,6.576037e-02
2.900000e-01,6.300000e-01,0.0,1.020183e+00,1.373204e-02,6.672166e-02
3.000000e-01,6.300000e-01,0.0,1.020580e+00,1.550065e-02,6.745392e-02
3.100000e-01,6.300000e-01,0.0,1.020926e+00,1.728256e-02,6.794195e-02
3.200000e-01,6.300000e-01,0.0,1.021229e+00,1.907832e-02,6.822577e-02
3.300000e-01,6.300000e-01,0.0,1.021504e+00,2.087880e-02,6.837973e-02
3.400000e-01,6.300000e-01,0.0,1.021772e+00,2.271316e-02,6.841978e-02
3.500000e-01,6.300000e-01,0.0,1.022049e+00,2.454207e-02,6.833527e-02
3.600000e-01,6.300000e-01,0.0,1.022215e+00,2.623448e-02,6.797987e-02
3.700000e-01,6.300000e-01,0.0,1.022183e+00,2.762017e-02,6.700844e-02
3.800000e-01,6.300000e-01,0.0,1.021867e+00,2.863684e-02,6.485207e-02
3.900000e-01,6.300000e-01,0.0,1.020930e+00,2.859543e-02,6.093352e-02
4.000000e-01,6.300000e-01,0.0,1.018978e+00,2.674479e-02,5.433813e-02
4.100000e-01,6.300000e-01,0.0,1.015717e+00,2.259833e-02,4.408938e-02
4.200000e-01,6.300000e-01,0.0,1.011208e+00,1.620416e-02,3.072927e-02
4.300000e-01,6.300000e-01,0.0,1.006404e+00,9.182525e-03,1.712981e-02
4.400000e-01,6.300000e-01,0.0,1.002758e+00,3.901674e-03,7.196527e-03
4.500000e-01,6.300000e-01,0.0,1.000887e+00,1.253820e-03,2.265600e-03
4.600000e-01,6.300000e-01,0.0,1.000234e+00,3.394985e-04,5.875381e-04
4.700000e-01,6.300000e-01,0.0,1.000062e+00,9.689968e-05,1.570148e-04
4.800000e-01,6.300000e-01,0.0,1.000022e+00,3.691181e-05,5.600110e-05
4.900000e-01,6.300000e-01,0.0,1.000011e+00,1.863913e-05,2.690093e-05
5.000000e-01,6.300000e-01,0.0,1.000006e+00,1.014390e-05,1.405138e-05
5.100000e-01,6.300000e-01,0.0,1.000003e+00,4.848811e-06,6.480928e-06
5.200000e-01,6.300000e-01,0.0,1.000001e+00,1.788386e-06,2.323573e-06
5.300000e-01,6.300000e-01,0.0,1.000000e+00,5.183049e-07,6.567371e-07
5.400000e-01,6.300000e-01,0.0,1.000000e+00,1.480912e-07,1.829419e-07
5.500000e-01,6.300000e-01,0.0,1.000000e+00,5.957970e-08,7.198197e-08
5.600000e-01,6.300000e-01,0.0,1.000000e+00,3.685487e-08,4.367627e-08
5.700000e-01,6.300000e-01,0.0,1.000000e+00,2.796276e-08,3.252150e-08
5.800000e-01,6.300000e-01,0.0,1.000000e+00,2.222700e-08,2.525862e-08
5.900000e-01,6.300000e-01,0.0,1.000000e+00,1.762117e-08,1.950708e-08
6.000000e-01,6.300000e-01,0.0,1.000000e+00,1.381220e-08,1.489217e-08
6.100000e-01,6.300000e-01,0.0,1.000000e+00,1.071065e-08,1.125416e-08
6.200000e-01,6.300000e-01,0.0,1.000000e+00,8.221943e-09,8.424984e-09
6.300000e-01,6.300000e-01,0.0,1.000000e+00,6.245539e-09,6.245539e-09
6.400000e-01,6.300000e-01,0.0,1.000000e+00,4.690437e-09,4.580898e-09
6.500000e-01,6.300000e-01,0.0,1.000000e+00,3.479060e-09,3.321152e-09
6.600000e-01,6.300000e-01,0.0,1.000000e+00,2.546127e-09,2.377707e-09
6.700000e-01,6.300000e-01,0.0,1.000000e+00,1.836770e-09,1.679367e-09
6.800000e-01,6.300000e-01,0.0,1.000000e+00,1.304961e-09,1.169101e-09
6.900000e-01,6.300000e-01,0.0,1.000000e+00,9.123152e-10,8.014874e-10
7.000000e-01,6.300000e-01,0.0,1.000000e+00,6.271298e-10,5.406548e-10
7.100000e-01,6.300000e-01,0.0,1.000000e+00,4.235662e-10,3.585799e-10
7.200000e-01,6.300000e-01,0.0,1.000000e+00,2.808978e-10,2.336599e-10
7.300000e-01,6.300000e-01,0.0,1.000000e+00,1.828015e-10,1.494970e-10
7.400000e-01,6.300000e-01,0.0,1.000000e+00,1.166763e-10,9.385972e-11
7.500000e-01,6.300000e-01,0.0,1.000000e+00,7.300475e-11,5.779638e-11
7.600000e-01,6.300000e-01,0.0,1.000000e+00,4.476176e-11,3.488962e-11
7.700000e-01,6.300000e-01,0.0,1.000000e+00,2.688381e-11,2.063951e-11
7.800000e-01,6.300000e-01,0.0,1.000000e+00,1.581165e-11,1.196062e-11
7.900000e-01,6.300000e-01,0.0,1.000000e+00,9.103647e-12,6.787972e-12
8.000000e-01,6.300000e-01,0.0,1.000000e+00,5.130268e-12,3.771668e-12
8.100000e-01,6.300000e-01,0.0,1.000000e+00,2.829148e-12,2.051531e-12
8.200000e-01,6.300000e-01,0.0,1.000000e+00,1.526556e-12,1.091818e-12
8.300000e-01,6.300000e-01,0.0,1.000000e+00,8.055934e-13,5.685427e-13
8.400000e-01,6.300000e-01,0.0,1.000000e+00,4.158864e-13,2.896017e-13
8.500000e-01,6.300000e-01,0.0,1.000000e+00,2.100282e-13,1.442358e-13
8.600000e-01,6.300000e-01,0.0,1.000000e+00,1.035835e-13,7.017305e-14
8.700000e-01,6.300000e-01,0.0,1.000000e+00,4.984655e-14,3.314100e-14
8.800000e-01,6.300000e-01,0.0,1.000000e+00,2.335619e-14,1.535440e-14
8.900000e-01,6.300000e-01,0.0,1.000000e+00,1.043490e-14,6.920639e-15
9.000000e-01,6.300000e-01,0.0,1.000000e+00,4.487778e-15,2.865673e-15
9.100000e-01,6.300000e-01,0.0,1.000000e+00,1.730320e-15,1.027430e-15
9.200000e-01,6.300000e-01,0.0,1.000000e+00,5.407749e-16,3.785631e-16
9.300000e-01,6.300000e-01,0.0,1.000000e+00,3.419353e-34,0.000000e+00
9.400000e-01,6.300000e-01,0.0,1.000000e+00,0.000000e+00,0.000000e+00
9.500000e-01,6.300000e-01,0.0,1.000000e+00,0.000000e+00,0.000000e+00
9.600000e-01,6.300000e-01,0.0,1.000000e+00,0.000000e+00,0.000000e+00
9.700000e-01,6.300000e-01,0.0,1.000000e+00,0.000000e+00,0.000000e+00
9.800000e-01,6.300000e-01,0.0,1.000000e+00,0.000000e+00,0.000000e+00
9.900000e-01,6.300000e-01,0.0,1.000000e+00,0.000000e+00,0.000000e+00
1.000000e+00,6.300000e-01,0.0,1.000000e+00,0.000000e+00,0.000000e+00
0.000000e+00,6.400000e-01,0.0,1.023404e+00,-5.337839e-04,7.223870e-02
1.000000e-02,6.400000e-01,0.0,1.023358e+00,-5.904996e-03,6.730214e-02
2.000000e-02,6.400000e-01,0.0,1.024119e+00,-1.501605e-02,6.998982e-02
3.000000e-02,6.400000e-01,0.0,1.023469e+00,-1.971532e-02,6.864400e-02
4.000000e-02,6.400000e-01,0.0,1.022568e+00,-2.271430e-02,6.706929e-02
5.000000e-02,6.400000e-01,0.0,1.021714e+00,-2.392708e-02,6.593895e-02
6.000000e-02,6.400000e-01,0.0,1.021176e+00,-2.359416e-02,6.569028e-02
7.000000e-02,6.400000e-01,0.0,1.020906e+00,-2.224791e-02,6.613205e-02
8.000000e-02,6.400000e-01,0.0,1.020785e+00,-2.013738e-02,6.647668e-02
9.000000e-02,6.400000e-01,0.0,1.020777e+00,-1.798503e-02,6.691484e-02
1.000000e-01,6.400000e-01,0.0,1.020782e+00,-1.591753e-02,6.736246e-02
1.100000e-01,6.400000e-01,0.0,1.020702e+00,-1.399608e-02,6.755553e-02
1.200000e-01,6.400000e-01,0.0,1.020551e+00,-1.225528e-02,6.750113e-02
1.300000e-01,6.400000e-01,0.0,1.020370e+00,-1.064210e-02,6.734006e-02
1.400000e-01,6.400000e-01,0.0,1.020186e+00,-9.072696e-03,6.711996e-02
1.500000e-01,6.400000e-01,0.0,1.020016e+00,-7.523617e-03,6.687480e-02
1.600000e-01,6.400000e-01,0.0,1.019858e+00,-5.985612e-03,6.661967e-02
1.700000e-01,6.400000e-01,0.0,1.019728e+00,-4.458927e-03,6.638718e-02
1.800000e-01,6.400000e-01,0.0,1.019632e+00,-2.954101e-03,6.620500e-02
1.900000e-01,6.400000e-01,0.0,1.019571e+00,-1.470521e-03,6.608420e-02
2.000000e-01,6.400000e-01,0.0,1.019548e+00,7.782874e-07,6.604624e-02
2.100000e-01,6.400000e-01,0.0,1.019571e+00,1.471691e-03,6.608314e-02
2.200000e-01,6.400000e-01,0.0,1.019632e+00,2.953538e-03,6.620433e-02
2.300000e-01,6.400000e-01,0.0,1.019730e+00,4.454904e-03,6.638948e-02
2.400000e-01,6.400000e-01,0.0,1.019861e+00,5.979399e-03,6.662563e-02
2.500000e-01,6.400000e-01,0.0,1.020016e+00,7.524174e-03,6.687896e-02
2.600000e-01,6.400000e-01,0.0,1.020179e+00,9.095592e-03,6.711022e-02
2.700000e-01,6.400000e-01,0.0,1.020352e+00,1.069315e-02,6.730539e-02
2.800000e-01,6.400000e-01,0.0,1.020531e+00,1.230458e-02,6.745884e-02
2.900000e-01,6.400000e-01,0.0,1.020716e+00,1.394164e-02,6.758278e-02
3.000000e-01,6.400000e-01,0.0,1.020907e+00,1.561311e-02,6.766066e-02
3.100000e-01,6.400000e-01,0.0,1.021107e+00,1.730861e-02,6.770827e-02
3.200000e-01,6.400000e-01,0.0,1.021303e+00,1.901177e-02,6.764300e-02
3.300000e-01,6.400000e-01,0.0,1.021454e+00,2.066282e-02,6.736754e-02
3.400000e-01,6.400000e-01,0.0,1.021496e+00,2.217523e-02,6.678052e-02
3.500000e-01,6.400000e-01,0.0,1.021326e+00,2.342061e-02,6.551208e-02
3.600000e-01,6.400000e-01,0.0,1.020913e+00,2.436377e-02,6.317891e-02
3.700000e-01,6.400000e-01,0.0,1.019930e+00,2.437764e-02,5.930688e-02
3.800000e-01,6.400000e-01,0.0,1.018172e+00,2.314094e-02,5.325709e-02
3.900000e-01,6.400000e-01,0.0,1.015411e+00,2.022663e-02,4.436656e-02
4.000000e-01,6.400000e-01,0.0,1.011649e+00,1.556751e-02,3.288075e-02
4.100000e-01,6.400000e-01,0.0,1.007436e+00,9.986936e-03,2.054071e-02
4.200000e-01,6.400000e-01,0.0,1.003792e+00,5.073234e-03,1.024257e-02
4.300000e-01,6.400000e-01,0.0,1.001496e+00,1.997708e-03,3.956646e-03
4.400000e-01,6.400000e-01,0.0,1.000468e+00,6.336963e-04,1.215697e-03
4.500000e-01,6.400000e-01,0.0,1.000130e+00,1.829575e-04,3.329895e-04
4.600000e-01,6.400000e-01,0.0,1.000039e+00,5.911655e-05,1.005301e-04
4.700000e-01,6.400000e-01,0.0,1.000016e+00,2.524902e-05,4.033514e-05
4.800000e-01,6.400000e-01,0.0,1.000008e+00,1.346670e-05,2.047588e-05
4.900000e-01,6.400000e-01,0.0,1.000004e+00,7.412661e-06,1.079872e-05
5.000000e-01,6.400000e-01,0.0,1.000002e+00,3.523353e-06,4.947211e-06
5.100000e-01,6.400000e-01,0.0,1.000001e+00,1.301967e-06,1.776105e-06
5.200000e-01,6.400000e-01,0.0,1.000000e+00,3.892474e-07,5.174559e-07
5.300000e-01,6.400000e-01,0.0,1.000000e+00,1.193210e-07,1.546263e-07
5.400000e-01,6.400000e-01,0.0,1.000000e+00,5.212082e-08,6.610883e-08
5.500000e-01,6.400000e-01,0.0,1.000000e+00,3.371349e-08,4.201481e-08
5.600000e-01,6.400000e-01,0.0,1.000000e+00,2.597685e-08,3.181621e-08
5.700000e-01,6.400000e-01,0.0,1.000000e+00,2.081186e-08,2.490699e-08
5.800000e-01,6.400000e-01,0.0,1.000000e+00,1.661667e-08,1.935952e-08
5.900000e-01,6.400000e-01,0.0,1.000000e+00,1.311816e-08,1.487372e-08
6.000000e-01,6.400000e-01,0.0,1.000000e+00,1.024491e-08,1.131165e-08
6.100000e-01,6.400000e-01,0.0,1.000000e+00,7.919710e-09,8.521200e-09
6.200000e-01,6.400000e-01,0.0,1.000000e+00,6.057811e-09,6.355983e-09
6.300000e-01,6.400000e-01,0.0,1.000000e+00,4.580898e-09,4.690437e-09
6.400000e-01,6.400000e-01,0.0,1.000000e+00,3.421215e-09,3.421215e-09
6.500000e-01,6.400000e-01,0.0,1.000000e+00,2.521024e-09,2.464167e-09
6.600000e-01,6.400000e-01,0.0,1.000000e+00,1.831196e-09,1.750979e-09
6.700000e-01,6.400000e-01,0.0,1.000000e+00,1.310006e-09,1.226387e-09
6.800000e-01,6.400000e-01,0.0,1.000000e+00,9.222215e-10,8.459421e-10
6.900000e-01,6.400000e-01,0.0,1.000000e+00,6.383937e-10,5.742108e-10
7.000000e-01,6.400000e-01,0.0,1.000000e+00,4.342347e-10,3.832572e-10
7.100000e-01,6.400000e-01,0.0,1.000000e+00,2.900413e-10,2.513581e-10
7.200000e-01,6.400000e-01,0.0,1.000000e+00,1.901240e-10,1.618828e-10
7.300000e-01,6.400000e-01,0.0,1.000000e+00,1.222431e-10,1.023204e-10
7.400000e-01,6.400000e-01,0.0,1.000000e+00,7.705779e-11,6.343846e-11
7.500000e-01,6.400000e-01,0.0,1.000000e+00,4.760281e-11,3.856286e-11
7.600000e-01,6.400000e-01,0.0,1.000000e+00,2.880797e-11,2.297454e-11
7.700000e-01,6.400000e-01,0.0,1.000000e+00,1.707329e-11,1.340967e-11
7.800000e-01,6.400000e-01,0.0,1.000000e+00,9.906724e-12,7.665704e-12
7.900000e-01,6.400000e-01,0.0,1.000000e+00,5.626602e-12,4.290817e-12
8.000000e-01,6.400000e-01,0.0,1.000000e+00,3.127214e-12,2.351275e-12
8.100000e-01,6.400000e-01,0.0,1.000000e+00,1.700675e-12,1.261072e-12
8.200000e-01,6.400000e-01,0.0,1.000000e+00,9.046286e-13,6.616319e-13
8.300000e-01,6.400000e-01,0.0,1.000000e+00,4.706488e-13,3.397688e-13
8.400000e-01,6.400000e-01,0.0,1.000000e+00,2.394913e-13,1.705092e-13
8.500000e-01,6.400000e-01,0.0,1.000000e+00,1.192612e-13,8.379656e-14
8.600000e-01,6.400000e-01,0.0,1.000000e+00,5.795585e-14,4.016922e-14
8.700000e-01,6.400000e-01,0.0,1.000000e+00,2.719446e-14,1.870653e-14
8.800000e-01,6.400000e-01,0.0,1.000000e+00,1.248940e-14,8.542571e-15
8.900000e-01,6.400000e-01,0.0,1.000000e+00,5.460974e-15,3.514524e-15
9.000000e-01,6.400000e-01,0.0,1.000000e+00,2.054723e-15,1.405862e-15
9.100000e-01,6.400000e-01,0.0,1.000000e+00,7.571012e-16,3.244672e-16
9.200000e-01,6.400000e-01,0.0,1.000000e+00,1.081595e-16,0.000000e+00
9.300000e-01,6.400000e-01,0.0,1.000000e+00,0.000000e+00,0.000000e+00
9.400000e-01,6.400000e-01,0.0,1.000000e+00,0.000000e+00,0.000000e+00
9.500000e-01,6.400000e-01,0.0,1.000000e+00,0.000000e+00,0.000000e+00
9.600000e-01,6.400000e-01,0.0,1.000000e+00,0.000000e+00,0.000000e+00
9.700000e-01,6.400000e-01,0.0,1.000000e+00,0.000000e+00,0.000000e+00
9.800000e-01,6.400000e-01,0.0,1.000000e+00,0.000000e+00,0.000000e+00
9.900000e-01,6.400000e-01,0.0,1.000000e+00,0.000000e+00,0.000000e+00
1.000000e+00,6.400000e-01,0.0,1.000000e+00,0.000000e+00,0.000000e+00
0.000000e+00,6.500000e-01,0.0,1.009811e+00,3.362116e-04,3.129851e-02
1.000000e-02,6.500000e-01,0.0,1.009223e+00,-2.589621e-03,2.574667e-02
2.000000e-02,6.500000e-01,0.0,1.011593e+00,-1.005628e-02,3.271168e-02
3.000000e-02,6.500000e-01,0.0,1.013685e+00,-1.524884e-02,3.929331e-02
4.000000e-02,6.500000e-01,0.0,1.015693e+00,-1.898989e-02,4.608783e-02
5.000000e-02,6.500000e-01,0.0,1.017344e+00,-2.087225e-02,5.210740e-02
6.000000e-02,6.500000e-01,0.0,1.018620e+00,-2.117563e-02,5.704760e-02
7.000000e-02,6.500000e-01,0.0,1.019567e+00,-2.032537e-02,6.098738e-02
8.000000e-02,6.500000e-01,0.0,1.020179e+00,-1.870941e-02,6.365711e-02
9.000000e-02,6.500000e-01,0.0,1.020543e+00,-1.702354e-02,6.522072e-02
1.000000e-01,6.500000e-01,0.0,1.020684e+00,-1.536819e-02,6.614370e-02
1.100000e-01,6.500000e-01,0.0,1.020683e+00,-1.376570e-02,6.663085e-02
1.200000e-01,6.500000e-01,0.0,1.020592e+00,-1.220529e-02,6.682425e-02
1.300000e-01,6.500000e-01,0.0,1.020475e+00,-1.065821e-02,6.687563e-02
1.400000e-01,6.500000e-01,0.0,1.020356e+00,-9.113408e-03,6.686122e-02
1.500000e-01,6.500000e-01,0.0,1.020247e+00,-7.574732e-03,6.680450e-02
1.600000e-01,6.500000e-01,0.0,1.020164e+00,-6.039855e-03,6.678147e-02
1.700000e-01,6.500000e-01,0.0,1.020095e+00,-4.507840e-03,6.674999e-02
1.800000e-01,6.500000e-01,0.0,1.020042e+00,-2.993951e-03,6.671288e-02
1.900000e-01,6.500000e-01,0.0,1.020009e+00,-1.496363e-03,6.668724e-02
2.000000e-01,6.500000e-01,0.0,1.019999e+00,3.816887e-07,6.669010e-02
2.100000e-01,6.500000e-01,0.0,1.020009e+00,1.497185e-03,6.668667e-02
2.200000e-01,6.500000e-01,0.0,1.020042e+00,2.994336e-03,6.671224e-02
2.300000e-01,6.500000e-01,0.0,1.020095e+00,4.506336e-03,6.675073e-02
2.400000e-01,6.500000e-01,0.0,1.020165e+00,6.035487e-03,6.678473e-02
2.500000e-01,6.500000e-01,0.0,1.020248e+00,7.570516e-03,6.680812e-02
2.600000e-01,6.500000e-01,0.0,1.020354e+00,9.118851e-03,6.685530e-02
2.700000e-01,6.500000e-01,0.0,1.020463e+00,1.068525e-02,6.684830e-02
2.800000e-01,6.500000e-01,0.0,1.020570e+00,1.225767e-02,6.678097e-02
2.900000e-01,6.500000e-01,0.0,1.020668e+00,1.382528e-02,6.662078e-02
3.000000e-01,6.500000e-01,0.0,1.020730e+00,1.536219e-02,6.629169e-02
3.100000e-01,6.500000e-01,0.0,1.020717e+00,1.682033e-02,6.566908e-02
3.200000e-01,6.500000e-01,0.0,1.020566e+00,1.812333e-02,6.462188e-02
3.300000e-01,6.500000e-01,0.0,1.020236e+00,1.923648e-02,6.289652e-02
3.400000e-01,6.500000e-01,0.0,1.019599e+00,1.991269e-02,6.012082e-02
3.500000e-01,6.500000e-01,0.0,1.018501e+00,1.991385e-02,5.600855e-02
3.600000e-01,6.500000e-01,0.0,1.016767e+00,1.896501e-02,5.008543e-02
3.700000e-01,6.500000e-01,0.0,1.014291e+00,1.681956e-02,4.203812e-02
3.800000e-01,6.500000e-01,0.0,1.011096e+00,1.344768e-02,3.209002e-02
3.900000e-01,6.500000e-01,0.0,1.007542e+00,9.305193e-03,2.140831e-02
4.000000e-01,6.500000e-01,0.0,1.004294e+00,5.344102e-03,1.195267e-02
4.100000e-01,6.500000e-01,0.0,1.001980e+00,2.477037e-03,5.403130e-03
4.200000e-01,6.500000e-01,0.0,1.000736e+00,9.318722e-04,1.972334e-03
4.300000e-01,6.500000e-01,0.0,1.000231e+00,3.016481e-04,6.112877e-04
4.400000e-01,6.500000e-01,0.0,1.000069e+00,9.539622e-05,1.821085e-04
4.500000e-01,6.500000e-01,0.0,1.000024e+00,3.522308e-05,6.289142e-05
4.600000e-01,6.500000e-01,0.0,1.000011e+00,1.672523e-05,2.815820e-05
4.700000e-01,6.500000e-01,0.0,1.000006e+00,9.339279e-06,1.496486e-05
4.800000e-01,6.500000e-01,0.0,1.000003e+00,5.169500e-06,7.922795e-06
4.900000e-01,6.500000e-01,0.0,1.000001e+00,2.435320e-06,3.594541e-06
5.000000e-01,6.500000e-01,0.0,1.000001e+00,9.027394e-07,1.293761e-06
5.100000e-01,6.500000e-01,0.0,1.000000e+00,2.806575e-07,3.916095e-07
5.200000e-01,6.500000e-01,0.0,1.000000e+00,9.364085e-08,1.273891e-07
5.300000e-01,6.500000e-01,0.0,1.000000e+00,4.485083e-08,5.978538e-08
5.400000e-01,6.500000e-01,0.0,1.000000e+00,3.039453e-08,3.989155e-08
5.500000e-01,6.500000e-01,0.0,1.000000e+00,2.379732e-08,3.072753e-08
5.600000e-01,6.500000e-01,0.0,1.000000e+00,1.922406e-08,2.424176e-08
5.700000e-01,6.500000e-01,0.0,1.000000e+00,1.546095e-08,1.896274e-08
5.800000e-01,6.500000e-01,0.0,1.000000e+00,1.229480e-08,1.466204e-08
5.900000e-01,6.500000e-01,0.0,1.000000e+00,9.671380e-09,1.122203e-08
6.000000e-01,6.500000e-01,0.0,1.000000e+00,7.529611e-09,8.507135e-09
6.100000e-01,6.500000e-01,0.0,1.000000e+00,5.799881e-09,6.385019e-09
6.200000e-01,6.500000e-01,0.0,1.000000e+00,4.416368e-09,4.740846e-09
6.300000e-01,6.500000e-01,0.0,1.000000e+00,3.321152e-09,3.479060e-09
6.400000e-01,6.500000e-01,0.0,1.000000e+00,2.464167e-09,2.521024e-09
6.500000e-01,6.500000e-01,0.0,1.000000e+00,1.802234e-09,1.802234e-09
6.600000e-01,6.500000e-01,0.0,1.000000e+00,1.298190e-09,1.269960e-09
6.700000e-01,6.500000e-01,0.0,1.000000e+00,9.202423e-10,8.813656e-10
6.800000e-01,6.500000e-01,0.0,1.000000e+00,6.414705e-10,6.019626e-10
6.900000e-01,6.500000e-01,0.0,1.000000e+00,4.393988e-10,4.043061e-10
7.000000e-01,6.500000e-01,0.0,1.000000e+00,2.955763e-10,2.668576e-10
7.100000e-01,6.500000e-01,0.0,1.000000e+00,1.951443e-10,1.729827e-10
7.200000e-01,6.500000e-01,0.0,1.000000e+00,1.263827e-10,1.100601e-10
7.300000e-01,6.500000e-01,0.0,1.000000e+00,8.025263e-11,6.869685e-11
7.400000e-01,6.500000e-01,0.0,1.000000e+00,4.994422e-11,4.204585e-11
7.500000e-01,6.500000e-01,0.0,1.000000e+00,3.045187e-11,2.522368e-11
7.600000e-01,6.500000e-01,0.0,1.000000e+00,1.818422e-11,1.482655e-11
7.700000e-01,6.500000e-01,0.0,1.000000e+00,1.063207e-11,8.536462e-12
7.800000e-01,6.500000e-01,0.0,1.000000e+00,6.085096e-12,4.812991e-12
7.900000e-01,6.500000e-01,0.0,1.000000e+00,3.408252e-12,2.656424e-12
8.000000e-01,6.500000e-01,0.0,1.000000e+00,1.868036e-12,1.435300e-12
8.100000e-01,6.500000e-01,0.0,1.000000e+00,1.001663e-12,7.587752e-13
8.200000e-01,6.500000e-01,0.0,1.000000e+00,5.251946e-13,3.923689e-13
8.300000e-01,6.500000e-01,0.0,1.000000e+00,2.691162e-13,1.985667e-13
8.400000e-01,6.500000e-01,0.0,1.000000e+00,1.349931e-13,9.828508e-14
8.500000e-01,6.500000e-01,0.0,1.000000e+00,6.611924e-14,4.741359e-14
8.600000e-01,6.500000e-01,0.0,1.000000e+00,3.168176e-14,2.211247e-14
8.700000e-01,6.500000e-01,0.0,1.000000e+00,1.465188e-14,1.016457e-14
8.800000e-01,6.500000e-01,0.0,1.000000e+00,6.488259e-15,4.433627e-15
8.900000e-01,6.500000e-01,0.0,1.000000e+00,2.595415e-15,1.730352e-15
9.000000e-01,6.500000e-01,0.0,1.000000e+00,9.192994e-16,6.489417e-16
9.100000e-01,6.500000e-01,0.0,1.000000e+00,1.081595e-16,5.407975e-17
9.200000e-01,6.500000e-01,0.0,1.000000e+00,0.000000e+00,0.000000e+00
9.300000e-01,6.500000e-01,0.0,1.000000e+00,0.000000e+00,0.000000e+00
9.400000e-01,6.500000e-01,0.0,1.000000e+00,0.000000e+00,0.000000e+00
9.500000e-01,6.500000e-01,0.0,1.000000e+00,0.000000e+00,0.000000e+00
9.600000e-01,6.500000e-01,0.0,1.000000e+00,0.000000e+00,0.000000e+00
9.700000e-01,6.500000e-01,0.0,1.000000e+00,0.000000e+00,0.000000e+00
9.800000e-01,6.500000e-01,0.0,1.000000e+00,0.000000e+00,0.000000e+00
9.900000e-01,6.500000e-01,0.0,1.000000e+00,0.000000e+00,0.000000e+00
1.000000e+00,6.500000e-01,0.0,1.000000e+00,0.000000e+00,0.000000e+00
0.000000e+00,6.600000e-01,0.0,1.003003e+00,3.987964e-04,1.001145e-02
1.000000e-02,6.600000e-01,0.0,1.002449e+00,-5.150180e-04,6.625678e-03
2.000000e-02,6.600000e-01,0.0,1.003878e+00,-3.733260e-03,1.073727e-02
3.000000e-02,6.600000e-01,0.0,1.006039e+00,-7.107065e-03,1.711253e-02
4.000000e-02,6.600000e-01,0.0,1.008804e+00,-1.056263e-02,2.560844e-02
5.000000e-02,6.600000e-01,0.0,1.011632e+00,-1.328453e-02,3.462196e-02
6.000000e-02,6.600000e-01,0.0,1.014145e+00,-1.495576e-02,4.285350e-02
7.000000e-02,6.600000e-01,0.0,1.016163e+00,-1.560658e-02,4.962323e-02
8.000000e-02,6.600000e-01,0.0,1.017633e+00,-1.545272e-02,5.478158e-02
9.000000e-02,6.600000e-01,0.0,1.018596e+00,-1.480734e-02,5.834899e-02
1.000000e-01,6.600000e-01,0.0,1.019214e+00,-1.392659e-02,6.076442e-02
1.100000e-01,6.600000e-01,0.0,1.019569e+00,-1.282860e-02,6.237710e-02
1.200000e-01,6.600000e-01,0.0,1.019781e+00,-1.161949e-02,6.348374e-02
1.300000e-01,6.600000e-01,0.0,1.019889e+00,-1.027852e-02,6.423381e-02
1.400000e-01,6.600000e-01,0.0,1.019944e+00,-8.864753e-03,6.474942e-02
1.500000e-01,6.600000e-01,0.0,1.019965e+00,-7.412345e-03,6.511432e-02
1.600000e-01,6.600000e-01,0.0,1.019962e+00,-5.940424e-03,6.534465e-02
1.700000e-01,6.600000e-01,0.0,1.019948e+00,-4.459650e-03,6.547830e-02
1.800000e-01,6.600000e-01,0.0,1.019929e+00,-2.971912e-03,6.555117e-02
1.900000e-01,6.600000e-01,0.0,1.019916e+00,-1.483681e-03,6.559244e-02
2.000000e-01,6.600000e-01,0.0,1.019912e+00,5.245175e-08,6.561299e-02
2.100000e-01,6.600000e-01,0.0,1.019916e+00,1.484026e-03,6.559193e-02
2.200000e-01,6.600000e-01,0.0,1.019929e+00,2.972654e-03,6.555043e-02
2.300000e-01,6.600000e-01,0.0,1.019948e+00,4.460060e-03,6.547830e-02
2.400000e-01,6.600000e-01,0.0,1.019963e+00,5.938892e-03,6.534672e-02
2.500000e-01,6.600000e-01,0.0,1.019967e+00,7.407790e-03,6.511860e-02
2.600000e-01,6.600000e-01,0.0,1.019946e+00,8.859600e-03,6.475223e-02
2.700000e-01,6.600000e-01,0.0,1.019885e+00,1.028257e-02,6.422547e-02
2.800000e-01,6.600000e-01,0.0,1.019765e+00,1.164885e-02,6.345112e-02
2.900000e-01,6.600000e-01,0.0,1.019540e+00,1.289685e-02,6.231300e-02
3.000000e-01,6.600000e-01,0.0,1.019179e+00,1.402298e-02,6.067350e-02
3.100000e-01,6.600000e-01,0.0,1.018596e+00,1.485892e-02,5.832616e-02
3.200000e-01,6.600000e-01,0.0,1.017737e+00,1.534167e-02,5.502272e-02
3.300000e-01,6.600000e-01,0.0,1.016477e+00,1.527591e-02,5.054161e-02
3.400000e-01,6.600000e-01,0.0,1.014727e+00,1.449505e-02,4.466601e-02
3.500000e-01,6.600000e-01,0.0,1.012457e+00,1.289321e-02,3.728966e-02
3.600000e-01,6.600000e-01,0.0,1.009740e+00,1.049602e-02,2.873411e-02
3.700000e-01,6.600000e-01,0.0,1.006833e+00,7.591761e-03,1.984045e-02
3.800000e-01,6.600000e-01,0.0,1.004163e+00,4.727517e-03,1.188496e-02
3.900000e-01,6.600000e-01,0.0,1.002140e+00,2.471805e-03,6.004477e-03
4.000000e-01,6.600000e-01,0.0,1.000916e+00,1.077900e-03,2.528081e-03
4.100000e-01,6.600000e-01,0.0,1.000333e+00,4.018893e-04,9.037827e-04
4.200000e-01,6.600000e-01,0.0,1.000109e+00,1.373448e-04,2.928491e-04
4.300000e-01,6.600000e-01,0.0,1.000036e+00,4.868779e-05,9.745440e-05
4.400000e-01,6.600000e-01,0.0,1.000014e+00,2.056971e-05,3.864139e-05
4.500000e-01,6.600000e-01,0.0,1.000007e+00,1.071958e-05,1.904294e-05
4.600000e-01,6.600000e-01,0.0,1.000004e+00,6.203320e-06,1.047949e-05
4.700000e-01,6.600000e-01,0.0,1.000002e+00,3.432023e-06,5.536800e-06
4.800000e-01,6.600000e-01,0.0,1.000001e+00,1.599399e-06,2.483647e-06
4.900000e-01,6.600000e-01,0.0,1.000000e+00,5.972202e-07,8.997779e-07
5.000000e-01,6.600000e-01,0.0,1.000000e+00,1.953857e-07,2.863372e-07
5.100000e-01,6.600000e-01,0.0,1.000000e+00,7.210746e-08,1.030826e-07
5.200000e-01,6.600000e-01,0.0,1.000000e+00,3.809923e-08,5.345242e-08
5.300000e-01,6.600000e-01,0.0,1.000000e+00,2.702493e-08,3.742427e-08
5.400000e-01,6.600000e-01,0.0,1.000000e+00,2.150008e-08,2.930076e-08
5.500000e-01,6.600000e-01,0.0,1.000000e+00,1.751805e-08,2.328904e-08
5.600000e-01,6.600000e-01,0.0,1.000000e+00,1.419428e-08,1.833287e-08
5.700000e-01,6.600000e-01,0.0,1.000000e+00,1.137138e-08,1.426612e-08
5.800000e-01,6.600000e-01,0.0,1.000000e+00,9.010819e-09,1.098935e-08
5.900000e-01,6.600000e-01,0.0,1.000000e+00,7.065971e-09,8.383709e-09
6.000000e-01,6.600000e-01,0.0,1.000000e+00,5.481339e-09,6.331738e-09
6.100000e-01,6.600000e-01,0.0,1.000000e+00,4.203022e-09,4.730286e-09
6.200000e-01,6.600000e-01,0.0,1.000000e+00,3.182648e-09,3.492509e-09
6.300000e-01,6.600000e-01,0.0,1.000000e+00,2.377708e-09,2.546127e-09
6.400000e-01,6.600000e-01,0.0,1.000000e+00,1.750979e-09,1.831196e-09
6.500000e-01,6.600000e-01,0.0,1.000000e+00,1.269960e-09,1.298190e-09
6.600000e-01,6.600000e-01,0.0,1.000000e+00,9.064483e-10,9.064483e-10
6.700000e-01,6.600000e-01,0.0,1.000000e+00,6.362389e-10,6.229005e-10
6.800000e-01,6.600000e-01,0.0,1.000000e+00,4.388593e-10,4.209719e-10
6.900000e-01,6.600000e-01,0.0,1.000000e+00,2.972924e-10,2.796114e-10
7.000000e-01,6.600000e-01,0.0,1.000000e+00,1.976720e-10,1.824124e-10
7.100000e-01,6.600000e-01,0.0,1.000000e+00,1.289383e-10,1.168166e-10
7.200000e-01,6.600000e-01,0.0,1.000000e+00,8.246931e-11,7.339719e-11
7.300000e-01,6.600000e-01,0.0,1.000000e+00,5.170043e-11,4.522567e-11
7.400000e-01,6.600000e-01,0.0,1.000000e+00,3.175557e-11,2.731725e-11
7.500000e-01,6.600000e-01,0.0,1.000000e+00,1.910435e-11,1.616863e-11
7.600000e-01,6.600000e-01,0.0,1.000000e+00,1.125417e-11,9.374893e-12
7.700000e-01,6.600000e-01,0.0,1.000000e+00,6.490182e-12,5.323272e-12
7.800000e-01,6.600000e-01,0.0,1.000000e+00,3.663017e-12,2.959626e-12
7.900000e-01,6.600000e-01,0.0,1.000000e+00,2.023180e-12,1.610446e-12
8.000000e-01,6.600000e-01,0.0,1.000000e+00,1.093292e-12,8.577565e-13
8.100000e-01,6.600000e-01,0.0,1.000000e+00,5.775781e-13,4.469152e-13
8.200000e-01,6.600000e-01,0.0,1.000000e+00,2.984167e-13,2.277596e-13
8.300000e-01,6.600000e-01,0.0,1.000000e+00,1.511032e-13,1.135305e-13
8.400000e-01,6.600000e-01,0.0,1.000000e+00,7.439054e-14,5.530664e-14
8.500000e-01,6.600000e-01,0.0,1.000000e+00,3.579042e-14,2.616720e-14
8.600000e-01,6.600000e-01,0.0,1.000000e+00,1.697662e-14,1.205672e-14
8.700000e-01,6.600000e-01,0.0,1.000000e+00,7.731693e-15,5.244699e-15
8.800000e-01,6.600000e-01,0.0,1.000000e+00,3.082000e-15,2.162859e-15
8.900000e-01,6.600000e-01,0.0,1.000000e+00,1.189659e-15,6.489312e-16
9.000000e-01,6.600000e-01,0.0,1.000000e+00,2.163238e-16,1.081595e-16
9.100000e-01,6.600000e-01,0.0,1.000000e+00,0.000000e+00,0.000000e+00
9.200000e-01,6.600000e-01,0.0,1.000000e+00,0.000000e+00,0.000000e+00
9.300000e-01,6.600000e-01,0.0,1.000000e+00,0.000000e+00,0.000000e+00
9.400000e-01,6.600000e-01,0.0,1.000000e+00,0.000000e+00,0.000000e+00
9.500000e-01,6.600000e-01,0.0,1.000000e+00,0.000000e+00,0.000000e+00
9.600000e-01,6.600000e-01,0.0,1.000000e+00,0.000000e+00,0.000000e+00
9.700000e-01,6.600000e-01,0.0,1.000000e+00,0.000000e+00,0.000000e+00
9.800000e-01,6.600000e-01,0.0,1.000000e+00,0.000000e+00,0.000000e+00
9.900000e-01,6.600000e-01,0.0,1.000000e+00,0.000000e+00,0.000000e+00
1.000000e+00,6.600000e-01,0.0,1.000000e+00,0.000000e+00,0.000000e+00
0.000000e+00,6.700000e-01,0.0,1.000755e+00,1.744153e-04,2.607654e-03
1.000000e-02,6.700000e-01,0.0,1.000504e+00,-2.479735e-05,1.341845e-03
2.000000e-02,6.700000e-01,0.0,1.000904e+00,-8.126965e-04,2.487464e-03
3.000000e-02,6.700000e-01,0.0,1.001788e+00,-1.963761e-03,5.050575e-03
4.000000e-02,6.700000e-01,0.0,1.003317e+00,-3.609767e-03,9.601713e-03
5.000000e-02,6.700000e-01,0.0,1.005382e+00,-5.521398e-03,1.589651e-02
6.000000e-02,6.700000e-01,0.0,1.007713e+00,-7.377626e-03,2.314081e-02
7.000000e-02,6.700000e-01,0.0,1.010010e+00,-8.912539e-03,3.040894e-02
8.000000e-02,6.700000e-01,0.0,1.012057e+00,-9.979574e-03,3.701468e-02
9.000000e-02,6.700000e-01,0.0,1.013749e+00,-1.055101e-02,4.258771e-02
1.000000e-01,6.700000e-01,0.0,1.015074e+00,-1.066158e-02,4.711632e-02
1.100000e-01,6.700000e-01,0.0,1.016092e+00,-1.036761e-02,5.074992e-02
1.200000e-01,6.700000e-01,0.0,1.016868e+00,-9.748609e-03,5.359459e-02
1.300000e-01,6.700000e-01,0.0,1.017454e+00,-8.892579e-03,5.577856e-02
1.400000e-01,6.700000e-01,0.0,1.017874e+00,-7.823300e-03,5.743335e-02
1.500000e-01,6.700000e-01,0.0,1.018179e+00,-6.637246e-03,5.868086e-02
1.600000e-01,6.700000e-01,0.0,1.018403e+00,-5.392124e-03,5.959488e-02
1.700000e-01,6.700000e-01,0.0,1.018555e+00,-4.099680e-03,6.024678e-02
1.800000e-01,6.700000e-01,0.0,1.018646e+00,-2.760699e-03,6.067584e-02
1.900000e-01,6.700000e-01,0.0,1.018694e+00,-1.381839e-03,6.090054e-02
2.000000e-01,6.700000e-01,0.0,1.018707e+00,-1.127979e-07,6.097520e-02
2.100000e-01,6.700000e-01,0.0,1.018694e+00,1.381788e-03,6.090036e-02
2.200000e-01,6.700000e-01,0.0,1.018646e+00,2.761149e-03,6.067529e-02
2.300000e-01,6.700000e-01,0.0,1.018554e+00,4.100604e-03,6.024580e-02
2.400000e-01,6.700000e-01,0.0,1.018403e+00,5.392656e-03,5.959430e-02
2.500000e-01,6.700000e-01,0.0,1.018180e+00,6.635708e-03,5.868258e-02
2.600000e-01,6.700000e-01,0.0,1.017876e+00,7.818178e-03,5.743921e-02
2.700000e-01,6.700000e-01,0.0,1.017457e+00,8.887250e-03,5.578677e-02
2.800000e-01,6.700000e-01,0.0,1.016866e+00,9.752443e-03,5.359160e-02
2.900000e-01,6.700000e-01,0.0,1.016075e+00,1.039396e-02,5.071053e-02
3.000000e-01,6.700000e-01,0.0,1.015036e+00,1.071778e-02,4.700864e-02
3.100000e-01,6.700000e-01,0.0,1.013688e+00,1.062035e-02,4.239918e-02
3.200000e-01,6.700000e-01,0.0,1.011999e+00,1.002004e-02,3.681960e-02
3.300000e-01,6.700000e-01,0.0,1.009998e+00,8.892290e-03,3.034527e-02
3.400000e-01,6.700000e-01,0.0,1.007777e+00,7.295150e-03,2.331996e-02
3.500000e-01,6.700000e-01,0.0,1.005528e+00,5.417497e-03,1.635556e-02
3.600000e-01,6.700000e-01,0.0,1.003506e+00,3.561659e-03,1.022598e-02
3.700000e-01,6.700000e-01,0.0,1.001941e+00,2.033214e-03,5.578487e-03
3.800000e-01,6.700000e-01,0.0,1.000926e+00,9.985732e-04,2.621851e-03
3.900000e-01,6.700000e-01,0.0,1.000382e+00,4.257255e-04,1.066963e-03
4.000000e-01,6.700000e-01,0.0,1.000141e+00,1.633964e-04,3.885376e-04
4.100000e-01,6.700000e-01,0.0,1.000050e+00,6.082384e-05,1.362660e-04
4.200000e-01,6.700000e-01,0.0,1.000019e+00,2.454918e-05,5.164677e-05
4.300000e-01,6.700000e-01,0.0,1.000009e+00,1.178068e-05,2.335267e-05
4.400000e-01,6.700000e-01,0.0,1.000005e+00,6.632071e-06,1.244735e-05
4.500000e-01,6.700000e-01,0.0,1.000003e+00,3.934523e-06,7.011324e-06
4.600000e-01,6.700000e-01,0.0,1.000001e+00,2.163600e-06,3.677419e-06
4.700000e-01,6.700000e-01,0.0,1.000001e+00,9.978425e-07,1.631851e-06
4.800000e-01,6.700000e-01,0.0,1.000000e+00,3.783787e-07,5.997597e-07
4.900000e-01,6.700000e-01,0.0,1.000000e+00,1.324248e-07,2.040270e-07
5.000000e-01,6.700000e-01,0.0,1.000000e+00,5.493995e-08,8.264674e-08
5.100000e-01,6.700000e-01,0.0,1.000000e+00,3.203988e-08,4.741619e-08
5.200000e-01,6.700000e-01,0.0,1.000000e+00,2.371010e-08,3.472001e-08
5.300000e-01,6.700000e-01,0.0,1.000000e+00,1.915994e-08,2.758963e-08
5.400000e-01,6.700000e-01,0.0,1.000000e+00,1.574947e-08,2.208514e-08
5.500000e-01,6.700000e-01,0.0,1.000000e+00,1.285877e-08,1.749483e-08
5.600000e-01,6.700000e-01,0.0,1.000000e+00,1.037937e-08,1.370200e-08
5.700000e-01,6.700000e-01,0.0,1.000000e+00,8.286203e-09,1.062324e-08
5.800000e-01,6.700000e-01,0.0,1.000000e+00,6.545229e-09,8.156150e-09
5.900000e-01,6.700000e-01,0.0,1.000000e+00,5.113676e-09,6.198491e-09
6.000000e-01,6.700000e-01,0.0,1.000000e+00,3.948676e-09,4.659333e-09
6.100000e-01,6.700000e-01,0.0,1.000000e+00,3.010843e-09,3.461127e-09
6.200000e-01,6.700000e-01,0.0,1.000000e+00,2.264886e-09,2.538544e-09
6.300000e-01,6.700000e-01,0.0,1.000000e+00,1.679367e-09,1.836770e-09
6.400000e-01,6.700000e-01,0.0,1.000000e+00,1.226387e-09,1.310006e-09
6.500000e-01,6.700000e-01,0.0,1.000000e+00,8.813656e-10,9.202423e-10
6.600000e-01,6.700000e-01,0.0,1.000000e+00,6.229005e-10,6.362389e-10
6.700000e-01,6.700000e-01,0.0,1.000000e+00,4.326374e-10,4.326374e-10
6.800000e-01,6.700000e-01,0.0,1.000000e+00,2.951230e-10,2.891532e-10
6.900000e-01,6.700000e-01,0.0,1.000000e+00,1.976104e-10,1.898312e-10
7.000000e-01,6.700000e-01,0.0,1.000000e+00,1.298135e-10,1.223488e-10
7.100000e-01,6.700000e-01,0.0,1.000000e+00,8.362399e-11,7.737550e-11
7.200000e-01,6.700000e-01,0.0,1.000000e+00,5.280328e-11,4.799298e-11
7.300000e-01,6.700000e-01,0.0,1.000000e+00,3.267047e-11,2.918424e-11
7.400000e-01,6.700000e-01,0.0,1.000000e+00,1.979929e-11,1.739185e-11
7.500000e-01,6.700000e-01,0.0,1.000000e+00,1.175027e-11,1.015392e-11
7.600000e-01,6.700000e-01,0.0,1.000000e+00,6.827051e-12,5.806363e-12
7.700000e-01,6.700000e-01,0.0,1.000000e+00,3.882430e-12,3.250989e-12
7.800000e-01,6.700000e-01,0.0,1.000000e+00,2.160593e-12,1.782078e-12
7.900000e-01,6.700000e-01,0.0,1.000000e+00,1.176379e-12,9.558725e-13
8.000000e-01,6.700000e-01,0.0,1.000000e+00,6.265552e-13,5.015691e-13
8.100000e-01,6.700000e-01,0.0,1.000000e+00,3.263117e-13,2.574385e-13
8.200000e-01,6.700000e-01,0.0,1.000000e+00,1.661860e-13,1.291000e-13
8.300000e-01,6.700000e-01,0.0,1.000000e+00,8.249979e-14,6.330783e-14
8.400000e-01,6.700000e-01,0.0,1.000000e+00,4.027758e-14,3.016777e-14
8.500000e-01,6.700000e-01,0.0,1.000000e+00,1.908509e-14,1.421934e-14
8.600000e-01,6.700000e-01,0.0,1.000000e+00,8.650747e-15,6.271869e-15
8.700000e-01,6.700000e-01,0.0,1.000000e+00,3.622676e-15,2.541356e-15
8.800000e-01,6.700000e-01,0.0,1.000000e+00,1.459998e-15,9.192558e-16
8.900000e-01,6.700000e-01,0.0,1.000000e+00,3.785631e-16,1.081619e-16
9.000000e-01,6.700000e-01,0.0,1.000000e+00,0.000000e+00,0.000000e+00
9.100000e-01,6.700000e-01,0.0,1.000000e+00,0.000000e+00,0.000000e+00
9.200000e-01,6.700000e-01,0.0,1.000000e+00,0.000000e+00,0.000000e+00
9.300000e-01,6.700000e-01,0.0,1.000000e+00,0.000000e+00,0.000000e+00
9.400000e-01,6.700000e-01,0.0,1.000000e+00,0.000000e+00,0.000000e+00
9.500000e-01,6.700000e-01,0.0,1.000000e+00,0.000000e+00,0.000000e+00
9.600000e-01,6.700000e-01,0.0,1.000000e+00,0.000000e+00,0.000000e+00
9.700000e-01,6.700000e-01,0.0,1.000000e+00,0.000000e+00,0.000000e+00
9.800000e-01,6.700000e-01,0.0,1.000000e+00,0.000000e+00,0.000000e+00
9.900000e-01,6.700000e-01,0.0,1.000000e+00,0.000000e+00,0.000000e+00
1.000000e+00,6.700000e-01,0.0,1.000000e+00,0.000000e+00,0.000000e+00
0.000000e+00,6.800000e-01,0.0,1.000174e+00,5.135271e-05,6.156435e-04
1.000000e-02,6.800000e-01,0.0,1.000098e+00,1.459864e-05,2.598222e-04
2.000000e-02,6.800000e-01,0.0,1.000165e+00,-1.208103e-04,4.556696e-04
3.000000e-02,6.800000e-01,0.0,1.000357e+00,-3.520912e-04,1.011777e-03
4.000000e-02,6.800000e-01,0.0,1.000777e+00,-7.648593e-04,2.247833e-03
5.000000e-02,6.800000e-01,0.0,1.001512e+00,-1.409165e-03,4.441753e-03
6.000000e-02,6.800000e-01,0.0,1.002593e+00,-2.280974e-03,7.712810e-03
7.000000e-02,6.800000e-01,0.0,1.003969e+00,-3.305430e-03,1.193973e-02
8.000000e-02,6.800000e-01,0.0,1.005534e+00,-4.352605e-03,1.681739e-02
9.000000e-02,6.800000e-01,0.0,1.007154e+00,-5.275142e-03,2.194913e-02
1.000000e-01,6.800000e-01,0.0,1.008714e+00,-5.955280e-03,2.697215e-02
1.100000e-01,6.800000e-01,0.0,1.010136e+00,-6.329145e-03,3.161085e-02
1.200000e-01,6.800000e-01,0.0,1.011370e+00,-6.379751e-03,3.572714e-02
1.300000e-01,6.800000e-01,0.0,1.012404e+00,-6.135549e-03,3.924709e-02
1.400000e-01,6.800000e-01,0.0,1.013246e+00,-5.649063e-03,4.214934e-02
1.500000e-01,6.800000e-01,0.0,1.013912e+00,-4.969560e-03,4.445871e-02
1.600000e-01,6.800000e-01,0.0,1.014423e+00,-4.139187e-03,4.624966e-02
1.700000e-01,6.800000e-01,0.0,1.014792e+00,-3.165981e-03,4.759435e-02
1.800000e-01,6.800000e-01,0.0,1.015065e+00,-2.171517e-03,4.853975e-02
1.900000e-01,6.800000e-01,0.0,1.015216e+00,-1.130239e-03,4.908390e-02
2.000000e-01,6.800000e-01,0.0,1.015253e+00,-8.218239e-08,4.923239e-02
2.100000e-01,6.800000e-01,0.0,1.015216e+00,1.130110e-03,4.908404e-02
2.200000e-01,6.800000e-01,0.0,1.015065e+00,2.171542e-03,4.853978e-02
2.300000e-01,6.800000e-01,0.0,1.014792e+00,3.166401e-03,4.759380e-02
2.400000e-01,6.800000e-01,0.0,1.014422e+00,4.139929e-03,4.624836e-02
2.500000e-01,6.800000e-01,0.0,1.013912e+00,4.969930e-03,4.445755e-02
2.600000e-01,6.800000e-01,0.0,1.013246e+00,5.647857e-03,4.215086e-02
2.700000e-01,6.800000e-01,0.0,1.012406e+00,6.132321e-03,3.925358e-02
2.800000e-01,6.800000e-01,0.0,1.011373e+00,6.376442e-03,3.573656e-02
2.900000e-01,6.800000e-01,0.0,1.010136e+00,6.330599e-03,3.161216e-02
3.000000e-01,6.800000e-01,0.0,1.008704e+00,5.966410e-03,2.694444e-02
3.100000e-01,6.800000e-01,0.0,1.007129e+00,5.295806e-03,2.187301e-02
3.200000e-01,6.800000e-01,0.0,1.005494e+00,4.374630e-03,1.669111e-02
3.300000e-01,6.800000e-01,0.0,1.003924e+00,3.315991e-03,1.179001e-02
3.400000e-01,6.800000e-01,0.0,1.002553e+00,2.272313e-03,7.582644e-03
3.500000e-01,6.800000e-01,0.0,1.001491e+00,1.389038e-03,4.373202e-03
3.600000e-01,6.800000e-01,0.0,1.000773e+00,7.514025e-04,2.238564e-03
3.700000e-01,6.800000e-01,0.0,1.000356e+00,3.605752e-04,1.016835e-03
3.800000e-01,6.800000e-01,0.0,1.000148e+00,1.563846e-04,4.166529e-04
3.900000e-01,6.800000e-01,0.0,1.000057e+00,6.399582e-05,1.605910e-04
4.000000e-01,6.800000e-01,0.0,1.000023e+00,2.660813e-05,6.277003e-05
4.100000e-01,6.800000e-01,0.0,1.000010e+00,1.229170e-05,2.730162e-05
4.200000e-01,6.800000e-01,0.0,1.000005e+00,6.601379e-06,1.385084e-05
4.300000e-01,6.800000e-01,0.0,1.000003e+00,3.946162e-06,7.833870e-06
4.400000e-01,6.800000e-01,0.0,1.000002e+00,2.374419e-06,4.466890e-06
4.500000e-01,6.800000e-01,0.0,1.000001e+00,1.292527e-06,2.317376e-06
4.600000e-01,6.800000e-01,0.0,1.000000e+00,5.922756e-07,1.021280e-06
4.700000e-01,6.800000e-01,0.0,1.000000e+00,2.311253e-07,3.858281e-07
4.800000e-01,6.800000e-01,0.0,1.000000e+00,8.837977e-08,1.433602e-07
4.900000e-01,6.800000e-01,0.0,1.000000e+00,4.175426e-08,6.622758e-08
5.000000e-01,6.800000e-01,0.0,1.000000e+00,2.672022e-08,4.184365e-08
5.100000e-01,6.800000e-01,0.0,1.000000e+00,2.053452e-08,3.186877e-08
5.200000e-01,6.800000e-01,0.0,1.000000e+00,1.684633e-08,2.565384e-08
5.300000e-01,6.800000e-01,0.0,1.000000e+00,1.397178e-08,2.067464e-08
5.400000e-01,6.800000e-01,0.0,1.000000e+00,1.149594e-08,1.648082e-08
5.500000e-01,6.800000e-01,0.0,1.000000e+00,9.350548e-09,1.299183e-08
5.600000e-01,6.800000e-01,0.0,1.000000e+00,7.521375e-09,1.013827e-08
5.700000e-01,6.800000e-01,0.0,1.000000e+00,5.984943e-09,7.833630e-09
5.800000e-01,6.800000e-01,0.0,1.000000e+00,4.709576e-09,5.990716e-09
5.900000e-01,6.800000e-01,0.0,1.000000e+00,3.662289e-09,4.530919e-09
6.000000e-01,6.800000e-01,0.0,1.000000e+00,2.811902e-09,3.386240e-09
6.100000e-01,6.800000e-01,0.0,1.000000e+00,2.129818e-09,2.498627e-09
6.200000e-01,6.800000e-01,0.0,1.000000e+00,1.590046e-09,1.818765e-09
6.300000e-01,6.800000e-01,0.0,1.000000e+00,1.169101e-09,1.304961e-09
6.400000e-01,6.800000e-01,0.0,1.000000e+00,8.459421e-10,9.222215e-10
6.500000e-01,6.800000e-01,0.0,1.000000e+00,6.019626e-10,6.414705e-10
6.600000e-01,6.800000e-01,0.0,1.000000e+00,4.209719e-10,4.388593e-10
6.700000e-01,6.800000e-01,0.0,1.000000e+00,2.891532e-10,2.951230e-10
6.800000e-01,6.800000e-01,0.0,1.000000e+00,1.949626e-10,1.949626e-10
6.900000e-01,6.800000e-01,0.0,1.000000e+00,1.289740e-10,1.264530e-10
7.000000e-01,6.800000e-01,0.0,1.000000e+00,8.367215e-11,8.048612e-11
7.100000e-01,6.800000e-01,0.0,1.000000e+00,5.321191e-11,5.024872e-11
7.200000e-01,6.800000e-01,0.0,1.000000e+00,3.316059e-11,3.075855e-11
7.300000e-01,6.800000e-01,0.0,1.000000e+00,2.024305e-11,1.845371e-11
7.400000e-01,6.800000e-01,0.0,1.000000e+00,1.210167e-11,1.084722e-11
7.500000e-01,6.800000e-01,0.0,1.000000e+00,7.083160e-12,6.245562e-12
7.600000e-01,6.800000e-01,0.0,1.000000e+00,4.058166e-12,3.521378e-12
7.700000e-01,6.800000e-01,0.0,1.000000e+00,2.275356e-12,1.943764e-12
7.800000e-01,6.800000e-01,0.0,1.000000e+00,1.248222e-12,1.049988e-12
7.900000e-01,6.800000e-01,0.0,1.000000e+00,6.696404e-13,5.550877e-13
8.000000e-01,6.800000e-01,0.0,1.000000e+00,3.514495e-13,2.870093e-13
8.100000e-01,6.800000e-01,0.0,1.000000e+00,1.802959e-13,1.448858e-13
8.200000e-01,6.800000e-01,0.0,1.000000e+00,9.050073e-14,7.152513e-14
8.300000e-01,6.800000e-01,0.0,1.000000e+00,4.438628e-14,3.438479e-14
8.400000e-01,6.800000e-01,0.0,1.000000e+00,2.124750e-14,1.632778e-14
8.500000e-01,6.800000e-01,0.0,1.000000e+00,9.840139e-15,7.190995e-15
8.600000e-01,6.800000e-01,0.0,1.000000e+00,4.379616e-15,3.082000e-15
8.700000e-01,6.800000e-01,0.0,1.000000e+00,1.730320e-15,1.135589e-15
8.800000e-01,6.800000e-01,0.0,1.000000e+00,5.407749e-16,3.785631e-16
8.900000e-01,6.800000e-01,0.0,1.000000e+00,3.419353e-34,0.000000e+00
9.000000e-01,6.800000e-01,0.0,1.000000e+00,0.000000e+00,0.000000e+00
9.100000e-01,6.800000e-01,0.0,1.000000e+00,0.000000e+00,0.000000e+00
9.200000e-01,6.800000e-01,0.0,1.000000e+00,0.000000e+00,0.000000e+00
9.300000e-01,6.800000e-01,0.0,1.000000e+00,0.000000e+00,0.000000e+00
9.400000e-01,6.800000e-01,0.0,1.000000e+00,0.000000e+00,0.000000e+00
9.500000e-01,6.800000e-01,0.0,1.000000e+00,0.000000e+00,0.000000e+00
9.600000e-01,6.800000e-01,0.0,1.000000e+00,0.000000e+00,0.000000e+00
9.700000e-01,6.800000e-01,0.0,1.000000e+00,0.000000e+00,0.000000e+00
9.800000e-01,6.800000e-01,0.0,1.000000e+00,0.000000e+00,0.000000e+00
9.900000e-01,6.800000e-01,0.0,1.000000e+00,0.000000e+00,0.000000e+00
1.000000e+00,6.800000e-01,0.0,1.000000e+00,0.000000e+00,0.000000e+00
0.000000e+00,6.900000e-01,0.0,1.000040e+00,1.259429e-05,1.443755e-04
1.000000e-02,6.900000e-01,0.0,1.000021e+00,6.218307e-06,5.771997e-05
2.000000e-02,6.900000e-01,0.0,1.000030e+00,-1.532693e-05,8.245887e-05
3.000000e-02,6.900000e-01,0.0,1.000058e+00,-5.162273e-05,1.652738e-04
4.000000e-02,6.900000e-01,0.0,1.000130e+00,-1.203157e-04,3.750434e-04
5.000000e-02,6.900000e-01,0.0,1.000278e+00,-2.471769e-04,8.135446e-04
6.000000e-02,6.900000e-01,0.0,1.000546e+00,-4.605900e-04,1.613634e-03
7.000000e-02,6.900000e-01,0.0,1.000973e+00,-7.794214e-04,2.906559e-03
8.000000e-02,6.900000e-01,0.0,1.001584e+00,-1.198620e-03,4.776748e-03
9.000000e-02,6.900000e-01,0.0,1.002372e+00,-1.680280e-03,7.217785e-03
1.000000e-01,6.900000e-01,0.0,1.003296e+00,-2.161164e-03,1.011933e-02
1.100000e-01,6.900000e-01,0.0,1.004297e+00,-2.572198e-03,1.329569e-02
1.200000e-01,6.900000e-01,0.0,1.005308e+00,-2.858345e-03,1.653610e-02
1.300000e-01,6.900000e-01,0.0,1.006272e+00,-2.983758e-03,1.965111e-02
1.400000e-01,6.900000e-01,0.0,1.007142e+00,-2.934868e-03,2.250916e-02
1.500000e-01,6.900000e-01,0.0,1.007894e+00,-2.719955e-03,2.500277e-02
1.600000e-01,6.900000e-01,0.0,1.008514e+00,-2.358375e-03,2.706522e-02
1.700000e-01,6.900000e-01,0.0,1.008995e+00,-1.874440e-03,2.867270e-02
1.800000e-01,6.900000e-01,0.0,1.009340e+00,-1.290232e-03,2.983928e-02
1.900000e-01,6.900000e-01,0.0,1.009560e+00,-6.797560e-04,3.057427e-02
2.000000e-01,6.900000e-01,0.0,1.009636e+00,-1.631455e-08,3.082517e-02
2.100000e-01,6.900000e-01,0.0,1.009560e+00,6.797146e-04,3.057438e-02
2.200000e-01,6.900000e-01,0.0,1.009340e+00,1.290166e-03,2.983947e-02
2.300000e-01,6.900000e-01,0.0,1.008995e+00,1.874449e-03,2.867277e-02
2.400000e-01,6.900000e-01,0.0,1.008514e+00,2.358576e-03,2.706485e-02
2.500000e-01,6.900000e-01,0.0,1.007894e+00,2.720333e-03,2.500180e-02
2.600000e-01,6.900000e-01,0.0,1.007141e+00,2.935096e-03,2.250815e-02
2.700000e-01,6.900000e-01,0.0,1.006272e+00,2.983305e-03,1.965149e-02
2.800000e-01,6.900000e-01,0.0,1.005309e+00,2.857065e-03,1.653943e-02
2.900000e-01,6.900000e-01,0.0,1.004299e+00,2.570825e-03,1.330133e-02
3.000000e-01,6.900000e-01,0.0,1.003297e+00,2.161132e-03,1.012339e-02
3.100000e-01,6.900000e-01,0.0,1.002370e+00,1.682550e-03,7.213667e-03
3.200000e-01,6.900000e-01,0.0,1.001579e+00,1.202414e-03,4.759431e-03
3.300000e-01,6.900000e-01,0.0,1.000964e+00,7.822702e-04,2.877553e-03
3.400000e-01,6.900000e-01,0.0,1.000536e+00,4.608022e-04,1.582613e-03
3.500000e-01,6.900000e-01,0.0,1.000271e+00,2.458300e-04,7.904876e-04
3.600000e-01,6.900000e-01,0.0,1.000125e+00,1.199498e-04,3.615970e-04
3.700000e-01,6.900000e-01,0.0,1.000054e+00,5.487939e-05,1.551716e-04
3.800000e-01,6.900000e-01,0.0,1.000023e+00,2.465952e-05,6.545494e-05
3.900000e-01,6.900000e-01,0.0,1.000010e+00,1.163096e-05,2.905096e-05
4.000000e-01,6.900000e-01,0.0,1.000005e+00,6.111809e-06,1.440731e-05
4.100000e-01,6.900000e-01,0.0,1.000003e+00,3.601625e-06,8.019678e-06
4.200000e-01,6.900000e-01,0.0,1.000002e+00,2.247239e-06,4.723995e-06
4.300000e-01,6.900000e-01,0.0,1.000001e+00,1.358422e-06,2.701243e-06
4.400000e-01,6.900000e-01,0.0,1.000001e+00,7.312727e-07,1.385249e-06
4.500000e-01,6.900000e-01,0.0,1.000000e+00,3.359823e-07,6.117317e-07
4.600000e-01,6.900000e-01,0.0,1.000000e+00,1.376266e-07,2.423217e-07
4.700000e-01,6.900000e-01,0.0,1.000000e+00,5.890389e-08,1.008006e-07
4.800000e-01,6.900000e-01,0.0,1.000000e+00,3.184278e-08,5.342799e-08
4.900000e-01,6.900000e-01,0.0,1.000000e+00,2.211135e-08,3.678736e-08
5.000000e-01,6.900000e-01,0.0,1.000000e+00,1.756420e-08,2.894398e-08
5.100000e-01,6.900000e-01,0.0,1.000000e+00,1.461945e-08,2.355689e-08
5.200000e-01,6.900000e-01,0.0,1.000000e+00,1.223321e-08,1.910796e-08
5.300000e-01,6.900000e-01,0.0,1.000000e+00,1.014437e-08,1.532836e-08
5.400000e-01,6.900000e-01,0.0,1.000000e+00,8.315225e-09,1.216240e-08
5.500000e-01,6.900000e-01,0.0,1.000000e+00,6.739682e-09,9.553010e-09
5.600000e-01,6.900000e-01,0.0,1.000000e+00,5.402769e-09,7.428648e-09
5.700000e-01,6.900000e-01,0.0,1.000000e+00,4.282160e-09,5.716555e-09
5.800000e-01,6.900000e-01,0.0,1.000000e+00,3.353425e-09,4.350126e-09
5.900000e-01,6.900000e-01,0.0,1.000000e+00,2.592639e-09,3.270833e-09
6.000000e-01,6.900000e-01,0.0,1.000000e+00,1.977235e-09,2.427977e-09
6.100000e-01,6.900000e-01,0.0,1.000000e+00,1.486209e-09,1.777909e-09
6.200000e-01,6.900000e-01,0.0,1.000000e+00,1.100186e-09,1.283267e-09
6.300000e-01,6.900000e-01,0.0,1.000000e+00,8.014874e-10,9.123152e-10
6.400000e-01,6.900000e-01,0.0,1.000000e+00,5.742108e-10,6.383937e-10
6.500000e-01,6.900000e-01,0.0,1.000000e+00,4.043061e-10,4.393988e-10
6.600000e-01,6.900000e-01,0.0,1.000000e+00,2.796114e-10,2.972924e-10
6.700000e-01,6.900000e-01,0.0,1.000000e+00,1.898312e-10,1.976104e-10
6.800000e-01,6.900000e-01,0.0,1.000000e+00,1.264530e-10,1.289740e-10
6.900000e-01,6.900000e-01,0.0,1.000000e+00,8.261237e-11,8.261237e-11
7.000000e-01,6.900000e-01,0.0,1.000000e+00,5.290947e-11,5.190872e-11
7.100000e-01,6.900000e-01,0.0,1.000000e+00,3.320770e-11,3.198250e-11
7.200000e-01,6.900000e-01,0.0,1.000000e+00,2.041790e-11,1.931499e-11
7.300000e-01,6.900000e-01,0.0,1.000000e+00,1.229502e-11,1.143014e-11
7.400000e-01,6.900000e-01,0.0,1.000000e+00,7.248620e-12,6.625949e-12
7.500000e-01,6.900000e-01,0.0,1.000000e+00,4.183304e-12,3.761713e-12
7.600000e-01,6.900000e-01,0.0,1.000000e+00,2.362928e-12,2.090961e-12
7.700000e-01,6.900000e-01,0.0,1.000000e+00,1.305794e-12,1.137454e-12
7.800000e-01,6.900000e-01,0.0,1.000000e+00,7.061302e-13,6.054166e-13
7.900000e-01,6.900000e-01,0.0,1.000000e+00,3.734518e-13,3.154991e-13
8.000000e-01,6.900000e-01,0.0,1.000000e+00,1.929458e-13,1.603472e-13
8.100000e-01,6.900000e-01,0.0,1.000000e+00,9.774498e-14,7.979657e-14
8.200000e-01,6.900000e-01,0.0,1.000000e+00,4.844084e-14,3.865555e-14
8.300000e-01,6.900000e-01,0.0,1.000000e+00,2.324775e-14,1.832815e-14
8.400000e-01,6.900000e-01,0.0,1.000000e+00,1.108351e-14,8.434442e-15
8.500000e-01,6.900000e-01,0.0,1.000000e+00,4.812059e-15,3.622670e-15
8.600000e-01,6.900000e-01,0.0,1.000000e+00,2.000643e-15,1.405862e-15
8.700000e-01,6.900000e-01,0.0,1.000000e+00,7.571012e-16,3.244672e-16
8.800000e-01,6.900000e-01,0.0,1.000000e+00,1.081595e-16,0.000000e+00
8.900000e-01,6.900000e-01,0.0,1.000000e+00,0.000000e+00,0.000000e+00
9.000000e-01,6.900000e-01,0.0,1.000000e+00,0.000000e+00,0.000000e+00
9.100000e-01,6.900000e-01,0.0,1.000000e+00,0.000000e+00,0.000000e+00
9.200000e-01,6.900000e-01,0.0,1.000000e+00,0.000000e+00,0.000000e+00
9.300000e-01,6.900000e-01,0.0,1.000000e+00,0.000000e+00,0.000000e+00
9.400000e-01,6.900000e-01,0.0,1.000000e+00,0.000000e+00,0.000000e+00
9.500000e-01,6.900000e-01,0.0,1.000000e+00,0.000000e+00,0.000000e+00
9.600000e-01,6.900000e-01,0.0,1.000000e+00,0.000000e+00,0.000000e+00
9.700000e-01,6.900000e-01,0.0,1.000000e+00,0.000000e+00,0.000000e+00
9.800000e-01,6.900000e-01,0.0,1.000000e+00,0.000000e+00,0.000000e+00
9.900000e-01,6.900000e-01,0.0,1.000000e+00,0.000000e+00,0.000000e+00
1.000000e+00,6.900000e-01,0.0,1.000000e+00,0.000000e+00,0.000000e+00
0.000000e+00,7.000000e-01,0.0,1.000010e+00,2.926906e-06,3.613045e-05
1.000000e-02,7.000000e-01,0.0,1.000006e+00,1.849490e-06,1.579571e-05
2.000000e-02,7.000000e-01,0.0,1.000007e+00,-2.683614e-06,1.840499e-05
3.000000e-02,7.000000e-01,0.0,1.000010e+00,-8.171802e-06,2.950274e-05
4.000000e-02,7.000000e-01,0.0,1.000020e+00,-1.836188e-05,5.896414e-05
5.000000e-02,7.000000e-01,0.0,1.000043e+00,-3.776458e-05,1.246674e-04
6.000000e-02,7.000000e-01,0.0,1.000087e+00,-7.363420e-05,2.579628e-04
7.000000e-02,7.000000e-01,0.0,1.000170e+00,-1.347202e-04,5.051964e-04
8.000000e-02,7.000000e-01,0.0,1.000308e+00,-2.284698e-04,9.231610e-04
9.000000e-02,7.000000e-01,0.0,1.000517e+00,-3.567001e-04,1.565629e-03
1.000000e-01,7.000000e-01,0.0,1.000807e+00,-5.121239e-04,2.464052e-03
1.100000e-01,7.000000e-01,0.0,1.001174e+00,-6.780105e-04,3.613151e-03
1.200000e-01,7.000000e-01,0.0,1.001604e+00,-8.312560e-04,4.967297e-03
1.300000e-01,7.000000e-01,0.0,1.002071e+00,-9.477745e-04,6.449576e-03
1.400000e-01,7.000000e-01,0.0,1.002545e+00,-1.006625e-03,7.965196e-03
1.500000e-01,7.000000e-01,0.0,1.002997e+00,-9.941019e-04,9.423529e-03
1.600000e-01,7.000000e-01,0.0,1.003400e+00,-9.059632e-04,1.073212e-02
1.700000e-01,7.000000e-01,0.0,1.003733e+00,-7.474730e-04,1.181409e-02
1.800000e-01,7.000000e-01,0.0,1.003981e+00,-5.308887e-04,1.262267e-02
1.900000e-01,7.000000e-01,0.0,1.004135e+00,-2.739267e-04,1.313599e-02
2.000000e-01,7.000000e-01,0.0,1.004212e+00,2.299001e-09,1.337666e-02
2.100000e-01,7.000000e-01,0.0,1.004135e+00,2.739264e-04,1.313600e-02
2.200000e-01,7.000000e-01,0.0,1.003981e+00,5.308698e-04,1.262273e-02
2.300000e-01,7.000000e-01,0.0,1.003733e+00,7.474428e-04,1.181420e-02
2.400000e-01,7.000000e-01,0.0,1.003400e+00,9.059595e-04,1.073220e-02
2.500000e-01,7.000000e-01,0.0,1.002997e+00,9.941675e-04,9.423427e-03
2.600000e-01,7.000000e-01,0.0,1.002545e+00,1.006747e-03,7.964797e-03
2.700000e-01,7.000000e-01,0.0,1.002070e+00,9.478416e-04,6.449070e-03
2.800000e-01,7.000000e-01,0.0,1.001604e+00,8.311368e-04,4.967224e-03
2.900000e-01,7.000000e-01,0.0,1.001175e+00,6.777213e-04,3.614024e-03
3.000000e-01,7.000000e-01,0.0,1.000808e+00,5.118695e-04,2.465775e-03
3.100000e-01,7.000000e-01,0.0,1.000517e+00,3.567168e-04,1.567240e-03
3.200000e-01,7.000000e-01,0.0,1.000308e+00,2.287743e-04,9.234419e-04
3.300000e-01,7.000000e-01,0.0,1.000169e+00,1.350716e-04,5.036974e-04
3.400000e-01,7.000000e-01,0.0,1.000087e+00,7.384870e-05,2.555075e-04
3.500000e-01,7.000000e-01,0.0,1.000042e+00,3.795941e-05,1.222965e-04
3.600000e-01,7.000000e-01,0.0,1.000020e+00,1.888465e-05,5.686463e-05
3.700000e-01,7.000000e-01,0.0,1.000009e+00,9.512687e-06,2.688721e-05
3.800000e-01,7.000000e-01,0.0,1.000005e+00,5.105514e-06,1.359915e-05
3.900000e-01,7.000000e-01,0.0,1.000003e+00,3.003466e-06,7.548880e-06
4.000000e-01,7.000000e-01,0.0,1.000002e+00,1.900216e-06,4.499602e-06
4.100000e-01,7.000000e-01,0.0,1.000001e+00,1.218190e-06,2.715416e-06
4.200000e-01,7.000000e-01,0.0,1.000001e+00,7.348407e-07,1.547468e-06
4.300000e-01,7.000000e-01,0.0,1.000000e+00,3.927857e-07,7.877508e-07
4.400000e-01,7.000000e-01,0.0,1.000000e+00,1.838975e-07,3.542092e-07
4.500000e-01,7.000000e-01,0.0,1.000000e+00,8.122583e-08,1.511793e-07
4.600000e-01,7.000000e-01,0.0,1.000000e+00,3.976506e-08,7.201733e-08
4.700000e-01,7.000000e-01,0.0,1.000000e+00,2.442589e-08,4.358300e-08
4.800000e-01,7.000000e-01,0.0,1.000000e+00,1.815685e-08,3.222470e-08
4.900000e-01,7.000000e-01,0.0,1.000000e+00,1.484720e-08,2.600728e-08
5.000000e-01,7.000000e-01,0.0,1.000000e+00,1.252722e-08,2.136390e-08
5.100000e-01,7.000000e-01,0.0,1.000000e+00,1.057439e-08,1.743836e-08
5.200000e-01,7.000000e-01,0.0,1.000000e+00,8.837737e-09,1.407791e-08
5.300000e-01,7.000000e-01,0.0,1.000000e+00,7.300664e-09,1.124343e-08
5.400000e-01,7.000000e-01,0.0,1.000000e+00,5.962716e-09,8.888788e-09
5.500000e-01,7.000000e-01,0.0,1.000000e+00,4.815501e-09,6.956203e-09
5.600000e-01,7.000000e-01,0.0,1.000000e+00,3.844256e-09,5.386307e-09
5.700000e-01,7.000000e-01,0.0,1.000000e+00,3.031698e-09,4.123829e-09
5.800000e-01,7.000000e-01,0.0,1.000000e+00,2.360114e-09,3.119340e-09
5.900000e-01,7.000000e-01,0.0,1.000000e+00,1.812202e-09,2.329330e-09
6.000000e-01,7.000000e-01,0.0,1.000000e+00,1.371397e-09,1.715795e-09
6.100000e-01,7.000000e-01,0.0,1.000000e+00,1.022052e-09,1.245769e-09
6.200000e-01,7.000000e-01,0.0,1.000000e+00,7.495889e-10,8.909115e-10
6.300000e-01,7.000000e-01,0.0,1.000000e+00,5.406548e-10,6.271298e-10
6.400000e-01,7.000000e-01,0.0,1.000000e+00,3.832572e-10,4.342347e-10
6.500000e-01,7.000000e-01,0.0,1.000000e+00,2.668576e-10,2.955763e-10
6.600000e-01,7.000000e-01,0.0,1.000000e+00,1.824124e-10,1.976720e-10
6.700000e-01,7.000000e-01,0.0,1.000000e+00,1.223488e-10,1.298135e-10
6.800000e-01,7.000000e-01,0.0,1.000000e+00,8.048612e-11,8.367215e-11
6.900000e-01,7.000000e-01,0.0,1.000000e+00,5.190872e-11,5.290947e-11
7.000000e-01,7.000000e-01,0.0,1.000000e+00,3.280955e-11,3.280955e-11
7.100000e-01,7.000000e-01,0.0,1.000000e+00,2.031693e-11,1.994444e-11
7.200000e-01,7.000000e-01,0.0,1.000000e+00,1.232225e-11,1.188084e-11
7.300000e-01,7.000000e-01,0.0,1.000000e+00,7.317537e-12,6.933631e-12
7.400000e-01,7.000000e-01,0.0,1.000000e+00,4.254008e-12,3.962911e-12
7.500000e-01,7.000000e-01,0.0,1.000000e+00,2.420552e-12,2.217996e-12
7.600000e-01,7.000000e-01,0.0,1.000000e+00,1.347688e-12,1.215190e-12
7.700000e-01,7.000000e-01,0.0,1.000000e+00,7.340246e-13,6.514752e-13
7.800000e-01,7.000000e-01,0.0,1.000000e+00,3.909133e-13,3.416638e-13
7.900000e-01,7.000000e-01,0.0,1.000000e+00,2.034878e-13,1.753762e-13
8.000000e-01,7.000000e-01,0.0,1.000000e+00,1.034755e-13,8.785180e-14
8.100000e-01,7.000000e-01,0.0,1.000000e+00,5.168456e-14,4.325095e-14
8.200000e-01,7.000000e-01,0.0,1.000000e+00,2.513990e-14,2.059862e-14
8.300000e-01,7.000000e-01,0.0,1.000000e+00,1.200258e-14,9.569784e-15
8.400000e-01,7.000000e-01,0.0,1.000000e+00,5.623042e-15,4.055078e-15
8.500000e-01,7.000000e-01,0.0,1.000000e+00,2.379095e-15,1.730352e-15
8.600000e-01,7.000000e-01,0.0,1.000000e+00,9.192994e-16,6.489417e-16
8.700000e-01,7.000000e-01,0.0,1.000000e+00,1.081595e-16,5.407975e-17
8.800000e-01,7.000000e-01,0.0,1.000000e+00,0.000000e+00,0.000000e+00
8.900000e-01,7.000000e-01,0.0,1.000000e+00,0.000000e+00,0.000000e+00
9.000000e-01,7.000000e-01,0.0,1.000000e+00,0.000000e+00,0.000000e+00
9.100000e-01,7.000000e-01,0.0,1.000000e+00,0.000000e+00,0.000000e+00
9.200000e-01,7.000000e-01,0.0,1.000000e+00,0.000000e+00,0.000000e+00
9.300000e-01,7.000000e-01,0.0,1.000000e+00,0.000000e+00,0.000000e+00
9.400000e-01,7.000000e-01,0.0,1.000000e+00,0.000000e+00,0.000000e+00
9.500000e-01,7.000000e-01,0.0,1.000000e+00,0.000000e+00,0.000000e+00
9.600000e-01,7.000000e-01,0.0,1.000000e+00,0.000000e+00,0.000000e+00
9.700000e-01,7.000000e-01,0.0,1.000000e+00,0.000000e+00,0.000000e+00
9.800000e-01,7.000000e-01,0.0,1.000000e+00,0.000000e+00,0.000000e+00
9.900000e-01,7.000000e-01,0.0,1.000000e+00,0.000000e+00,0.000000e+00
1.000000e+00,7.000000e-01,0.0,1.000000e+00,0.000000e+00,0.000000e+00
0.000000e+00,7.100000e-01,0.0,1.000003e+00,7.129510e-07,9.882626e-06
1.000000e-02,7.100000e-01,0.0,1.000002e+00,4.266816e-07,4.850401e-06
2.000000e-02,7.100000e-01,0.0,1.000002e+00,-7.389595e-07,5.258037e-06
3.000000e-02,7.100000e-01,0.0,1.000002e+00,-1.814441e-06,7.084945e-06
4.000000e-02,7.100000e-01,0.0,1.000004e+00,-3.512628e-06,1.158677e-05
5.000000e-02,7.100000e-01,0.0,1.000007e+00,-6.435400e-06,2.123452e-05
6.000000e-02,7.100000e-01,0.0,1.000014e+00,-1.174432e-05,4.087128e-05
7.000000e-02,7.100000e-01,0.0,1.000026e+00,-2.111099e-05,7.884044e-05
8.000000e-02,7.100000e-01,0.0,1.000049e+00,-3.649493e-05,1.476334e-04
9.000000e-02,7.100000e-01,0.0,1.000087e+00,-5.955411e-05,2.631028e-04
1.000000e-01,7.100000e-01,0.0,1.000145e+00,-9.078612e-05,4.416683e-04
1.100000e-01,7.100000e-01,0.0,1.000227e+00,-1.286897e-04,6.959005e-04
1.200000e-01,7.100000e-01,0.0,1.000334e+00,-1.693452e-04,1.029831e-03
1.300000e-01,7.100000e-01,0.0,1.000462e+00,-2.067516e-04,1.435581e-03
1.400000e-01,7.100000e-01,0.0,1.000607e+00,-2.339596e-04,1.892707e-03
1.500000e-01,7.100000e-01,0.0,1.000757e+00,-2.443656e-04,2.370300e-03
1.600000e-01,7.100000e-01,0.0,1.000901e+00,-2.332729e-04,2.831848e-03
1.700000e-01,7.100000e-01,0.0,1.001027e+00,-1.992625e-04,3.236779e-03
1.800000e-01,7.100000e-01,0.0,1.001125e+00,-1.441521e-04,3.551906e-03
1.900000e-01,7.100000e-01,0.0,1.001187e+00,-7.799873e-05,3.751349e-03
2.000000e-01,7.100000e-01,0.0,1.001219e+00,8.124194e-10,3.857956e-03
2.100000e-01,7.100000e-01,0.0,1.001187e+00,7.800080e-05,3.751344e-03
2.200000e-01,7.100000e-01,0.0,1.001125e+00,1.441513e-04,3.551904e-03
2.300000e-01,7.100000e-01,0.0,1.001027e+00,1.992573e-04,3.236794e-03
2.400000e-01,7.100000e-01,0.0,1.000901e+00,2.332661e-04,2.831883e-03
2.500000e-01,7.100000e-01,0.0,1.000757e+00,2.443660e-04,2.370332e-03
2.600000e-01,7.100000e-01,0.0,1.000607e+00,2.339741e-04,1.892691e-03
2.700000e-01,7.100000e-01,0.0,1.000462e+00,2.067733e-04,1.435492e-03
2.800000e-01,7.100000e-01,0.0,1.000334e+00,1.693546e-04,1.029721e-03
2.900000e-01,7.100000e-01,0.0,1.000227e+00,1.286744e-04,6.958750e-04
3.000000e-01,7.100000e-01,0.0,1.000145e+00,9.075779e-05,4.417932e-04
3.100000e-01,7.100000e-01,0.0,1.000087e+00,5.953815e-05,2.633317e-04
3.200000e-01,7.100000e-01,0.0,1.000049e+00,3.650416e-05,1.478323e-04
3.300000e-01,7.100000e-01,0.0,1.000027e+00,2.113700e-05,7.891005e-05
3.400000e-01,7.100000e-01,0.0,1.000014e+00,1.178208e-05,4.081254e-05
3.500000e-01,7.100000e-01,0.0,1.000007e+00,6.515582e-06,2.107704e-05
3.600000e-01,7.100000e-01,0.0,1.000004e+00,3.711450e-06,1.127417e-05
3.700000e-01,7.100000e-01,0.0,1.000002e+00,2.244850e-06,6.419816e-06
3.800000e-01,7.100000e-01,0.0,1.000001e+00,1.446284e-06,3.889287e-06
3.900000e-01,7.100000e-01,0.0,1.000001e+00,9.619054e-07,2.426888e-06
4.000000e-01,7.100000e-01,0.0,1.000001e+00,6.256258e-07,1.481931e-06
4.100000e-01,7.100000e-01,0.0,1.000000e+00,3.760271e-07,8.408645e-07
4.200000e-01,7.100000e-01,0.0,1.000000e+00,2.018965e-07,4.298512e-07
4.300000e-01,7.100000e-01,0.0,1.000000e+00,9.877394e-08,2.018072e-07
4.400000e-01,7.100000e-01,0.0,1.000000e+00,4.853376e-08,9.580869e-08
4.500000e-01,7.100000e-01,0.0,1.000000e+00,2.745587e-08,5.292422e-08
4.600000e-01,7.100000e-01,0.0,1.000000e+00,1.883093e-08,3.597873e-08
4.700000e-01,7.100000e-01,0.0,1.000000e+00,1.479982e-08,2.809887e-08
4.800000e-01,7.100000e-01,0.0,1.000000e+00,1.241206e-08,2.311399e-08
4.900000e-01,7.100000e-01,0.0,1.000000e+00,1.060380e-08,1.913862e-08
5.000000e-01,7.100000e-01,0.0,1.000000e+00,9.026856e-09,1.571859e-08
5.100000e-01,7.100000e-01,0.0,1.000000e+00,7.603386e-09,1.277028e-08
5.200000e-01,7.100000e-01,0.0,1.000000e+00,6.329837e-09,1.026568e-08
5.300000e-01,7.100000e-01,0.0,1.000000e+00,5.209311e-09,8.168359e-09
5.400000e-01,7.100000e-01,0.0,1.000000e+00,4.238246e-09,6.432822e-09
5.500000e-01,7.100000e-01,0.0,1.000000e+00,3.407747e-09,5.011754e-09
5.600000e-01,7.100000e-01,0.0,1.000000e+00,2.706274e-09,3.860247e-09
5.700000e-01,7.100000e-01,0.0,1.000000e+00,2.121250e-09,2.937350e-09
5.800000e-01,7.100000e-01,0.0,1.000000e+00,1.639833e-09,2.206373e-09
5.900000e-01,7.100000e-01,0.0,1.000000e+00,1.249300e-09,1.634766e-09
6.000000e-01,7.100000e-01,0.0,1.000000e+00,9.372899e-10,1.193897e-09
6.100000e-01,7.100000e-01,0.0,1.000000e+00,6.920183e-10,8.588290e-10
6.200000e-01,7.100000e-01,0.0,1.000000e+00,5.024710e-10,6.081119e-10
6.300000e-01,7.100000e-01,0.0,1.000000e+00,3.585799e-10,4.235662e-10
6.400000e-01,7.100000e-01,0.0,1.000000e+00,2.513581e-10,2.900413e-10
6.500000e-01,7.100000e-01,0.0,1.000000e+00,1.729827e-10,1.951443e-10
6.600000e-01,7.100000e-01,0.0,1.000000e+00,1.168166e-10,1.289383e-10
6.700000e-01,7.100000e-01,0.0,1.000000e+00,7.737550e-11,8.362399e-11
6.800000e-01,7.100000e-01,0.0,1.000000e+00,5.024872e-11,5.321191e-11
6.900000e-01,7.100000e-01,0.0,1.000000e+00,3.198250e-11,3.320770e-11
7.000000e-01,7.100000e-01,0.0,1.000000e+00,1.994444e-11,2.031693e-11
7.100000e-01,7.100000e-01,0.0,1.000000e+00,1.218214e-11,1.218214e-11
7.200000e-01,7.100000e-01,0.0,1.000000e+00,7.286236e-12,7.156664e-12
7.300000e-01,7.100000e-01,0.0,1.000000e+00,4.266494e-12,4.117999e-12
7.400000e-01,7.100000e-01,0.0,1.000000e+00,2.445093e-12,2.320544e-12
7.500000e-01,7.100000e-01,0.0,1.000000e+00,1.371258e-12,1.279898e-12
7.600000e-01,7.100000e-01,0.0,1.000000e+00,7.525126e-13,6.911008e-13
7.700000e-01,7.100000e-01,0.0,1.000000e+00,4.037795e-13,3.650721e-13
7.800000e-01,7.100000e-01,0.0,1.000000e+00,2.119756e-13,1.884585e-13
7.900000e-01,7.100000e-01,0.0,1.000000e+00,1.088279e-13,9.525824e-14
8.000000e-01,7.100000e-01,0.0,1.000000e+00,5.449582e-14,4.698128e-14
8.100000e-01,7.100000e-01,0.0,1.000000e+00,2.676160e-14,2.281526e-14
8.200000e-01,7.100000e-01,0.0,1.000000e+00,1.275941e-14,1.070505e-14
8.300000e-01,7.100000e-01,0.0,1.000000e+00,5.947308e-15,4.757978e-15
8.400000e-01,7.100000e-01,0.0,1.000000e+00,2.541252e-15,2.108779e-15
8.500000e-01,7.100000e-01,0.0,1.000000e+00,1.189659e-15,6.489312e-16
8.600000e-01,7.100000e-01,0.0,1.000000e+00,2.163238e-16,1.081595e-16
8.700000e-01,7.100000e-01,0.0,1.000000e+00,0.000000e+00,0.000000e+00
8.800000e-01,7.100000e-01,0.0,1.000000e+00,0.000000e+00,0.000000e+00
8.900000e-01,7.100000e-01,0.0,1.000000e+00,0.000000e+00,0.000000e+00
9.000000e-01,7.100000e-01,0.0,1.000000e+00,0.000000e+00,0.000000e+00
9.100000e-01,7.100000e-01,0.0,1.000000e+00,0.000000e+00,0.000000e+00
9.200000e-01,7.100000e-01,0.0,1.000000e+00,0.000000e+00,0.000000e+00
9.300000e-01,7.100000e-01,0.0,1.000000e+00,0.000000e+00,0.000000e+00
9.400000e-01,7.100000e-01,0.0,1.000000e+00,0.000000e+00,0.000000e+00
9.500000e-01,7.100000e-01,0.0,1.000000e+00,0.000000e+00,0.000000e+00
9.600000e-01,7.100000e-01,0.0,1.000000e+00,0.000000e+00,0.000000e+00
9.700000e-01,7.100000e-01,0.0,1.000000e+00,0.000000e+00,0.000000e+00
9.800000e-01,7.100000e-01,0.0,1.000000e+00,0.000000e+00,0.000000e+00
9.900000e-01,7.100000e-01,0.0,1.000000e+00,0.000000e+00,0.000000e+00
1.000000e+00,7.100000e-01,0.0,1.000000e+00,0.000000e+00,0.000000e+00
0.000000e+00,7.200000e-01,0.0,1.000001e+00,1.920127e-07,2.849184e-06
1.000000e-02,7.200000e-01,0.0,1.000001e+00,9.554008e-08,1.470773e-06
2.000000e-02,7.200000e-01,0.0,1.000001e+00,-2.496614e-07,1.657624e-06
3.000000e-02,7.200000e-01,0.0,1.000001e+00,-5.485874e-07,2.139609e-06
4.000000e-02,7.200000e-01,0.0,1.000001e+00,-9.199921e-07,3.096957e-06
5.000000e-02,7.200000e-01,0.0,1.000002e+00,-1.439978e-06,4.848509e-06
6.000000e-02,7.200000e-01,0.0,1.000003e+00,-2.274912e-06,8.041143e-06
7.000000e-02,7.200000e-01,0.0,1.000005e+00,-3.674305e-06,1.386648e-05
8.000000e-02,7.200000e-01,0.0,1.000008e+00,-5.960427e-06,2.426482e-05
9.000000e-02,7.200000e-01,0.0,1.000014e+00,-9.473064e-06,4.200368e-05
1.000000e-01,7.200000e-01,0.0,1.000023e+00,-1.445274e-05,7.048697e-05
1.100000e-01,7.200000e-01,0.0,1.000037e+00,-2.087637e-05,1.131892e-04
1.200000e-01,7.200000e-01,0.0,1.000056e+00,-2.829860e-05,1.727265e-04
1.300000e-01,7.200000e-01,0.0,1.000081e+00,-3.578100e-05,2.497641e-04
1.400000e-01,7.200000e-01,0.0,1.000110e+00,-4.197976e-05,3.421085e-04
1.500000e-01,7.200000e-01,0.0,1.000142e+00,-4.539717e-05,4.443412e-04
1.600000e-01,7.200000e-01,0.0,1.000175e+00,-4.469691e-05,5.482349e-04
1.700000e-01,7.200000e-01,0.0,1.000205e+00,-3.913155e-05,6.434644e-04
1.800000e-01,7.200000e-01,0.0,1.000228e+00,-2.876756e-05,7.199436e-04
1.900000e-01,7.200000e-01,0.0,1.000244e+00,-1.572452e-05,7.691098e-04
2.000000e-01,7.200000e-01,0.0,1.000252e+00,1.167983e-10,7.951945e-04
2.100000e-01,7.200000e-01,0.0,1.000244e+00,1.572494e-05,7.691089e-04
2.200000e-01,7.200000e-01,0.0,1.000228e+00,2.876799e-05,7.199420e-04
2.300000e-01,7.200000e-01,0.0,1.000205e+00,3.913165e-05,6.434636e-04
2.400000e-01,7.200000e-01,0.0,1.000175e+00,4.469650e-05,5.482374e-04
2.500000e-01,7.200000e-01,0.0,1.000142e+00,4.539683e-05,4.443471e-04
2.600000e-01,7.200000e-01,0.0,1.000110e+00,4.198073e-05,3.421134e-04
2.700000e-01,7.200000e-01,0.0,1.000081e+00,3.578392e-05,2.497616e-04
2.800000e-01,7.200000e-01,0.0,1.000056e+00,2.830250e-05,1.727145e-04
2.900000e-01,7.200000e-01,0.0,1.000037e+00,2.087955e-05,1.131749e-04
3.000000e-01,7.200000e-01,0.0,1.000023e+00,1.445479e-05,7.048067e-05
3.100000e-01,7.200000e-01,0.0,1.000014e+00,9.475297e-06,4.200892e-05
3.200000e-01,7.200000e-01,0.0,1.000008e+00,5.964310e-06,2.427599e-05
3.300000e-01,7.200000e-01,0.0,1.000005e+00,3.680727e-06,1.387493e-05
3.400000e-01,7.200000e-01,0.0,1.000003e+00,2.286330e-06,8.040022e-06
3.500000e-01,7.200000e-01,0.0,1.000002e+00,1.465350e-06,4.827010e-06
3.600000e-01,7.200000e-01,0.0,1.000001e+00,9.797803e-07,3.023831e-06
3.700000e-01,7.200000e-01,0.0,1.000001e+00,6.752334e-07,1.948320e-06
3.800000e-01,7.200000e-01,0.0,1.000000e+00,4.637983e-07,1.250122e-06
3.900000e-01,7.200000e-01,0.0,1.000000e+00,3.039417e-07,7.677059e-07
4.000000e-01,7.200000e-01,0.0,1.000000e+00,1.832498e-07,4.368151e-07
4.100000e-01,7.200000e-01,0.0,1.000000e+00,1.010146e-07,2.291668e-07
4.200000e-01,7.200000e-01,0.0,1.000000e+00,5.340629e-08,1.162035e-07
4.300000e-01,7.200000e-01,0.0,1.000000e+00,2.995719e-08,6.310008e-08
4.400000e-01,7.200000e-01,0.0,1.000000e+00,1.942791e-08,4.022829e-08
4.500000e-01,7.200000e-01,0.0,1.000000e+00,1.456872e-08,2.998532e-08
4.600000e-01,7.200000e-01,0.0,1.000000e+00,1.198351e-08,2.435247e-08
4.700000e-01,7.200000e-01,0.0,1.000000e+00,1.026782e-08,2.031563e-08
4.800000e-01,7.200000e-01,0.0,1.000000e+00,8.869872e-09,1.694001e-08
4.900000e-01,7.200000e-01,0.0,1.000000e+00,7.612444e-09,1.399780e-08
5.000000e-01,7.200000e-01,0.0,1.000000e+00,6.461577e-09,1.144426e-08
5.100000e-01,7.200000e-01,0.0,1.000000e+00,5.420691e-09,9.259145e-09
5.200000e-01,7.200000e-01,0.0,1.000000e+00,4.494850e-09,7.414530e-09
5.300000e-01,7.200000e-01,0.0,1.000000e+00,3.683828e-09,5.875567e-09
5.400000e-01,7.200000e-01,0.0,1.000000e+00,2.983064e-09,4.605439e-09
5.500000e-01,7.200000e-01,0.0,1.000000e+00,2.385444e-09,3.568424e-09
5.600000e-01,7.200000e-01,0.0,1.000000e+00,1.882492e-09,2.731244e-09
5.700000e-01,7.200000e-01,0.0,1.000000e+00,1.465025e-09,2.063500e-09
5.800000e-01,7.200000e-01,0.0,1.000000e+00,1.123549e-09,1.537769e-09
5.900000e-01,7.200000e-01,0.0,1.000000e+00,8.485291e-10,1.129562e-09
6.000000e-01,7.200000e-01,0.0,1.000000e+00,6.306295e-10,8.172648e-10
6.100000e-01,7.200000e-01,0.0,1.000000e+00,4.609299e-10,5.820558e-10
6.200000e-01,7.200000e-01,0.0,1.000000e+00,3.311207e-10,4.077976e-10
6.300000e-01,7.200000e-01,0.0,1.000000e+00,2.336599e-10,2.808978e-10
6.400000e-01,7.200000e-01,0.0,1.000000e+00,1.618828e-10,1.901240e-10
6.500000e-01,7.200000e-01,0.0,1.000000e+00,1.100601e-10,1.263827e-10
6.600000e-01,7.200000e-01,0.0,1.000000e+00,7.339719e-11,8.246931e-11
6.700000e-01,7.200000e-01,0.0,1.000000e+00,4.799298e-11,5.280328e-11
6.800000e-01,7.200000e-01,0.0,1.000000e+00,3.075855e-11,3.316059e-11
6.900000e-01,7.200000e-01,0.0,1.000000e+00,1.931499e-11,2.041790e-11
7.000000e-01,7.200000e-01,0.0,1.000000e+00,1.188084e-11,1.232225e-11
7.100000e-01,7.200000e-01,0.0,1.000000e+00,7.156664e-12,7.286236e-12
7.200000e-01,7.200000e-01,0.0,1.000000e+00,4.220490e-12,4.220490e-12
7.300000e-01,7.200000e-01,0.0,1.000000e+00,2.436497e-12,2.394170e-12
7.400000e-01,7.200000e-01,0.0,1.000000e+00,1.376230e-12,1.329524e-12
7.500000e-01,7.200000e-01,0.0,1.000000e+00,7.608375e-13,7.228876e-13
7.600000e-01,7.200000e-01,0.0,1.000000e+00,4.112395e-13,3.845337e-13
7.700000e-01,7.200000e-01,0.0,1.000000e+00,2.172731e-13,2.001899e-13
7.800000e-01,7.200000e-01,0.0,1.000000e+00,1.123955e-13,1.017455e-13
7.900000e-01,7.200000e-01,0.0,1.000000e+00,5.682056e-14,5.060337e-14
8.000000e-01,7.200000e-01,0.0,1.000000e+00,2.795134e-14,2.454514e-14
8.100000e-01,7.200000e-01,0.0,1.000000e+00,1.346212e-14,1.119161e-14
8.200000e-01,7.200000e-01,0.0,1.000000e+00,6.379789e-15,5.190432e-15
8.300000e-01,7.200000e-01,0.0,1.000000e+00,2.973779e-15,2.270998e-15
8.400000e-01,7.200000e-01,0.0,1.000000e+00,1.243679e-15,9.192558e-16
8.500000e-01,7.200000e-01,0.0,1.000000e+00,3.785631e-16,1.081619e-16
8.600000e-01,7.200000e-01,0.0,1.000000e+00,0.000000e+00,0.000000e+00
8.700000e-01,7.200000e-01,0.0,1.000000e+00,0.000000e+00,0.000000e+00
8.800000e-01,7.200000e-01,0.0,1.000000e+00,0.000000e+00,0.000000e+00
8.900000e-01,7.200000e-01,0.0,1.000000e+00,0.000000e+00,0.000000e+00
9.000000e-01,7.200000e-01,0.0,1.000000e+00,0.000000e+00,0.000000e+00
9.100000e-01,7.200000e-01,0.0,1.000000e+00,0.000000e+00,0.000000e+00
9.200000e-01,7.200000e-01,0.0,1.000000e+00,0.000000e+00,0.000000e+00
9.300000e-01,7.200000e-01,0.0,1.000000e+00,0.000000e+00,0.000000e+00
9.400000e-01,7.200000e-01,0.0,1.000000e+00,0.000000e+00,0.000000e+00
9.500000e-01,7.200000e-01,0.0,1.000000e+00,0.000000e+00,0.000000e+00
9.600000e-01,7.200000e-01,0.0,1.000000e+00,0.000000e+00,0.000000e+00
9.700000e-01,7.200000e-01,0.0,1.000000e+00,0.000000e+00,0.000000e+00
9.800000e-01,7.200000e-01,0.0,1.000000e+00,0.000000e+00,0.000000e+00
9.900000e-01,7.200000e-01,0.0,1.000000e+00,0.000000e+00,0.000000e+00
1.000000e+00,7.200000e-01,0.0,1.000000e+00,0.000000e+00,0.000000e+00
0.000000e+00,7.300000e-01,0.0,1.000000e+00,5.387988e-08,8.270878e-07
1.000000e-02,7.300000e-01,0.0,1.000000e+00,2.649885e-08,4.260010e-07
2.000000e-02,7.300000e-01,0.0,1.000000e+00,-7.539835e-08,5.023842e-07
3.000000e-02,7.300000e-01,0.0,1.000000e+00,-1.739887e-07,6.740518e-07
4.000000e-02,7.300000e-01,0.0,1.000000e+00,-2.825199e-07,9.674593e-07
5.000000e-02,7.300000e-01,0.0,1.000000e+00,-4.080399e-07,1.414526e-06
6.000000e-02,7.300000e-01,0.0,1.000001e+00,-5.733200e-07,2.095201e-06
7.000000e-02,7.300000e-01,0.0,1.000001e+00,-8.129699e-07,3.168898e-06
8.000000e-02,7.300000e-01,0.0,1.000002e+00,-1.172479e-06,4.905021e-06
9.000000e-02,7.300000e-01,0.0,1.000003e+00,-1.702991e-06,7.705550e-06
1.000000e-01,7.300000e-01,0.0,1.000004e+00,-2.447341e-06,1.209972e-05
1.100000e-01,7.300000e-01,0.0,1.000006e+00,-3.416633e-06,1.868503e-05
1.200000e-01,7.300000e-01,0.0,1.000009e+00,-4.562691e-06,2.799962e-05
1.300000e-01,7.300000e-01,0.0,1.000013e+00,-5.757769e-06,4.033530e-05
1.400000e-01,7.300000e-01,0.0,1.000018e+00,-6.795614e-06,5.553721e-05
1.500000e-01,7.300000e-01,0.0,1.000023e+00,-7.422232e-06,7.285907e-05
1.600000e-01,7.300000e-01,0.0,1.000029e+00,-7.390863e-06,9.094592e-05
1.700000e-01,7.300000e-01,0.0,1.000034e+00,-6.537522e-06,1.079310e-04
1.800000e-01,7.300000e-01,0.0,1.000039e+00,-4.841782e-06,1.218205e-04
1.900000e-01,7.300000e-01,0.0,1.000041e+00,-2.633472e-06,1.308697e-04
2.000000e-01,7.300000e-01,0.0,1.000043e+00,4.447151e-11,1.355086e-04
2.100000e-01,7.300000e-01,0.0,1.000041e+00,2.633603e-06,1.308696e-04
2.200000e-01,7.300000e-01,0.0,1.000039e+00,4.841974e-06,1.218203e-04
2.300000e-01,7.300000e-01,0.0,1.000034e+00,6.537781e-06,1.079306e-04
2.400000e-01,7.300000e-01,0.0,1.000029e+00,7.391172e-06,9.094556e-05
2.500000e-01,7.300000e-01,0.0,1.000023e+00,7.422616e-06,7.285899e-05
2.600000e-01,7.300000e-01,0.0,1.000018e+00,6.796195e-06,5.553737e-05
2.700000e-01,7.300000e-01,0.0,1.000013e+00,5.758728e-06,4.033512e-05
2.800000e-01,7.300000e-01,0.0,1.000009e+00,4.564154e-06,2.799836e-05
2.900000e-01,7.300000e-01,0.0,1.000006e+00,3.418622e-06,1.868241e-05
3.000000e-01,7.300000e-01,0.0,1.000004e+00,2.449869e-06,1.209613e-05
3.100000e-01,7.300000e-01,0.0,1.000003e+00,1.706160e-06,7.701462e-06
3.200000e-01,7.300000e-01,0.0,1.000002e+00,1.176470e-06,4.900459e-06
3.300000e-01,7.300000e-01,0.0,1.000001e+00,8.180844e-07,3.163401e-06
3.400000e-01,7.300000e-01,0.0,1.000001e+00,5.803230e-07,2.087603e-06
3.500000e-01,7.300000e-01,0.0,1.000000e+00,4.190682e-07,1.401567e-06
3.600000e-01,7.300000e-01,0.0,1.000000e+00,3.026203e-07,9.403529e-07
3.700000e-01,7.300000e-01,0.0,1.000000e+00,2.123150e-07,6.141655e-07
3.800000e-01,7.300000e-01,0.0,1.000000e+00,1.405561e-07,3.805907e-07
3.900000e-01,7.300000e-01,0.0,1.000000e+00,8.659287e-08,2.212101e-07
4.000000e-01,7.300000e-01,0.0,1.000000e+00,5.064537e-08,1.230723e-07
4.100000e-01,7.300000e-01,0.0,1.000000e+00,2.993355e-08,6.983928e-08
4.200000e-01,7.300000e-01,0.0,1.000000e+00,1.930210e-08,4.386002e-08
4.300000e-01,7.300000e-01,0.0,1.000000e+00,1.404966e-08,3.155487e-08
4.400000e-01,7.300000e-01,0.0,1.000000e+00,1.130604e-08,2.511768e-08
4.500000e-01,7.300000e-01,0.0,1.000000e+00,9.643637e-09,2.094615e-08
4.600000e-01,7.300000e-01,0.0,1.000000e+00,8.407566e-09,1.765851e-08
4.700000e-01,7.300000e-01,0.0,1.000000e+00,7.334164e-09,1.481896e-08
4.800000e-01,7.300000e-01,0.0,1.000000e+00,6.343674e-09,1.231887e-08
4.900000e-01,7.300000e-01,0.0,1.000000e+00,5.425458e-09,1.013451e-08
5.000000e-01,7.300000e-01,0.0,1.000000e+00,4.585915e-09,8.251433e-09
5.100000e-01,7.300000e-01,0.0,1.000000e+00,3.830939e-09,6.648934e-09
5.200000e-01,7.300000e-01,0.0,1.000000e+00,3.162425e-09,5.301093e-09
5.300000e-01,7.300000e-01,0.0,1.000000e+00,2.578835e-09,4.179953e-09
5.400000e-01,7.300000e-01,0.0,1.000000e+00,2.076319e-09,3.257707e-09
5.500000e-01,7.300000e-01,0.0,1.000000e+00,1.649546e-09,2.507822e-09
5.600000e-01,7.300000e-01,0.0,1.000000e+00,1.292244e-09,1.905553e-09
5.700000e-01,7.300000e-01,0.0,1.000000e+00,9.975527e-10,1.428167e-09
5.800000e-01,7.300000e-01,0.0,1.000000e+00,7.583046e-10,1.055041e-09
5.900000e-01,7.300000e-01,0.0,1.000000e+00,5.672601e-10,7.677174e-10
6.000000e-01,7.300000e-01,0.0,1.000000e+00,4.173291e-10,5.499158e-10
6.100000e-01,7.300000e-01,0.0,1.000000e+00,3.017702e-10,3.875148e-10
6.200000e-01,7.300000e-01,0.0,1.000000e+00,2.143558e-10,2.684900e-10
6.300000e-01,7.300000e-01,0.0,1.000000e+00,1.494970e-10,1.828015e-10
6.400000e-01,7.300000e-01,0.0,1.000000e+00,1.023204e-10,1.222431e-10
6.500000e-01,7.300000e-01,0.0,1.000000e+00,6.869685e-11,8.025263e-11
6.600000e-01,7.300000e-01,0.0,1.000000e+00,4.522567e-11,5.170043e-11
6.700000e-01,7.300000e-01,0.0,1.000000e+00,2.918424e-11,3.267047e-11
6.800000e-01,7.300000e-01,0.0,1.000000e+00,1.845371e-11,2.024305e-11
6.900000e-01,7.300000e-01,0.0,1.000000e+00,1.143014e-11,1.229502e-11
7.000000e-01,7.300000e-01,0.0,1.000000e+00,6.933631e-12,7.317537e-12
7.100000e-01,7.300000e-01,0.0,1.000000e+00,4.117999e-12,4.266494e-12
7.200000e-01,7.300000e-01,0.0,1.000000e+00,2.394170e-12,2.436497e-12
7.300000e-01,7.300000e-01,0.0,1.000000e+00,1.362013e-12,1.362013e-12
7.400000e-01,7.300000e-01,0.0,1.000000e+00,7.582964e-13,7.454302e-13
7.500000e-01,7.300000e-01,0.0,1.000000e+00,4.128070e-13,3.991840e-13
7.600000e-01,7.300000e-01,0.0,1.000000e+00,2.200844e-13,2.089478e-13
7.700000e-01,7.300000e-01,0.0,1.000000e+00,1.147203e-13,1.072057e-13
7.800000e-01,7.300000e-01,0.0,1.000000e+00,5.833415e-14,5.368484e-14
7.900000e-01,7.300000e-01,0.0,1.000000e+00,2.897839e-14,2.605901e-14
8.000000e-01,7.300000e-01,0.0,1.000000e+00,1.373245e-14,1.259701e-14
8.100000e-01,7.300000e-01,0.0,1.000000e+00,6.650123e-15,5.731094e-15
8.200000e-01,7.300000e-01,0.0,1.000000e+00,3.190013e-15,2.541217e-15
8.300000e-01,7.300000e-01,0.0,1.000000e+00,1.514028e-15,9.733500e-16
8.400000e-01,7.300000e-01,0.0,1.000000e+00,5.407749e-16,3.785631e-16
8.500000e-01,7.300000e-01,0.0,1.000000e+00,3.419353e-34,0.000000e+00
8.600000e-01,7.300000e-01,0.0,1.000000e+00,0.000000e+00,0.000000e+00
8.700000e-01,7.300000e-01,0.0,1.000000e+00,0.000000e+00,0.000000e+00
8.800000e-01,7.300000e-01,0.0,1.000000e+00,0.000000e+00,0.000000e+00
8.900000e-01,7.300000e-01,0.0,1.000000e+00,0.000000e+00,0.000000e+00
9.000000e-01,7.300000e-01,0.0,1.000000e+00,0.000000e+00,0.000000e+00
9.100000e-01,7.300000e-01,0.0,1.000000e+00,0.000000e+00,0.000000e+00
9.200000e-01,7.300000e-01,0.0,1.000000e+00,0.000000e+00,0.000000e+00
9.300000e-01,7.300000e-01,0.0,1.000000e+00,0.000000e+00,0.000000e+00
9.400000e-01,7.300000e-01,0.0,1.000000e+00,0.000000e+00,0.000000e+00
9.500000e-01,7.300000e-01,0.0,1.000000e+00,0.000000e+00,0.000000e+00
9.600000e-01,7.300000e-01,0.0,1.000000e+00,0.000000e+00,0.000000e+00
9.700000e-01,7.300000e-01,0.0,1.000000e+00,0.000000e+00,0.000000e+00
9.800000e-01,7.300000e-01,0.0,1.000000e+00,0.000000e+00,0.000000e+00
9.900000e-01,7.300000e-01,0.0,1.000000e+00,0.000000e+00,0.000000e+00
1.000000e+00,7.300000e-01,0.0,1.000000e+00,0.000000e+00,0.000000e+00
0.000000e+00,7.400000e-01,0.0,1.000000e+00,1.360444e-08,2.454561e-07
1.000000e-02,7.400000e-01,0.0,1.000000e+00,7.602205e-09,1.323487e-07
2.000000e-02,7.400000e-01,0.0,1.000000e+00,-1.971801e-08,1.514133e-07
3.000000e-02,7.400000e-01,0.0,1.000000e+00,-4.922423e-08,2.067462e-07
4.000000e-02,7.400000e-01,0.0,1.000000e+00,-8.396445e-08,3.038675e-07
5.000000e-02,7.400000e-01,0.0,1.000000e+00,-1.234438e-07,4.454393e-07
6.000000e-02,7.400000e-01,0.0,1.000000e+00,-1.689012e-07,6.388700e-07
7.000000e-02,7.400000e-01,0.0,1.000000e+00,-2.235915e-07,9.030034e-07
8.000000e-02,7.400000e-01,0.0,1.000000e+00,-2.928826e-07,1.273041e-06
9.000000e-02,7.400000e-01,0.0,1.000001e+00,-3.833958e-07,1.803671e-06
1.000000e-01,7.400000e-01,0.0,1.000001e+00,-5.009324e-07,2.568763e-06
1.100000e-01,7.400000e-01,0.0,1.000001e+00,-6.472067e-07,3.654496e-06
1.200000e-01,7.400000e-01,0.0,1.000002e+00,-8.158786e-07,5.142785e-06
1.300000e-01,7.400000e-01,0.0,1.000002e+00,-9.892228e-07,7.084671e-06
1.400000e-01,7.400000e-01,0.0,1.000003e+00,-1.137432e-06,9.468349e-06
1.500000e-01,7.400000e-01,0.0,1.000004e+00,-1.222275e-06,1.219210e-05
1.600000e-01,7.400000e-01,0.0,1.000005e+00,-1.205429e-06,1.505347e-05
1.700000e-01,7.400000e-01,0.0,1.000006e+00,-1.059733e-06,1.775894e-05
1.800000e-01,7.400000e-01,0.0,1.000006e+00,-7.807516e-07,1.998411e-05
1.900000e-01,7.400000e-01,0.0,1.000007e+00,-4.182141e-07,2.144212e-05
2.000000e-01,7.400000e-01,0.0,1.000007e+00,3.168812e-11,2.217090e-05
2.100000e-01,7.400000e-01,0.0,1.000007e+00,4.182995e-07,2.144210e-05
2.200000e-01,7.400000e-01,0.0,1.000006e+00,7.808650e-07,1.998405e-05
2.300000e-01,7.400000e-01,0.0,1.000006e+00,1.059896e-06,1.775881e-05
2.400000e-01,7.400000e-01,0.0,1.000005e+00,1.205665e-06,1.505326e-05
2.500000e-01,7.400000e-01,0.0,1.000004e+00,1.222611e-06,1.219181e-05
2.600000e-01,7.400000e-01,0.0,1.000003e+00,1.137907e-06,9.467961e-06
2.700000e-01,7.400000e-01,0.0,1.000002e+00,9.898944e-07,7.084129e-06
2.800000e-01,7.400000e-01,0.0,1.000002e+00,8.168170e-07,5.141969e-06
2.900000e-01,7.400000e-01,0.0,1.000001e+00,6.484921e-07,3.653247e-06
3.000000e-01,7.400000e-01,0.0,1.000001e+00,5.026521e-07,2.566922e-06
3.100000e-01,7.400000e-01,0.0,1.000001e+00,3.856462e-07,1.801080e-06
3.200000e-01,7.400000e-01,0.0,1.000000e+00,2.957720e-07,1.269514e-06
3.300000e-01,7.400000e-01,0.0,1.000000e+00,2.272582e-07,8.982951e-07
3.400000e-01,7.400000e-01,0.0,1.000000e+00,1.735842e-07,6.325752e-07
3.500000e-01,7.400000e-01,0.0,1.000000e+00,1.296745e-07,4.366978e-07
3.600000e-01,7.400000e-01,0.0,1.000000e+00,9.295578e-08,2.906858e-07
3.700000e-01,7.400000e-01,0.0,1.000000e+00,6.318405e-08,1.847778e-07
3.800000e-01,7.400000e-01,0.0,1.000000e+00,4.104182e-08,1.131782e-07
3.900000e-01,7.400000e-01,0.0,1.000000e+00,2.640615e-08,6.933561e-08
4.000000e-01,7.400000e-01,0.0,1.000000e+00,1.775676e-08,4.499896e-08
4.100000e-01,7.400000e-01,0.0,1.000000e+00,1.298403e-08,3.223505e-08
4.200000e-01,7.400000e-01,0.0,1.000000e+00,1.035791e-08,2.533189e-08
4.300000e-01,7.400000e-01,0.0,1.000000e+00,8.796872e-09,2.104591e-08
4.400000e-01,7.400000e-01,0.0,1.000000e+00,7.710410e-09,1.785996e-08
4.500000e-01,7.400000e-01,0.0,1.000000e+00,6.814061e-09,1.518055e-08
4.600000e-01,7.400000e-01,0.0,1.000000e+00,5.995651e-09,1.281595e-08
4.700000e-01,7.400000e-01,0.0,1.000000e+00,5.224831e-09,1.071671e-08
4.800000e-01,7.400000e-01,0.0,1.000000e+00,4.501641e-09,8.870274e-09
4.900000e-01,7.400000e-01,0.0,1.000000e+00,3.833176e-09,7.266624e-09
5.000000e-01,7.400000e-01,0.0,1.000000e+00,3.225421e-09,5.891047e-09
5.100000e-01,7.400000e-01,0.0,1.000000e+00,2.681458e-09,4.724843e-09
5.200000e-01,7.400000e-01,0.0,1.000000e+00,2.201717e-09,3.747306e-09
5.300000e-01,7.400000e-01,0.0,1.000000e+00,1.784632e-09,2.937251e-09
5.400000e-01,7.400000e-01,0.0,1.000000e+00,1.427192e-09,2.273928e-09
5.500000e-01,7.400000e-01,0.0,1.000000e+00,1.125353e-09,1.737541e-09
5.600000e-01,7.400000e-01,0.0,1.000000e+00,8.743502e-10,1.309547e-09
5.700000e-01,7.400000e-01,0.0,1.000000e+00,6.689427e-10,9.728428e-10
5.800000e-01,7.400000e-01,0.0,1.000000e+00,5.036430e-10,7.118955e-10
5.900000e-01,7.400000e-01,0.0,1.000000e+00,3.729254e-10,5.128249e-10
6.000000e-01,7.400000e-01,0.0,1.000000e+00,2.714154e-10,3.634469e-10
6.100000e-01,7.400000e-01,0.0,1.000000e+00,1.940551e-10,2.532710e-10
6.200000e-01,7.400000e-01,0.0,1.000000e+00,1.362307e-10,1.734491e-10
6.300000e-01,7.400000e-01,0.0,1.000000e+00,9.385972e-11,1.166763e-10
6.400000e-01,7.400000e-01,0.0,1.000000e+00,6.343846e-11,7.705779e-11
6.500000e-01,7.400000e-01,0.0,1.000000e+00,4.204585e-11,4.994422e-11
6.600000e-01,7.400000e-01,0.0,1.000000e+00,2.731725e-11,3.175557e-11
6.700000e-01,7.400000e-01,0.0,1.000000e+00,1.739185e-11,1.979929e-11
6.800000e-01,7.400000e-01,0.0,1.000000e+00,1.084722e-11,1.210167e-11
6.900000e-01,7.400000e-01,0.0,1.000000e+00,6.625949e-12,7.248620e-12
7.000000e-01,7.400000e-01,0.0,1.000000e+00,3.962911e-12,4.254008e-12
7.100000e-01,7.400000e-01,0.0,1.000000e+00,2.320544e-12,2.445093e-12
7.200000e-01,7.400000e-01,0.0,1.000000e+00,1.329524e-12,1.376230e-12
7.300000e-01,7.400000e-01,0.0,1.000000e+00,7.454302e-13,7.582964e-13
7.400000e-01,7.400000e-01,0.0,1.000000e+00,4.086443e-13,4.086443e-13
7.500000e-01,7.400000e-01,0.0,1.000000e+00,2.194358e-13,2.159216e-13
7.600000e-01,7.400000e-01,0.0,1.000000e+00,1.152608e-13,1.114765e-13
7.700000e-01,7.400000e-01,0.0,1.000000e+00,5.909094e-14,5.600943e-14
7.800000e-01,7.400000e-01,0.0,1.000000e+00,2.957298e-14,2.768087e-14
7.900000e-01,7.400000e-01,0.0,1.000000e+00,1.454350e-14,1.329998e-14
8.000000e-01,7.400000e-01,0.0,1.000000e+00,6.812372e-15,6.379774e-15
8.100000e-01,7.400000e-01,0.0,1.000000e+00,3.190010e-15,2.865673e-15
8.200000e-01,7.400000e-01,0.0,1.000000e+00,1.459944e-15,1.405862e-15
8.300000e-01,7.400000e-01,0.0,1.000000e+00,5.407822e-16,3.244672e-16
8.400000e-01,7.400000e-01,0.0,1.000000e+00,1.081595e-16,0.000000e+00
8.500000e-01,7.400000e-01,0.0,1.000000e+00,0.000000e+00,0.000000e+00
8.600000e-01,7.400000e-01,0.0,1.000000e+00,0.000000e+00,0.000000e+00
8.700000e-01,7.400000e-01,0.0,1.000000e+00,0.000000e+00,0.000000e+00
8.800000e-01,7.400000e-01,0.0,1.000000e+00,0.000000e+00,0.000000e+00
8.900000e-01,7.400000e-01,0.0,1.000000e+00,0.000000e+00,0.000000e+00
9.000000e-01,7.400000e-01,0.0,1.000000e+00,0.000000e+00,0.000000e+00
9.100000e-01,7.400000e-01,0.0,1.000000e+00,0.000000e+00,0.000000e+00
9.200000e-01,7.400000e-01,0.0,1.000000e+00,0.000000e+00,0.000000e+00
9.300000e-01,7.400000e-01,0.0,1.000000e+00,0.000000e+00,0.000000e+00
9.400000e-01,7.400000e-01,0.0,1.000000e+00,0.000000e+00,0.000000e+00
9.500000e-01,7.400000e-01,0.0,1.000000e+00,0.000000e+00,0.000000e+00
9.600000e-01,7.400000e-01,0.0,1.000000e+00,0.000000e+00,0.000000e+00
9.700000e-01,7.400000e-01,0.0,1.000000e+00,0.000000e+00,0.000000e+00
9.800000e-01,7.400000e-01,0.0,1.000000e+00,0.000000e+00,0.000000e+00
9.900000e-01,7.400000e-01,0.0,1.000000e+00,0.000000e+00,0.000000e+00
1.000000e+00,7.400000e-01,0.0,1.000000e+00,0.000000e+00,0.000000e+00
0.000000e+00,7.500000e-01,0.0,1.000000e+00,2.976286e-09,8.378530e-08
1.000000e-02,7.500000e-01,0.0,1.000000e+00,1.586236e-09,5.428089e-08
2.000000e-02,7.500000e-01,0.0,1.000000e+00,-5.629424e-09,5.740625e-08
3.000000e-02,7.500000e-01,0.0,1.000000e+00,-1.358381e-08,7.170413e-08
4.000000e-02,7.500000e-01,0.0,1.000000e+00,-2.359880e-08,9.917783e-08
5.000000e-02,7.500000e-01,0.0,1.000000e+00,-3.599421e-08,1.421839e-07
6.000000e-02,7.500000e-01,0.0,1.000000e+00,-5.059127e-08,2.024190e-07
7.000000e-02,7.500000e-01,0.0,1.000000e+00,-6.699364e-08,2.817470e-07
8.000000e-02,7.500000e-01,0.0,1.000000e+00,-8.503288e-08,3.835532e-07
9.000000e-02,7.500000e-01,0.0,1.000000e+00,-1.049418e-07,5.139159e-07
1.000000e-01,7.500000e-01,0.0,1.000000e+00,-1.271009e-07,6.818511e-07
1.100000e-01,7.500000e-01,0.0,1.000000e+00,-1.514864e-07,8.982969e-07
1.200000e-01,7.500000e-01,0.0,1.000000e+00,-1.770234e-07,1.173681e-06
1.300000e-01,7.500000e-01,0.0,1.000000e+00,-2.010687e-07,1.514120e-06
1.400000e-01,7.500000e-01,0.0,1.000001e+00,-2.192810e-07,1.916801e-06
1.500000e-01,7.500000e-01,0.0,1.000001e+00,-2.261373e-07,2.365891e-06
1.600000e-01,7.500000e-01,0.0,1.000001e+00,-2.160935e-07,2.829962e-06
1.700000e-01,7.500000e-01,0.0,1.000001e+00,-1.853441e-07,3.264377e-06
1.800000e-01,7.500000e-01,0.0,1.000001e+00,-1.337697e-07,3.619154e-06
1.900000e-01,7.500000e-01,0.0,1.000001e+00,-6.936116e-08,3.851030e-06
2.000000e-01,7.500000e-01,0.0,1.000001e+00,2.334732e-11,3.964121e-06
2.100000e-01,7.500000e-01,0.0,1.000001e+00,6.942176e-08,3.851013e-06
2.200000e-01,7.500000e-01,0.0,1.000001e+00,1.338485e-07,3.619115e-06
2.300000e-01,7.500000e-01,0.0,1.000001e+00,1.854556e-07,3.264305e-06
2.400000e-01,7.500000e-01,0.0,1.000001e+00,2.162562e-07,2.829843e-06
2.500000e-01,7.500000e-01,0.0,1.000001e+00,2.263741e-07,2.365703e-06
2.600000e-01,7.500000e-01,0.0,1.000001e+00,2.196203e-07,1.916514e-06
2.700000e-01,7.500000e-01,0.0,1.000000e+00,2.015467e-07,1.513694e-06
2.800000e-01,7.500000e-01,0.0,1.000000e+00,1.776838e-07,1.173063e-06
2.900000e-01,7.500000e-01,0.0,1.000000e+00,1.523818e-07,8.974121e-07
3.000000e-01,7.500000e-01,0.0,1.000000e+00,1.282922e-07,6.806003e-07
3.100000e-01,7.500000e-01,0.0,1.000000e+00,1.064982e-07,5.121749e-07
3.200000e-01,7.500000e-01,0.0,1.000000e+00,8.703262e-08,3.811723e-07
3.300000e-01,7.500000e-01,0.0,1.000000e+00,6.952788e-08,2.785505e-07
3.400000e-01,7.500000e-01,0.0,1.000000e+00,5.377965e-08,1.981963e-07
3.500000e-01,7.500000e-01,0.0,1.000000e+00,4.002161e-08,1.366426e-07
3.600000e-01,7.500000e-01,0.0,1.000000e+00,2.877827e-08,9.180405e-08
3.700000e-01,7.500000e-01,0.0,1.000000e+00,2.040968e-08,6.146282e-08
3.800000e-01,7.500000e-01,0.0,1.000000e+00,1.475976e-08,4.250832e-08
3.900000e-01,7.500000e-01,0.0,1.000000e+00,1.122565e-08,3.133828e-08
4.000000e-01,7.500000e-01,0.0,1.000000e+00,9.089260e-09,2.477122e-08
4.100000e-01,7.500000e-01,0.0,1.000000e+00,7.761507e-09,2.059880e-08
4.200000e-01,7.500000e-01,0.0,1.000000e+00,6.846859e-09,1.756854e-08
4.300000e-01,7.500000e-01,0.0,1.000000e+00,6.117844e-09,1.508494e-08
4.400000e-01,7.500000e-01,0.0,1.000000e+00,5.464664e-09,1.290875e-08
4.500000e-01,7.500000e-01,0.0,1.000000e+00,4.846032e-09,1.096015e-08
4.600000e-01,7.500000e-01,0.0,1.000000e+00,4.253548e-09,9.217605e-09
4.700000e-01,7.500000e-01,0.0,1.000000e+00,3.691208e-09,7.674576e-09
4.800000e-01,7.500000e-01,0.0,1.000000e+00,3.165700e-09,6.324535e-09
4.900000e-01,7.500000e-01,0.0,1.000000e+00,2.682662e-09,5.157504e-09
5.000000e-01,7.500000e-01,0.0,1.000000e+00,2.245691e-09,4.160438e-09
5.100000e-01,7.500000e-01,0.0,1.000000e+00,1.856382e-09,3.318401e-09
5.200000e-01,7.500000e-01,0.0,1.000000e+00,1.514671e-09,2.615601e-09
5.300000e-01,7.500000e-01,0.0,1.000000e+00,1.219178e-09,2.036117e-09
5.400000e-01,7.500000e-01,0.0,1.000000e+00,9.675114e-10,1.564386e-09
5.500000e-01,7.500000e-01,0.0,1.000000e+00,7.565125e-10,1.185525e-09
5.600000e-01,7.500000e-01,0.0,1.000000e+00,5.824732e-10,8.855640e-10
5.700000e-01,7.500000e-01,0.0,1.000000e+00,4.413350e-10,6.516212e-10
5.800000e-01,7.500000e-01,0.0,1.000000e+00,3.288787e-10,4.720293e-10
5.900000e-01,7.500000e-01,0.0,1.000000e+00,2.408972e-10,3.364234e-10
6.000000e-01,7.500000e-01,0.0,1.000000e+00,1.733504e-10,2.357785e-10
6.100000e-01,7.500000e-01,0.0,1.000000e+00,1.224893e-10,1.624034e-10
6.200000e-01,7.500000e-01,0.0,1.000000e+00,8.494772e-11,1.098864e-10
6.300000e-01,7.500000e-01,0.0,1.000000e+00,5.779638e-11,7.300475e-11
6.400000e-01,7.500000e-01,0.0,1.000000e+00,3.856286e-11,4.760281e-11
6.500000e-01,7.500000e-01,0.0,1.000000e+00,2.522368e-11,3.045187e-11
6.600000e-01,7.500000e-01,0.0,1.000000e+00,1.616863e-11,1.910435e-11
6.700000e-01,7.500000e-01,0.0,1.000000e+00,1.015392e-11,1.175027e-11
6.800000e-01,7.500000e-01,0.0,1.000000e+00,6.245562e-12,7.083160e-12
6.900000e-01,7.500000e-01,0.0,1.000000e+00,3.761713e-12,4.183304e-12
7.000000e-01,7.500000e-01,0.0,1.000000e+00,2.217996e-12,2.420552e-12
7.100000e-01,7.500000e-01,0.0,1.000000e+00,1.279898e-12,1.371258e-12
7.200000e-01,7.500000e-01,0.0,1.000000e+00,7.228876e-13,7.608375e-13
7.300000e-01,7.500000e-01,0.0,1.000000e+00,3.991840e-13,4.128070e-13
7.400000e-01,7.500000e-01,0.0,1.000000e+00,2.159216e-13,2.194358e-13
7.500000e-01,7.500000e-01,0.0,1.000000e+00,1.141255e-13,1.141255e-13
7.600000e-01,7.500000e-01,0.0,1.000000e+00,5.871245e-14,5.790139e-14
7.700000e-01,7.500000e-01,0.0,1.000000e+00,2.973518e-14,2.854595e-14
7.800000e-01,7.500000e-01,0.0,1.000000e+00,1.470580e-14,1.389476e-14
7.900000e-01,7.500000e-01,0.0,1.000000e+00,7.190789e-15,6.542013e-15
8.000000e-01,7.500000e-01,0.0,1.000000e+00,3.244043e-15,3.027799e-15
8.100000e-01,7.500000e-01,0.0,1.000000e+00,1.405864e-15,1.297702e-15
8.200000e-01,7.500000e-01,0.0,1.000000e+00,6.489417e-16,5.407822e-16
8.300000e-01,7.500000e-01,0.0,1.000000e+00,1.081595e-16,5.407975e-17
8.400000e-01,7.500000e-01,0.0,1.000000e+00,0.000000e+00,0.000000e+00
8.500000e-01,7.500000e-01,0.0,1.000000e+00,0.000000e+00,0.000000e+00
8.600000e-01,7.500000e-01,0.0,1.000000e+00,0.000000e+00,0.000000e+00
8.700000e-01,7.500000e-01,0.0,1.000000e+00,0.000000e+00,0.000000e+00
8.800000e-01,7.500000e-01,0.0,1.000000e+00,0.000000e+00,0.000000e+00
8.900000e-01,7.500000e-01,0.0,1.000000e+00,0.000000e+00,0.000000e+00
9.000000e-01,7.500000e-01,0.0,1.000000e+00,0.000000e+00,0.000000e+00
9.100000e-01,7.500000e-01,0.0,1.000000e+00,0.000000e+00,0.000000e+00
9.200000e-01,7.500000e-01,0.0,1.000000e+00,0.000000e+00,0.000000e+00
9.300000e-01,7.500000e-01,0.0,1.000000e+00,0.000000e+00,0.000000e+00
9.400000e-01,7.500000e-01,0.0,1.000000e+00,0.000000e+00,0.000000e+00
9.500000e-01,7.500000e-01,0.0,1.000000e+00,0.000000e+00,0.000000e+00
9.600000e-01,7.500000e-01,0.0,1.000000e+00,0.000000e+00,0.000000e+00
9.700000e-01,7.500000e-01,0.0,1.000000e+00,0.000000e+00,0.000000e+00
9.800000e-01,7.500000e-01,0.0,1.000000e+00,0.000000e+00,0.000000e+00
9.900000e-01,7.500000e-01,0.0,1.000000e+00,0.000000e+00,0.000000e+00
1.000000e+00,7.500000e-01,0.0,1.000000e+00,0.000000e+00,0.000000e+00
0.000000e+00,7.600000e-01,0.0,1.000000e+00,5.802051e-10,3.830027e-08
1.000000e-02,7.600000e-01,0.0,1.000000e+00,-7.425736e-11,3.096308e-08
2.000000e-02,7.600000e-01,0.0,1.000000e+00,-2.294408e-09,3.141819e-08
3.000000e-02,7.600000e-01,0.0,1.000000e+00,-4.700278e-09,3.479090e-08
4.000000e-02,7.600000e-01,0.0,1.000000e+00,-7.603896e-09,4.163756e-08
5.000000e-02,7.600000e-01,0.0,1.000000e+00,-1.122430e-08,5.310061e-08
6.000000e-02,7.600000e-01,0.0,1.000000e+00,-1.563391e-08,7.029040e-08
7.000000e-02,7.600000e-01,0.0,1.000000e+00,-2.071705e-08,9.401316e-08
8.000000e-02,7.600000e-01,0.0,1.000000e+00,-2.620985e-08,1.247168e-07
9.000000e-02,7.600000e-01,0.0,1.000000e+00,-3.180779e-08,1.627189e-07
1.000000e-01,7.600000e-01,0.0,1.000000e+00,-3.724611e-08,2.084916e-07
1.100000e-01,7.600000e-01,0.0,1.000000e+00,-4.228854e-08,2.627324e-07
1.200000e-01,7.600000e-01,0.0,1.000000e+00,-4.664150e-08,3.261025e-07
1.300000e-01,7.600000e-01,0.0,1.000000e+00,-4.985928e-08,3.986746e-07
1.400000e-01,7.600000e-01,0.0,1.000000e+00,-5.130722e-08,4.792414e-07
1.500000e-01,7.600000e-01,0.0,1.000000e+00,-5.022167e-08,5.646823e-07
1.600000e-01,7.600000e-01,0.0,1.000000e+00,-4.589933e-08,6.496438e-07
1.700000e-01,7.600000e-01,0.0,1.000000e+00,-3.798408e-08,7.269761e-07
1.800000e-01,7.600000e-01,0.0,1.000000e+00,-2.678778e-08,7.888706e-07
1.900000e-01,7.600000e-01,0.0,1.000000e+00,-1.367783e-08,8.289442e-07
2.000000e-01,7.600000e-01,0.0,1.000000e+00,1.800125e-11,8.472151e-07
2.100000e-01,7.600000e-01,0.0,1.000000e+00,1.372037e-08,8.289320e-07
2.200000e-01,7.600000e-01,0.0,1.000000e+00,2.684316e-08,7.888428e-07
2.300000e-01,7.600000e-01,0.0,1.000000e+00,3.806211e-08,7.269261e-07
2.400000e-01,7.600000e-01,0.0,1.000000e+00,4.601249e-08,6.495616e-07
2.500000e-01,7.600000e-01,0.0,1.000000e+00,5.038610e-08,5.645527e-07
2.600000e-01,7.600000e-01,0.0,1.000000e+00,5.154327e-08,4.790428e-07
2.700000e-01,7.600000e-01,0.0,1.000000e+00,5.019218e-08,3.983769e-07
2.800000e-01,7.600000e-01,0.0,1.000000e+00,4.710190e-08,3.256672e-07
2.900000e-01,7.600000e-01,0.0,1.000000e+00,4.291286e-08,2.621101e-07
3.000000e-01,7.600000e-01,0.0,1.000000e+00,3.807711e-08,2.076201e-07
3.100000e-01,7.600000e-01,0.0,1.000000e+00,3.289520e-08,1.615225e-07
3.200000e-01,7.600000e-01,0.0,1.000000e+00,2.761153e-08,1.231059e-07
3.300000e-01,7.600000e-01,0.0,1.000000e+00,2.250066e-08,9.188326e-08
3.400000e-01,7.600000e-01,0.0,1.000000e+00,1.787918e-08,6.751603e-08
3.500000e-01,7.600000e-01,0.0,1.000000e+00,1.402577e-08,4.951707e-08
3.600000e-01,7.600000e-01,0.0,1.000000e+00,1.107376e-08,3.699885e-08
3.700000e-01,7.600000e-01,0.0,1.000000e+00,8.972858e-09,2.869963e-08
3.800000e-01,7.600000e-01,0.0,1.000000e+00,7.544863e-09,2.326677e-08
3.900000e-01,7.600000e-01,0.0,1.000000e+00,6.574068e-09,1.956368e-08
4.000000e-01,7.600000e-01,0.0,1.000000e+00,5.873234e-09,1.681293e-08
4.100000e-01,7.600000e-01,0.0,1.000000e+00,5.310866e-09,1.456910e-08
4.200000e-01,7.600000e-01,0.0,1.000000e+00,4.810167e-09,1.261457e-08
4.300000e-01,7.600000e-01,0.0,1.000000e+00,4.334644e-09,1.085864e-08
4.400000e-01,7.600000e-01,0.0,1.000000e+00,3.872097e-09,9.269865e-09
4.500000e-01,7.600000e-01,0.0,1.000000e+00,3.422558e-09,7.839425e-09
4.600000e-01,7.600000e-01,0.0,1.000000e+00,2.990922e-09,6.564242e-09
4.700000e-01,7.600000e-01,0.0,1.000000e+00,2.583052e-09,5.440466e-09
4.800000e-01,7.600000e-01,0.0,1.000000e+00,2.204021e-09,4.461734e-09
4.900000e-01,7.600000e-01,0.0,1.000000e+00,1.857489e-09,3.619295e-09
5.000000e-01,7.600000e-01,0.0,1.000000e+00,1.545637e-09,2.902672e-09
5.100000e-01,7.600000e-01,0.0,1.000000e+00,1.269308e-09,2.300359e-09
5.200000e-01,7.600000e-01,0.0,1.000000e+00,1.028209e-09,1.800376e-09
5.300000e-01,7.600000e-01,0.0,1.000000e+00,8.211220e-10,1.390699e-09
5.400000e-01,7.600000e-01,0.0,1.000000e+00,6.460842e-10,1.059573e-09
5.500000e-01,7.600000e-01,0.0,1.000000e+00,5.005714e-10,7.957605e-10
5.600000e-01,7.600000e-01,0.0,1.000000e+00,3.816636e-10,5.887314e-10
5.700000e-01,7.600000e-01,0.0,1.000000e+00,2.862079e-10,4.288192e-10
5.800000e-01,7.600000e-01,0.0,1.000000e+00,2.109740e-10,3.073275e-10
5.900000e-01,7.600000e-01,0.0,1.000000e+00,1.527900e-10,2.166010e-10
6.000000e-01,7.600000e-01,0.0,1.000000e+00,1.086592e-10,1.500465e-10
6.100000e-01,7.600000e-01,0.0,1.000000e+00,7.584796e-11,1.021140e-10
6.200000e-01,7.600000e-01,0.0,1.000000e+00,5.194506e-11,6.824037e-11
6.300000e-01,7.600000e-01,0.0,1.000000e+00,3.488962e-11,4.476176e-11
6.400000e-01,7.600000e-01,0.0,1.000000e+00,2.297454e-11,2.880797e-11
6.500000e-01,7.600000e-01,0.0,1.000000e+00,1.482655e-11,1.818422e-11
6.600000e-01,7.600000e-01,0.0,1.000000e+00,9.374893e-12,1.125417e-11
6.700000e-01,7.600000e-01,0.0,1.000000e+00,5.806363e-12,6.827051e-12
6.800000e-01,7.600000e-01,0.0,1.000000e+00,3.521378e-12,4.058166e-12
6.900000e-01,7.600000e-01,0.0,1.000000e+00,2.090961e-12,2.362928e-12
7.000000e-01,7.600000e-01,0.0,1.000000e+00,1.215190e-12,1.347688e-12
7.100000e-01,7.600000e-01,0.0,1.000000e+00,6.911008e-13,7.525126e-13
7.200000e-01,7.600000e-01,0.0,1.000000e+00,3.845337e-13,4.112395e-13
7.300000e-01,7.600000e-01,0.0,1.000000e+00,2.089478e-13,2.200844e-13
7.400000e-01,7.600000e-01,0.0,1.000000e+00,1.114765e-13,1.152608e-13
7.500000e-01,7.600000e-01,0.0,1.000000e+00,5.790139e-14,5.871245e-14
7.600000e-01,7.600000e-01,0.0,1.000000e+00,2.957297e-14,2.957297e-14
7.700000e-01,7.600000e-01,0.0,1.000000e+00,1.459769e-14,1.438138e-14
7.800000e-01,7.600000e-01,0.0,1.000000e+00,7.082686e-15,6.974526e-15
7.900000e-01,7.600000e-01,0.0,1.000000e+00,3.406243e-15,3.081880e-15
8.000000e-01,7.600000e-01,0.0,1.000000e+00,1.459885e-15,1.351784e-15
8.100000e-01,7.600000e-01,0.0,1.000000e+00,6.489417e-16,6.489417e-16
8.200000e-01,7.600000e-01,0.0,1.000000e+00,1.081595e-16,1.081595e-16
8.300000e-01,7.600000e-01,0.0,1.000000e+00,0.000000e+00,0.000000e+00
8.400000e-01,7.600000e-01,0.0,1.000000e+00,0.000000e+00,0.000000e+00
8.500000e-01,7.600000e-01,0.0,1.000000e+00,0.000000e+00,0.000000e+00
8.600000e-01,7.600000e-01,0.0,1.000000e+00,0.000000e+00,0.000000e+00
8.700000e-01,7.600000e-01,0.0,1.000000e+00,0.000000e+00,0.000000e+00
8.800000e-01,7.600000e-01,0.0,1.000000e+00,0.000000e+00,0.000000e+00
8.900000e-01,7.600000e-01,0.0,1.000000e+00,0.000000e+00,0.000000e+00
9.000000e-01,7.600000e-01,0.0,1.000000e+00,0.000000e+00,0.000000e+00
9.100000e-01,7.600000e-01,0.0,1.000000e+00,0.000000e+00,0.000000e+00
9.200000e-01,7.600000e-01,0.0,1.000000e+00,0.000000e+00,0.000000e+00
9.300000e-01,7.600000e-01,0.0,1.000000e+00,0.000000e+00,0.000000e+00
9.400000e-01,7.600000e-01,0.0,1.000000e+00,0.000000e+00,0.000000e+00
9.500000e-01,7.600000e-01,0.0,1.000000e+00,0.000000e+00,0.000000e+00
9.600000e-01,7.600000e-01,0.0,1.000000e+00,0.000000e+00,0.000000e+00
9.700000e-01,7.600000e-01,0.0,1.000000e+00,0.000000e+00,0.000000e+00
9.800000e-01,7.600000e-01,0.0,1.000000e+00,0.000000e+00,0.000000e+00
9.900000e-01,7.600000e-01,0.0,1.000000e+00,0.000000e+00,0.000000e+00
1.000000e+00,7.600000e-01,0.0,1.000000e+00,0.000000e+00,0.000000e+00
0.000000e+00,7.700000e-01,0.0,1.000000e+00,6.793174e-11,2.299697e-08
1.000000e-02,7.700000e-01,0.0,1.000000e+00,-4.184030e-10,2.106140e-08
2.000000e-02,7.700000e-01,0.0,1.000000e+00,-1.385737e-09,2.126389e-08
3.000000e-02,7.700000e-01,0.0,1.000000e+00,-2.384048e-09,2.227600e-08
4.000000e-02,7.700000e-01,0.0,1.000000e+00,-3.461849e-09,2.421753e-08
5.000000e-02,7.700000e-01,0.0,1.000000e+00,-4.669508e-09,2.738519e-08
6.000000e-02,7.700000e-01,0.0,1.000000e+00,-6.039124e-09,3.215383e-08
7.000000e-02,7.700000e-01,0.0,1.000000e+00,-7.567780e-09,3.889252e-08
8.000000e-02,7.700000e-01,0.0,1.000000e+00,-9.202034e-09,4.786262e-08
9.000000e-02,7.700000e-01,0.0,1.000000e+00,-1.083995e-08,5.915354e-08
1.000000e-01,7.700000e-01,0.0,1.000000e+00,-1.235158e-08,7.268863e-08
1.100000e-01,7.700000e-01,0.0,1.000000e+00,-1.360383e-08,8.827441e-08
1.200000e-01,7.700000e-01,0.0,1.000000e+00,-1.447442e-08,1.056346e-07
1.300000e-01,7.700000e-01,0.0,1.000000e+00,-1.485224e-08,1.243898e-07
1.400000e-01,7.700000e-01,0.0,1.000000e+00,-1.463400e-08,1.439891e-07
1.500000e-01,7.700000e-01,0.0,1.000000e+00,-1.373069e-08,1.636306e-07
1.600000e-01,7.700000e-01,0.0,1.000000e+00,-1.209166e-08,1.822360e-07
1.700000e-01,7.700000e-01,0.0,1.000000e+00,-9.738443e-09,1.985288e-07
1.800000e-01,7.700000e-01,0.0,1.000000e+00,-6.795159e-09,2.112222e-07
1.900000e-01,7.700000e-01,0.0,1.000000e+00,-3.491331e-09,2.193438e-07
2.000000e-01,7.700000e-01,0.0,1.000000e+00,1.332759e-11,2.225693e-07
2.100000e-01,7.700000e-01,0.0,1.000000e+00,3.520816e-09,2.193348e-07
2.200000e-01,7.700000e-01,0.0,1.000000e+00,6.833565e-09,2.112023e-07
2.300000e-01,7.700000e-01,0.0,1.000000e+00,9.792351e-09,1.984934e-07
2.400000e-01,7.700000e-01,0.0,1.000000e+00,1.216970e-08,1.821783e-07
2.500000e-01,7.700000e-01,0.0,1.000000e+00,1.384395e-08,1.635404e-07
2.600000e-01,7.700000e-01,0.0,1.000000e+00,1.479660e-08,1.438520e-07
2.700000e-01,7.700000e-01,0.0,1.000000e+00,1.508192e-08,1.241858e-07
2.800000e-01,7.700000e-01,0.0,1.000000e+00,1.479311e-08,1.053374e-07
2.900000e-01,7.700000e-01,0.0,1.000000e+00,1.403817e-08,8.785101e-08
3.000000e-01,7.700000e-01,0.0,1.000000e+00,1.293347e-08,7.209777e-08
3.100000e-01,7.700000e-01,0.0,1.000000e+00,1.160711e-08,5.834470e-08
3.200000e-01,7.700000e-01,0.0,1.000000e+00,1.019836e-08,4.677356e-08
3.300000e-01,7.700000e-01,0.0,1.000000e+00,8.843164e-09,3.744462e-08
3.400000e-01,7.700000e-01,0.0,1.000000e+00,7.648004e-09,3.024432e-08
3.500000e-01,7.700000e-01,0.0,1.000000e+00,6.667795e-09,2.487648e-08
3.600000e-01,7.700000e-01,0.0,1.000000e+00,5.902577e-09,2.092572e-08
3.700000e-01,7.700000e-01,0.0,1.000000e+00,5.313439e-09,1.796239e-08
3.800000e-01,7.700000e-01,0.0,1.000000e+00,4.846143e-09,1.563055e-08
3.900000e-01,7.700000e-01,0.0,1.000000e+00,4.450426e-09,1.368438e-08
4.000000e-01,7.700000e-01,0.0,1.000000e+00,4.089704e-09,1.197881e-08
4.100000e-01,7.700000e-01,0.0,1.000000e+00,3.742419e-09,1.043990e-08
4.200000e-01,7.700000e-01,0.0,1.000000e+00,3.398989e-09,9.035417e-09
4.300000e-01,7.700000e-01,0.0,1.000000e+00,3.057721e-09,7.753954e-09
4.400000e-01,7.700000e-01,0.0,1.000000e+00,2.721323e-09,6.592561e-09
4.500000e-01,7.700000e-01,0.0,1.000000e+00,2.394420e-09,5.550290e-09
4.600000e-01,7.700000e-01,0.0,1.000000e+00,2.081979e-09,4.625298e-09
4.700000e-01,7.700000e-01,0.0,1.000000e+00,1.788412e-09,3.813876e-09
4.800000e-01,7.700000e-01,0.0,1.000000e+00,1.517173e-09,3.110434e-09
4.900000e-01,7.700000e-01,0.0,1.000000e+00,1.270631e-09,2.507858e-09
5.000000e-01,7.700000e-01,0.0,1.000000e+00,1.050108e-09,1.997964e-09
5.100000e-01,7.700000e-01,0.0,1.000000e+00,8.559861e-10,1.571921e-09
5.200000e-01,7.700000e-01,0.0,1.000000e+00,6.878385e-10,1.220602e-09
5.300000e-01,7.700000e-01,0.0,1.000000e+00,5.445643e-10,9.348731e-10
5.400000e-01,7.700000e-01,0.0,1.000000e+00,4.245273e-10,7.058291e-10
5.500000e-01,7.700000e-01,0.0,1.000000e+00,3.256921e-10,5.249909e-10
5.600000e-01,7.700000e-01,0.0,1.000000e+00,2.457596e-10,3.844613e-10
5.700000e-01,7.700000e-01,0.0,1.000000e+00,1.822971e-10,2.770481e-10
5.800000e-01,7.700000e-01,0.0,1.000000e+00,1.328590e-10,1.963467e-10
5.900000e-01,7.700000e-01,0.0,1.000000e+00,9.509033e-11,1.367839e-10
6.000000e-01,7.700000e-01,0.0,1.000000e+00,6.680589e-11,9.362196e-11
6.100000e-01,7.700000e-01,0.0,1.000000e+00,4.605174e-11,6.292965e-11
6.200000e-01,7.700000e-01,0.0,1.000000e+00,3.113572e-11,4.152230e-11
6.300000e-01,7.700000e-01,0.0,1.000000e+00,2.063951e-11,2.688381e-11
6.400000e-01,7.700000e-01,0.0,1.000000e+00,1.340967e-11,1.707329e-11
6.500000e-01,7.700000e-01,0.0,1.000000e+00,8.536462e-12,1.063207e-11
6.600000e-01,7.700000e-01,0.0,1.000000e+00,5.323272e-12,6.490182e-12
6.700000e-01,7.700000e-01,0.0,1.000000e+00,3.250989e-12,3.882430e-12
6.800000e-01,7.700000e-01,0.0,1.000000e+00,1.943764e-12,2.275356e-12
6.900000e-01,7.700000e-01,0.0,1.000000e+00,1.137454e-12,1.305794e-12
7.000000e-01,7.700000e-01,0.0,1.000000e+00,6.514752e-13,7.340246e-13
7.100000e-01,7.700000e-01,0.0,1.000000e+00,3.650721e-13,4.037795e-13
7.200000e-01,7.700000e-01,0.0,1.000000e+00,2.001899e-13,2.172731e-13
7.300000e-01,7.700000e-01,0.0,1.000000e+00,1.072057e-13,1.147203e-13
7.400000e-01,7.700000e-01,0.0,1.000000e+00,5.600943e-14,5.909094e-14
7.500000e-01,7.700000e-01,0.0,1.000000e+00,2.854595e-14,2.973518e-14
7.600000e-01,7.700000e-01,0.0,1.000000e+00,1.438138e-14,1.459769e-14
7.700000e-01,7.700000e-01,0.0,1.000000e+00,6.974526e-15,6.974526e-15
7.800000e-01,7.700000e-01,0.0,1.000000e+00,3.352163e-15,3.352163e-15
7.900000e-01,7.700000e-01,0.0,1.000000e+00,1.568044e-15,1.405835e-15
8.000000e-01,7.700000e-01,0.0,1.000000e+00,6.489417e-16,6.489417e-16
8.100000e-01,7.700000e-01,0.0,1.000000e+00,1.081595e-16,1.081595e-16
8.200000e-01,7.700000e-01,0.0,1.000000e+00,0.000000e+00,0.000000e+00
8.300000e-01,7.700000e-01,0.0,1.000000e+00,0.000000e+00,0.000000e+00
8.400000e-01,7.700000e-01,0.0,1.000000e+00,0.000000e+00,0.000000e+00
8.500000e-01,7.700000e-01,0.0,1.000000e+00,0.000000e+00,0.000000e+00
8.600000e-01,7.700000e-01,0.0,1.000000e+00,0.000000e+00,0.000000e+00
8.700000e-01,7.700000e-01,0.0,1.000000e+00,0.000000e+00,0.000000e+00
8.800000e-01,7.700000e-01,0.0,1.000000e+00,0.000000e+00,0.000000e+00
8.900000e-01,7.700000e-01,0.0,1.000000e+00,0.000000e+00,0.000000e+00
9.000000e-01,7.700000e-01,0.0,1.000000e+00,0.000000e+00,0.000000e+00
9.100000e-01,7.700000e-01,0.0,1.000000e+00,0.000000e+00,0.000000e+00
9.200000e-01,7.700000e-01,0.0,1.000000e+00,0.000000e+00,0.000000e+00
9.300000e-01,7.700000e-01,0.0,1.000000e+00,0.000000e+00,0.000000e+00
9.400000e-01,7.700000e-01,0.0,1.000000e+00,0.000000e+00,0.000000e+00
9.500000e-01,7.700000e-01,0.0,1.000000e+00,0.000000e+00,0.000000e+00
9.600000e-01,7.700000e-01,0.0,1.000000e+00,0.000000e+00,0.000000e+00
9.700000e-01,7.700000e-01,0.0,1.000000e+00,0.000000e+00,0.000000e+00
9.800000e-01,7.700000e-01,0.0,1.000000e+00,0.000000e+00,0.000000e+00
9.900000e-01,7.700000e-01,0.0,1.000000e+00,0.000000e+00,0.000000e+00
1.000000e+00,7.700000e-01,0.0,1.000000e+00,0.000000e+00,0.000000e+00
0.000000e+00,7.800000e-01,0.0,1.000000e+00,-3.183567e-11,1.564916e-08
1.000000e-02,7.800000e-01,0.0,1.000000e+00,-4.090325e-10,1.502459e-08
2.000000e-02,7.800000e-01,0.0,1.000000e+00,-9.882160e-10,1.522282e-08
3.000000e-02,7.800000e-01,0.0,1.000000e+00,-1.559833e-09,1.573376e-08
4.000000e-02,7.800000e-01,0.0,1.000000e+00,-2.123013e-09,1.658007e-08
5.000000e-02,7.800000e-01,0.0,1.000000e+00,-2.679521e-09,1.781387e-08
6.000000e-02,7.800000e-01,0.0,1.000000e+00,-3.230661e-09,1.951031e-08
7.000000e-02,7.800000e-01,0.0,1.000000e+00,-3.774075e-09,2.175659e-08
8.000000e-02,7.800000e-01,0.0,1.000000e+00,-4.298810e-09,2.463198e-08
9.000000e-02,7.800000e-01,0.0,1.000000e+00,-4.781986e-09,2.818081e-08
1.000000e-01,7.800000e-01,0.0,1.000000e+00,-5.189530e-09,3.239031e-08
1.100000e-01,7.800000e-01,0.0,1.000000e+00,-5.481258e-09,3.718283e-08
1.200000e-01,7.800000e-01,0.0,1.000000e+00,-5.617986e-09,4.242241e-08
1.300000e-01,7.800000e-01,0.0,1.000000e+00,-5.567695e-09,4.792716e-08
1.400000e-01,7.800000e-01,0.0,1.000000e+00,-5.309361e-09,5.347884e-08
1.500000e-01,7.800000e-01,0.0,1.000000e+00,-4.835306e-09,5.882911e-08
1.600000e-01,7.800000e-01,0.0,1.000000e+00,-4.152919e-09,6.370867e-08
1.700000e-01,7.800000e-01,0.0,1.000000e+00,-3.285519e-09,6.784572e-08
1.800000e-01,7.800000e-01,0.0,1.000000e+00,-2.271132e-09,7.099627e-08
1.900000e-01,7.800000e-01,0.0,1.000000e+00,-1.156901e-09,7.298609e-08
2.000000e-01,7.800000e-01,0.0,1.000000e+00,9.043550e-12,7.367061e-08
2.100000e-01,7.800000e-01,0.0,1.000000e+00,1.176861e-09,7.297983e-08
2.200000e-01,7.800000e-01,0.0,1.000000e+00,2.297025e-09,7.098249e-08
2.300000e-01,7.800000e-01,0.0,1.000000e+00,3.322019e-09,6.782150e-08
2.400000e-01,7.800000e-01,0.0,1.000000e+00,4.205959e-09,6.366943e-08
2.500000e-01,7.800000e-01,0.0,1.000000e+00,4.912555e-09,5.876800e-08
2.600000e-01,7.800000e-01,0.0,1.000000e+00,5.420727e-09,5.338615e-08
2.700000e-01,7.800000e-01,0.0,1.000000e+00,5.725828e-09,4.778955e-08
2.800000e-01,7.800000e-01,0.0,1.000000e+00,5.838771e-09,4.222198e-08
2.900000e-01,7.800000e-01,0.0,1.000000e+00,5.784269e-09,3.689602e-08
3.000000e-01,7.800000e-01,0.0,1.000000e+00,5.598367e-09,3.198658e-08
3.100000e-01,7.800000e-01,0.0,1.000000e+00,5.324360e-09,2.762047e-08
3.200000e-01,7.800000e-01,0.0,1.000000e+00,5.006214e-09,2.386328e-08
3.300000e-01,7.800000e-01,0.0,1.000000e+00,4.680796e-09,2.071203e-08
3.400000e-01,7.800000e-01,0.0,1.000000e+00,4.371997e-09,1.810273e-08
3.500000e-01,7.800000e-01,0.0,1.000000e+00,4.089282e-09,1.593379e-08
3.600000e-01,7.800000e-01,0.0,1.000000e+00,3.830727e-09,1.409557e-08
3.700000e-01,7.800000e-01,0.0,1.000000e+00,3.588328e-09,1.249383e-08
3.800000e-01,7.800000e-01,0.0,1.000000e+00,3.352953e-09,1.106035e-08
3.900000e-01,7.800000e-01,0.0,1.000000e+00,3.117449e-09,9.752635e-09
4.000000e-01,7.800000e-01,0.0,1.000000e+00,2.877845e-09,8.547855e-09
4.100000e-01,7.800000e-01,0.0,1.000000e+00,2.633291e-09,7.435907e-09
4.200000e-01,7.800000e-01,0.0,1.000000e+00,2.385401e-09,6.413692e-09
4.300000e-01,7.800000e-01,0.0,1.000000e+00,2.137400e-09,5.481128e-09
4.400000e-01,7.800000e-01,0.0,1.000000e+00,1.893297e-09,4.638652e-09
4.500000e-01,7.800000e-01,0.0,1.000000e+00,1.657211e-09,3.885855e-09
4.600000e-01,7.800000e-01,0.0,1.000000e+00,1.432890e-09,3.220904e-09
4.700000e-01,7.800000e-01,0.0,1.000000e+00,1.223423e-09,2.640470e-09
4.800000e-01,7.800000e-01,0.0,1.000000e+00,1.031122e-09,2.139910e-09
4.900000e-01,7.800000e-01,0.0,1.000000e+00,8.574949e-10,1.713565e-09
5.000000e-01,7.800000e-01,0.0,1.000000e+00,7.032980e-10,1.355062e-09
5.100000e-01,7.800000e-01,0.0,1.000000e+00,5.686088e-10,1.057600e-09
5.200000e-01,7.800000e-01,0.0,1.000000e+00,4.529197e-10,8.142000e-10
5.300000e-01,7.800000e-01,0.0,1.000000e+00,3.552421e-10,6.179147e-10
5.400000e-01,7.800000e-01,0.0,1.000000e+00,2.742091e-10,4.620159e-10
5.500000e-01,7.800000e-01,0.0,1.000000e+00,2.081885e-10,3.401449e-10
5.600000e-01,7.800000e-01,0.0,1.000000e+00,1.553892e-10,2.464378e-10
5.700000e-01,7.800000e-01,0.0,1.000000e+00,1.139607e-10,1.756122e-10
5.800000e-01,7.800000e-01,0.0,1.000000e+00,8.208199e-11,1.230220e-10
5.900000e-01,7.800000e-01,0.0,1.000000e+00,5.803776e-11,8.468070e-11
6.000000e-01,7.800000e-01,0.0,1.000000e+00,4.026753e-11,5.724792e-11
6.100000e-01,7.800000e-01,0.0,1.000000e+00,2.740403e-11,3.799522e-11
6.200000e-01,7.800000e-01,0.0,1.000000e+00,1.828637e-11,2.474663e-11
6.300000e-01,7.800000e-01,0.0,1.000000e+00,1.196062e-11,1.581165e-11
6.400000e-01,7.800000e-01,0.0,1.000000e+00,7.665704e-12,9.906724e-12
6.500000e-01,7.800000e-01,0.0,1.000000e+00,4.812991e-12,6.085096e-12
6.600000e-01,7.800000e-01,0.0,1.000000e+00,2.959626e-12,3.663017e-12
6.700000e-01,7.800000e-01,0.0,1.000000e+00,1.782078e-12,2.160593e-12
6.800000e-01,7.800000e-01,0.0,1.000000e+00,1.049988e-12,1.248222e-12
6.900000e-01,7.800000e-01,0.0,1.000000e+00,6.054166e-13,7.061302e-13
7.000000e-01,7.800000e-01,0.0,1.000000e+00,3.416638e-13,3.909133e-13
7.100000e-01,7.800000e-01,0.0,1.000000e+00,1.884585e-13,2.119756e-13
7.200000e-01,7.800000e-01,0.0,1.000000e+00,1.017455e-13,1.123955e-13
7.300000e-01,7.800000e-01,0.0,1.000000e+00,5.368484e-14,5.833415e-14
7.400000e-01,7.800000e-01,0.0,1.000000e+00,2.768087e-14,2.957298e-14
7.500000e-01,7.800000e-01,0.0,1.000000e+00,1.389476e-14,1.470580e-14
7.600000e-01,7.800000e-01,0.0,1.000000e+00,6.974526e-15,7.082686e-15
7.700000e-01,7.800000e-01,0.0,1.000000e+00,3.352163e-15,3.352163e-15
7.800000e-01,7.800000e-01,0.0,1.000000e+00,1.568044e-15,1.568044e-15
7.900000e-01,7.800000e-01,0.0,1.000000e+00,6.489417e-16,6.489417e-16
8.000000e-01,7.800000e-01,0.0,1.000000e+00,1.081595e-16,1.081595e-16
8.100000e-01,7.800000e-01,0.0,1.000000e+00,0.000000e+00,0.000000e+00
8.200000e-01,7.800000e-01,0.0,1.000000e+00,0.000000e+00,0.000000e+00
8.300000e-01,7.800000e-01,0.0,1.000000e+00,0.000000e+00,0.000000e+00
8.400000e-01,7.800000e-01,0.0,1.000000e+00,0.000000e+00,0.000000e+00
8.500000e-01,7.800000e-01,0.0,1.000000e+00,0.000000e+00,0.000000e+00
8.600000e-01,7.800000e-01,0.0,1.000000e+00,0.000000e+00,0.000000e+00
8.700000e-01,7.800000e-01,0.0,1.000000e+00,0.000000e+00,0.000000e+00
8.800000e-01,7.800000e-01,0.0,1.000000e+00,0.000000e+00,0.000000e+00
8.900000e-01,7.800000e-01,0.0,1.000000e+00,0.000000e+00,0.000000e+00
9.000000e-01,7.800000e-01,0.0,1.000000e+00,0.000000e+00,0.000000e+00
9.100000e-01,7.800000e-01,0.0,1.000000e+00,0.000000e+00,0.000000e+00
9.200000e-01,7.800000e-01,0.0,1.000000e+00,0.000000e+00,0.000000e+00
9.300000e-01,7.800000e-01,0.0,1.000000e+00,0.000000e+00,0.000000e+00
9.400000e-01,7.800000e-01,0.0,1.000000e+00,0.000000e+00,0.000000e+00
9.500000e-01,7.800000e-01,0.0,1.000000e+00,0.000000e+00,0.000000e+00
9.600000e-01,7.800000e-01,0.0,1.000000e+00,0.000000e+00,0.000000e+00
9.700000e-01,7.800000e-01,0.0,1.000000e+00,0.000000e+00,0.000000e+00
9.800000e-01,7.800000e-01,0.0,1.000000e+00,0.000000e+00,0.000000e+00
9.900000e-01,7.800000e-01,0.0,1.000000e+00,0.000000e+00,0.000000e+00
1.000000e+00,7.800000e-01,0.0,1.000000e+00,0.000000e+00,0.000000e+00
0.000000e+00,7.900000e-01,0.0,1.000000e+00,-4.318225e-11,1.099710e-08
1.000000e-02,7.900000e-01,0.0,1.000000e+00,-3.277629e-10,1.073757e-08
2.000000e-02,7.900000e-01,0.0,1.000000e+00,-7.229068e-10,1.091527e-08
3.000000e-02,7.900000e-01,0.0,1.000000e+00,-1.103714e-09,1.126680e-08
4.000000e-02,7.900000e-01,0.0,1.000000e+00,-1.463526e-09,1.179359e-08
5.000000e-02,7.900000e-01,0.0,1.000000e+00,-1.796617e-09,1.249873e-08
6.000000e-02,7.900000e-01,0.0,1.000000e+00,-2.098140e-09,1.338805e-08
7.000000e-02,7.900000e-01,0.0,1.000000e+00,-2.363482e-09,1.446834e-08
8.000000e-02,7.900000e-01,0.0,1.000000e+00,-2.587246e-09,1.574476e-08
9.000000e-02,7.900000e-01,0.0,1.000000e+00,-2.762371e-09,1.721588e-08
1.000000e-01,7.900000e-01,0.0,1.000000e+00,-2.879922e-09,1.886777e-08
1.100000e-01,7.900000e-01,0.0,1.000000e+00,-2.929855e-09,2.066943e-08
1.200000e-01,7.900000e-01,0.0,1.000000e+00,-2.902653e-09,2.257156e-08
1.300000e-01,7.900000e-01,0.0,1.000000e+00,-2.791282e-09,2.450910e-08
1.400000e-01,7.900000e-01,0.0,1.000000e+00,-2.592830e-09,2.640641e-08
1.500000e-01,7.900000e-01,0.0,1.000000e+00,-2.309423e-09,2.818324e-08
1.600000e-01,7.900000e-01,0.0,1.000000e+00,-1.948255e-09,2.976110e-08
1.700000e-01,7.900000e-01,0.0,1.000000e+00,-1.520845e-09,3.106895e-08
1.800000e-01,7.900000e-01,0.0,1.000000e+00,-1.041699e-09,3.204844e-08
1.900000e-01,7.900000e-01,0.0,1.000000e+00,-5.265469e-10,3.265744e-08
2.000000e-01,7.900000e-01,0.0,1.000000e+00,5.956249e-12,3.285364e-08
2.100000e-01,7.900000e-01,0.0,1.000000e+00,5.397273e-10,3.265321e-08
2.200000e-01,7.900000e-01,0.0,1.000000e+00,1.058874e-09,3.203909e-08
2.300000e-01,7.900000e-01,0.0,1.000000e+00,1.545240e-09,3.105257e-08
2.400000e-01,7.900000e-01,0.0,1.000000e+00,1.983957e-09,2.973451e-08
2.500000e-01,7.900000e-01,0.0,1.000000e+00,2.361759e-09,2.814166e-08
2.600000e-01,7.900000e-01,0.0,1.000000e+00,2.668745e-09,2.634296e-08
2.700000e-01,7.900000e-01,0.0,1.000000e+00,2.899719e-09,2.441408e-08
2.800000e-01,7.900000e-01,0.0,1.000000e+00,3.054896e-09,2.243162e-08
2.900000e-01,7.900000e-01,0.0,1.000000e+00,3.139801e-09,2.046647e-08
3.000000e-01,7.900000e-01,0.0,1.000000e+00,3.164211e-09,1.857750e-08
3.100000e-01,7.900000e-01,0.0,1.000000e+00,3.140274e-09,1.680620e-08
3.200000e-01,7.900000e-01,0.0,1.000000e+00,3.080244e-09,1.517399e-08
3.300000e-01,7.900000e-01,0.0,1.000000e+00,2.994480e-09,1.368351e-08
3.400000e-01,7.900000e-01,0.0,1.000000e+00,2.890331e-09,1.232383e-08
3.500000e-01,7.900000e-01,0.0,1.000000e+00,2.772095e-09,1.107740e-08
3.600000e-01,7.900000e-01,0.0,1.000000e+00,2.641773e-09,9.926168e-09
3.700000e-01,7.900000e-01,0.0,1.000000e+00,2.500118e-09,8.855495e-09
3.800000e-01,7.900000e-01,0.0,1.000000e+00,2.347611e-09,7.855579e-09
3.900000e-01,7.900000e-01,0.0,1.000000e+00,2.185120e-09,6.921218e-09
4.000000e-01,7.900000e-01,0.0,1.000000e+00,2.014246e-09,6.050726e-09
4.100000e-01,7.900000e-01,0.0,1.000000e+00,1.837373e-09,5.244600e-09
4.200000e-01,7.900000e-01,0.0,1.000000e+00,1.657505e-09,4.504252e-09
4.300000e-01,7.900000e-01,0.0,1.000000e+00,1.477983e-09,3.831005e-09
4.400000e-01,7.900000e-01,0.0,1.000000e+00,1.302170e-09,3.225413e-09
4.500000e-01,7.900000e-01,0.0,1.000000e+00,1.133178e-09,2.686911e-09
4.600000e-01,7.900000e-01,0.0,1.000000e+00,9.736714e-10,2.213739e-09
4.700000e-01,7.900000e-01,0.0,1.000000e+00,8.257570e-10,1.803028e-09
4.800000e-01,7.900000e-01,0.0,1.000000e+00,6.909444e-10,1.450991e-09
4.900000e-01,7.900000e-01,0.0,1.000000e+00,5.701531e-10,1.153140e-09
5.000000e-01,7.900000e-01,0.0,1.000000e+00,4.637548e-10,9.045075e-10
5.100000e-01,7.900000e-01,0.0,1.000000e+00,3.716315e-10,6.998520e-10
5.200000e-01,7.900000e-01,0.0,1.000000e+00,2.932471e-10,5.338402e-10
5.300000e-01,7.900000e-01,0.0,1.000000e+00,2.277305e-10,4.012151e-10
5.400000e-01,7.900000e-01,0.0,1.000000e+00,1.739585e-10,2.969310e-10
5.500000e-01,7.900000e-01,0.0,1.000000e+00,1.306418e-10,2.162757e-10
5.600000e-01,7.900000e-01,0.0,1.000000e+00,9.640889e-11,1.549545e-10
5.700000e-01,7.900000e-01,0.0,1.000000e+00,6.987847e-11,1.091501e-10
5.800000e-01,7.900000e-01,0.0,1.000000e+00,4.972431e-11,7.555455e-11
5.900000e-01,7.900000e-01,0.0,1.000000e+00,3.472236e-11,5.137088e-11
6.000000e-01,7.900000e-01,0.0,1.000000e+00,2.378492e-11,3.429306e-11
6.100000e-01,7.900000e-01,0.0,1.000000e+00,1.597658e-11,2.246761e-11
6.200000e-01,7.900000e-01,0.0,1.000000e+00,1.052000e-11,1.444125e-11
6.300000e-01,7.900000e-01,0.0,1.000000e+00,6.787972e-12,9.103647e-12
6.400000e-01,7.900000e-01,0.0,1.000000e+00,4.290817e-12,5.626602e-12
6.500000e-01,7.900000e-01,0.0,1.000000e+00,2.656424e-12,3.408252e-12
6.600000e-01,7.900000e-01,0.0,1.000000e+00,1.610446e-12,2.023180e-12
6.700000e-01,7.900000e-01,0.0,1.000000e+00,9.558725e-13,1.176379e-12
6.800000e-01,7.900000e-01,0.0,1.000000e+00,5.550877e-13,6.696404e-13
6.900000e-01,7.900000e-01,0.0,1.000000e+00,3.154991e-13,3.734518e-13
7.000000e-01,7.900000e-01,0.0,1.000000e+00,1.753762e-13,2.034878e-13
7.100000e-01,7.900000e-01,0.0,1.000000e+00,9.525824e-14,1.088279e-13
7.200000e-01,7.900000e-01,0.0,1.000000e+00,5.060337e-14,5.682056e-14
7.300000e-01,7.900000e-01,0.0,1.000000e+00,2.605901e-14,2.897839e-14
7.400000e-01,7.900000e-01,0.0,1.000000e+00,1.329998e-14,1.454350e-14
7.500000e-01,7.900000e-01,0.0,1.000000e+00,6.542013e-15,7.190789e-15
7.600000e-01,7.900000e-01,0.0,1.000000e+00,3.081880e-15,3.406243e-15
7.700000e-01,7.900000e-01,0.0,1.000000e+00,1.405835e-15,1.568044e-15
7.800000e-01,7.900000e-01,0.0,1.000000e+00,6.489417e-16,6.489417e-16
7.900000e-01,7.900000e-01,0.0,1.000000e+00,1.081595e-16,1.081595e-16
8.000000e-01,7.900000e-01,0.0,1.000000e+00,0.000000e+00,0.000000e+00
8.100000e-01,7.900000e-01,0.0,1.000000e+00,0.000000e+00,0.000000e+00
8.200000e-01,7.900000e-01,0.0,1.000000e+00,0.000000e+00,0.000000e+00
8.300000e-01,7.900000e-01,0.0,1.000000e+00,0.000000e+00,0.000000e+00
8.400000e-01,7.900000e-01,0.0,1.000000e+00,0.000000e+00,0.000000e+00
8.500000e-01,7.900000e-01,0.0,1.000000e+00,0.000000e+00,0.000000e+00
8.600000e-01,7.900000e-01,0.0,1.000000e+00,0.000000e+00,0.000000e+00
8.700000e-01,7.900000e-01,0.0,1.000000e+00,0.000000e+00,0.000000e+00
8.800000e-01,7.900000e-01,0.0,1.000000e+00,0.000000e+00,0.000000e+00
8.900000e-01,7.900000e-01,0.0,1.000000e+00,0.000000e+00,0.000000e+00
9.000000e-01,7.900000e-01,0.0,1.000000e+00,0.000000e+00,0.000000e+00
9.100000e-01,7.900000e-01,0.0,1.000000e+00,0.000000e+00,0.000000e+00
9.200000e-01,7.900000e-01,0.0,1.000000e+00,0.000000e+00,0.000000e+00
9.300000e-01,7.900000e-01,0.0,1.000000e+00,0.000000e+00,0.000000e+00
9.400000e-01,7.900000e-01,0.0,1.000000e+00,0.000000e+00,0.000000e+00
9.500000e-01,7.900000e-01,0.0,1.000000e+00,0.000000e+00,0.000000e+00
9.600000e-01,7.900000e-01,0.0,1.000000e+00,0.000000e+00,0.000000e+00
9.700000e-01,7.900000e-01,0.0,1.000000e+00,0.000000e+00,0.000000e+00
9.800000e-01,7.900000e-01,0.0,1.000000e+00,0.000000e+00,0.000000e+00
9.900000e-01,7.900000e-01,0.0,1.000000e+00,0.000000e+00,0.000000e+00
1.000000e+00,7.900000e-01,0.0,1.000000e+00,0.000000e+00,0.000000e+00
0.000000e+00,8.000000e-01,0.0,1.000000e+00,-3.716123e-11,7.731890e-09
1.000000e-02,8.000000e-01,0.0,1.000000e+00,-2.470475e-10,7.604152e-09
2.000000e-02,8.000000e-01,0.0,1.000000e+00,-5.255439e-10,7.748216e-09
3.000000e-02,8.000000e-01,0.0,1.000000e+00,-7.907712e-10,8.008082e-09
4.000000e-02,8.000000e-01,0.0,1.000000e+00,-1.036860e-09,8.380183e-09
5.000000e-02,8.000000e-01,0.0,1.000000e+00,-1.258501e-09,8.859254e-09
6.000000e-02,8.000000e-01,0.0,1.000000e+00,-1.451303e-09,9.439236e-09
7.000000e-02,8.000000e-01,0.0,1.000000e+00,-1.611567e-09,1.011287e-08
8.000000e-02,8.000000e-01,0.0,1.000000e+00,-1.735974e-09,1.087126e-08
9.000000e-02,8.000000e-01,0.0,1.000000e+00,-1.821337e-09,1.170292e-08
1.000000e-01,8.000000e-01,0.0,1.000000e+00,-1.864556e-09,1.259272e-08
1.100000e-01,8.000000e-01,0.0,1.000000e+00,-1.862815e-09,1.352094e-08
1.200000e-01,8.000000e-01,0.0,1.000000e+00,-1.814006e-09,1.446307e-08
1.300000e-01,8.000000e-01,0.0,1.000000e+00,-1.717274e-09,1.539061e-08
1.400000e-01,8.000000e-01,0.0,1.000000e+00,-1.573505e-09,1.627271e-08
1.500000e-01,8.000000e-01,0.0,1.000000e+00,-1.385577e-09,1.707849e-08
1.600000e-01,8.000000e-01,0.0,1.000000e+00,-1.158288e-09,1.777931e-08
1.700000e-01,8.000000e-01,0.0,1.000000e+00,-8.980032e-10,1.835059e-08
1.800000e-01,8.000000e-01,0.0,1.000000e+00,-6.121695e-10,1.877297e-08
1.900000e-01,8.000000e-01,0.0,1.000000e+00,-3.085558e-10,1.903207e-08
2.000000e-01,8.000000e-01,0.0,1.000000e+00,3.859981e-12,1.911579e-08
2.100000e-01,8.000000e-01,0.0,1.000000e+00,3.171263e-10,1.902915e-08
2.200000e-01,8.000000e-01,0.0,1.000000e+00,6.234079e-10,1.876649e-08
2.300000e-01,8.000000e-01,0.0,1.000000e+00,9.140880e-10,1.833918e-08
2.400000e-01,8.000000e-01,0.0,1.000000e+00,1.181993e-09,1.776067e-08
2.500000e-01,8.000000e-01,0.0,1.000000e+00,1.420537e-09,1.704912e-08
2.600000e-01,8.000000e-01,0.0,1.000000e+00,1.624483e-09,1.622749e-08
2.700000e-01,8.000000e-01,0.0,1.000000e+00,1.790412e-09,1.532224e-08
2.800000e-01,8.000000e-01,0.0,1.000000e+00,1.917059e-09,1.436142e-08
2.900000e-01,8.000000e-01,0.0,1.000000e+00,2.005313e-09,1.337216e-08
3.000000e-01,8.000000e-01,0.0,1.000000e+00,2.057856e-09,1.237830e-08
3.100000e-01,8.000000e-01,0.0,1.000000e+00,2.078532e-09,1.139867e-08
3.200000e-01,8.000000e-01,0.0,1.000000e+00,2.071609e-09,1.044635e-08
3.300000e-01,8.000000e-01,0.0,1.000000e+00,2.041156e-09,9.529071e-09
3.400000e-01,8.000000e-01,0.0,1.000000e+00,1.990652e-09,8.650528e-09
3.500000e-01,8.000000e-01,0.0,1.000000e+00,1.922877e-09,7.811961e-09
3.600000e-01,8.000000e-01,0.0,1.000000e+00,1.840038e-09,7.013621e-09
3.700000e-01,8.000000e-01,0.0,1.000000e+00,1.744026e-09,6.255819e-09
3.800000e-01,8.000000e-01,0.0,1.000000e+00,1.636687e-09,5.539469e-09
3.900000e-01,8.000000e-01,0.0,1.000000e+00,1.520042e-09,4.866185e-09
4.000000e-01,8.000000e-01,0.0,1.000000e+00,1.396389e-09,4.238057e-09
4.100000e-01,8.000000e-01,0.0,1.000000e+00,1.268286e-09,3.657257e-09
4.200000e-01,8.000000e-01,0.0,1.000000e+00,1.138440e-09,3.125615e-09
4.300000e-01,8.000000e-01,0.0,1.000000e+00,1.009554e-09,2.644271e-09
4.400000e-01,8.000000e-01,0.0,1.000000e+00,8.841581e-10,2.213476e-09
4.500000e-01,8.000000e-01,0.0,1.000000e+00,7.644809e-10,1.832516e-09
4.600000e-01,8.000000e-01,0.0,1.000000e+00,6.523588e-10,1.499763e-09
4.700000e-01,8.000000e-01,0.0,1.000000e+00,5.491886e-10,1.212790e-09
4.800000e-01,8.000000e-01,0.0,1.000000e+00,4.559192e-10,9.685257e-10
4.900000e-01,8.000000e-01,0.0,1.000000e+00,3.730668e-10,7.634199e-10
5.000000e-01,8.000000e-01,0.0,1.000000e+00,3.007502e-10,5.936083e-10
5.100000e-01,8.000000e-01,0.0,1.000000e+00,2.387405e-10,4.550668e-10
5.200000e-01,8.000000e-01,0.0,1.000000e+00,1.865202e-10,3.437501e-10
5.300000e-01,8.000000e-01,0.0,1.000000e+00,1.433445e-10,2.557182e-10
5.400000e-01,8.000000e-01,0.0,1.000000e+00,1.083116e-10,1.872384e-10
5.500000e-01,8.000000e-01,0.0,1.000000e+00,8.042569e-11,1.348698e-10
5.600000e-01,8.000000e-01,0.0,1.000000e+00,5.865972e-11,9.552213e-11
5.700000e-01,8.000000e-01,0.0,1.000000e+00,4.200643e-11,6.648970e-11
5.800000e-01,8.000000e-01,0.0,1.000000e+00,2.952206e-11,4.546409e-11
5.900000e-01,8.000000e-01,0.0,1.000000e+00,2.035433e-11,3.052565e-11
6.000000e-01,8.000000e-01,0.0,1.000000e+00,1.376240e-11,2.011734e-11
6.100000e-01,8.000000e-01,0.0,1.000000e+00,9.122454e-12,1.300805e-11
6.200000e-01,8.000000e-01,0.0,1.000000e+00,5.926293e-12,8.250082e-12
6.300000e-01,8.000000e-01,0.0,1.000000e+00,3.771668e-12,5.130268e-12
6.400000e-01,8.000000e-01,0.0,1.000000e+00,2.351275e-12,3.127214e-12
6.500000e-01,8.000000e-01,0.0,1.000000e+00,1.435300e-12,1.868036e-12
6.600000e-01,8.000000e-01,0.0,1.000000e+00,8.577565e-13,1.093292e-12
6.700000e-01,8.000000e-01,0.0,1.000000e+00,5.015691e-13,6.265552e-13
6.800000e-01,8.000000e-01,0.0,1.000000e+00,2.870093e-13,3.514495e-13
6.900000e-01,8.000000e-01,0.0,1.000000e+00,1.603472e-13,1.929458e-13
7.000000e-01,8.000000e-01,0.0,1.000000e+00,8.785180e-14,1.034755e-13
7.100000e-01,8.000000e-01,0.0,1.000000e+00,4.698128e-14,5.449582e-14
7.200000e-01,8.000000e-01,0.0,1.000000e+00,2.454514e-14,2.795134e-14
7.300000e-01,8.000000e-01,0.0,1.000000e+00,1.259701e-14,1.373245e-14
7.400000e-01,8.000000e-01,0.0,1.000000e+00,6.379774e-15,6.812372e-15
7.500000e-01,8.000000e-01,0.0,1.000000e+00,3.027799e-15,3.244043e-15
7.600000e-01,8.000000e-01,0.0,1.000000e+00,1.351784e-15,1.459885e-15
7.700000e-01,8.000000e-01,0.0,1.000000e+00,6.489417e-16,6.489417e-16
7.800000e-01,8.000000e-01,0.0,1.000000e+00,1.081595e-16,1.081595e-16
7.900000e-01,8.000000e-01,0.0,1.000000e+00,0.000000e+00,0.000000e+00
8.000000e-01,8.000000e-01,0.0,1.000000e+00,0.000000e+00,0.000000e+00
8.100000e-01,8.000000e-01,0.0,1.000000e+00,0.000000e+00,0.000000e+00
8.200000e-01,8.000000e-01,0.0,1.000000e+00,0.000000e+00,0.000000e+00
8.300000e-01,8.000000e-01,0.0,1.000000e+00,0.000000e+00,0.000000e+00
8.400000e-01,8.000000e-01,0.0,1.000000e+00,0.000000e+00,0.000000e+00
8.500000e-01,8.000000e-01,0.0,1.000000e+00,0.000000e+00,0.000000e+00
8.600000e-01,8.000000e-01,0.0,1.000000e+00,0.000000e+00,0.000000e+00
8.700000e-01,8.000000e-01,0.0,1.000000e+00,0.000000e+00,0.000000e+00
8.800000e-01,8.000000e-01,0.0,1.000000e+00,0.000000e+00,0.000000e+00
8.900000e-01,8.000000e-01,0.0,1.000000e+00,0.000000e+00,0.000000e+00
9.000000e-01,8.000000e-01,0.0,1.000000e+00,0.000000e+00,0.000000e+00
9.100000e-01,8.000000e-01,0.0,1.000000e+00,0.000000e+00,0.000000e+00
9.200000e-01,8.000000e-01,0.0,1.000000e+00,0.000000e+00,0.000000e+00
9.300000e-01,8.000000e-01,0.0,1.000000e+00,0.000000e+00,0.000000e+00
9.400000e-01,8.000000e-01,0.0,1.000000e+00,0.000000e+00,0.000000e+00
9.500000e-01,8.000000e-01,0.0,1.000000e+00,0.000000e+00,0.000000e+00
9.600000e-01,8.000000e-01,0.0,1.000000e+00,0.000000e+00,0.000000e+00
9.700000e-01,8.000000e-01,0.0,1.000000e+00,0.000000e+00,0.000000e+00
9.800000e-01,8.000000e-01,0.0,1.000000e+00,0.000000e+00,0.000000e+00
9.900000e-01,8.000000e-01,0.0,1.000000e+00,0.000000e+00,0.000000e+00
1.000000e+00,8.000000e-01,0.0,1.000000e+00,0.000000e+00,0.000000e+00
0.000000e+00,8.100000e-01,0.0,1.000000e+00,-2.897604e-11,5.388255e-09
1.000000e-02,8.100000e-01,0.0,1.000000e+00,-1.812175e-10,5.321343e-09
2.000000e-02,8.100000e-01,0.0,1.000000e+00,-3.780329e-10,5.432554e-09
3.000000e-02,8.100000e-01,0.0,1.000000e+00,-5.643910e-10,5.625728e-09
4.000000e-02,8.100000e-01,0.0,1.000000e+00,-7.357952e-10,5.896536e-09
5.000000e-02,8.100000e-01,0.0,1.000000e+00,-8.881778e-10,6.238941e-09
6.000000e-02,8.100000e-01,0.0,1.000000e+00,-1.018255e-09,6.645809e-09
7.000000e-02,8.100000e-01,0.0,1.000000e+00,-1.123433e-09,7.108982e-09
8.000000e-02,8.100000e-01,0.0,1.000000e+00,-1.201659e-09,7.619258e-09
9.000000e-02,8.100000e-01,0.0,1.000000e+00,-1.251305e-09,8.166225e-09
1.000000e-01,8.100000e-01,0.0,1.000000e+00,-1.271114e-09,8.738037e-09
1.100000e-01,8.100000e-01,0.0,1.000000e+00,-1.260236e-09,9.321288e-09
1.200000e-01,8.100000e-01,0.0,1.000000e+00,-1.218362e-09,9.901106e-09
1.300000e-01,8.100000e-01,0.0,1.000000e+00,-1.145896e-09,1.046156e-08
1.400000e-01,8.100000e-01,0.0,1.000000e+00,-1.044113e-09,1.098638e-08
1.500000e-01,8.100000e-01,0.0,1.000000e+00,-9.152448e-10,1.145981e-08
1.600000e-01,8.100000e-01,0.0,1.000000e+00,-7.624391e-10,1.186757e-08
1.700000e-01,8.100000e-01,0.0,1.000000e+00,-5.896184e-10,1.219751e-08
1.800000e-01,8.100000e-01,0.0,1.000000e+00,-4.012817e-10,1.244006e-08
1.900000e-01,8.100000e-01,0.0,1.000000e+00,-2.021901e-10,1.258805e-08
2.000000e-01,8.100000e-01,0.0,1.000000e+00,2.443703e-12,1.263658e-08
2.100000e-01,8.100000e-01,0.0,1.000000e+00,2.076327e-10,1.258600e-08
2.200000e-01,8.100000e-01,0.0,1.000000e+00,4.084678e-10,1.243550e-08
2.300000e-01,8.100000e-01,0.0,1.000000e+00,5.999790e-10,1.218945e-08
2.400000e-01,8.100000e-01,0.0,1.000000e+00,7.778083e-10,1.185434e-08
2.500000e-01,8.100000e-01,0.0,1.000000e+00,9.380387e-10,1.143887e-08
2.600000e-01,8.100000e-01,0.0,1.000000e+00,1.077509e-09,1.095397e-08
2.700000e-01,8.100000e-01,0.0,1.000000e+00,1.194004e-09,1.041235e-08
2.800000e-01,8.100000e-01,0.0,1.000000e+00,1.286385e-09,9.827673e-09
2.900000e-01,8.100000e-01,0.0,1.000000e+00,1.354576e-09,9.213558e-09
3.000000e-01,8.100000e-01,0.0,1.000000e+00,1.399416e-09,8.582643e-09
3.100000e-01,8.100000e-01,0.0,1.000000e+00,1.422409e-09,7.945865e-09
3.200000e-01,8.100000e-01,0.0,1.000000e+00,1.425431e-09,7.312101e-09
3.300000e-01,8.100000e-01,0.0,1.000000e+00,1.410472e-09,6.688213e-09
3.400000e-01,8.100000e-01,0.0,1.000000e+00,1.379471e-09,6.079377e-09
3.500000e-01,8.100000e-01,0.0,1.000000e+00,1.334251e-09,5.489578e-09
3.600000e-01,8.100000e-01,0.0,1.000000e+00,1.276547e-09,4.922104e-09
3.700000e-01,8.100000e-01,0.0,1.000000e+00,1.208086e-09,4.379920e-09
3.800000e-01,8.100000e-01,0.0,1.000000e+00,1.130672e-09,3.865856e-09
3.900000e-01,8.100000e-01,0.0,1.000000e+00,1.046242e-09,3.382627e-09
4.000000e-01,8.100000e-01,0.0,1.000000e+00,9.568602e-10,2.932699e-09
4.100000e-01,8.100000e-01,0.0,1.000000e+00,8.646670e-10,2.518120e-09
4.200000e-01,8.100000e-01,0.0,1.000000e+00,7.717921e-10,2.140336e-09
4.300000e-01,8.100000e-01,0.0,1.000000e+00,6.802544e-10,1.800074e-09
4.400000e-01,8.100000e-01,0.0,1.000000e+00,5.918694e-10,1.497291e-09
4.500000e-01,8.100000e-01,0.0,1.000000e+00,5.081810e-10,1.231198e-09
4.600000e-01,8.100000e-01,0.0,1.000000e+00,4.304175e-10,1.000334e-09
4.700000e-01,8.100000e-01,0.0,1.000000e+00,3.594727e-10,8.026687e-10
4.800000e-01,8.100000e-01,0.0,1.000000e+00,2.959084e-10,6.357296e-10
4.900000e-01,8.100000e-01,0.0,1.000000e+00,2.399733e-10,4.967260e-10
5.000000e-01,8.100000e-01,0.0,1.000000e+00,1.916347e-10,3.826747e-10
5.100000e-01,8.100000e-01,0.0,1.000000e+00,1.506177e-10,2.905166e-10
5.200000e-01,8.100000e-01,0.0,1.000000e+00,1.164541e-10,2.172217e-10
5.300000e-01,8.100000e-01,0.0,1.000000e+00,8.853124e-11,1.598795e-10
5.400000e-01,8.100000e-01,0.0,1.000000e+00,6.614477e-11,1.157751e-10
5.500000e-01,8.100000e-01,0.0,1.000000e+00,4.854558e-11,8.244279e-11
5.600000e-01,8.100000e-01,0.0,1.000000e+00,3.498444e-11,5.770336e-11
5.700000e-01,8.100000e-01,0.0,1.000000e+00,2.474495e-11,3.967899e-11
5.800000e-01,8.100000e-01,0.0,1.000000e+00,1.717187e-11,2.679460e-11
5.900000e-01,8.100000e-01,0.0,1.000000e+00,1.168718e-11,1.776219e-11
6.000000e-01,8.100000e-01,0.0,1.000000e+00,7.798527e-12,1.155380e-11
6.100000e-01,8.100000e-01,0.0,1.000000e+00,5.100180e-12,7.372135e-12
6.200000e-01,8.100000e-01,0.0,1.000000e+00,3.268142e-12,4.612690e-12
6.300000e-01,8.100000e-01,0.0,1.000000e+00,2.051531e-12,2.829148e-12
6.400000e-01,8.100000e-01,0.0,1.000000e+00,1.261072e-12,1.700675e-12
6.500000e-01,8.100000e-01,0.0,1.000000e+00,7.587752e-13,1.001663e-12
6.600000e-01,8.100000e-01,0.0,1.000000e+00,4.469152e-13,5.775781e-13
6.700000e-01,8.100000e-01,0.0,1.000000e+00,2.574385e-13,3.263117e-13
6.800000e-01,8.100000e-01,0.0,1.000000e+00,1.448858e-13,1.802959e-13
6.900000e-01,8.100000e-01,0.0,1.000000e+00,7.979657e-14,9.774498e-14
7.000000e-01,8.100000e-01,0.0,1.000000e+00,4.325095e-14,5.168456e-14
7.100000e-01,8.100000e-01,0.0,1.000000e+00,2.281526e-14,2.676160e-14
7.200000e-01,8.100000e-01,0.0,1.000000e+00,1.119161e-14,1.346212e-14
7.300000e-01,8.100000e-01,0.0,1.000000e+00,5.731094e-15,6.650123e-15
7.400000e-01,8.100000e-01,0.0,1.000000e+00,2.865673e-15,3.190010e-15
7.500000e-01,8.100000e-01,0.0,1.000000e+00,1.297702e-15,1.405864e-15
7.600000e-01,8.100000e-01,0.0,1.000000e+00,6.489417e-16,6.489417e-16
7.700000e-01,8.100000e-01,0.0,1.000000e+00,1.081595e-16,1.081595e-16
7.800000e-01,8.100000e-01,0.0,1.000000e+00,0.000000e+00,0.000000e+00
7.900000e-01,8.100000e-01,0.0,1.000000e+00,0.000000e+00,0.000000e+00
8.000000e-01,8.100000e-01,0.0,1.000000e+00,0.000000e+00,0.000000e+00
8.100000e-01,8.100000e-01,0.0,1.000000e+00,0.000000e+00,0.000000e+00
8.200000e-01,8.100000e-01,0.0,1.000000e+00,0.000000e+00,0.000000e+00
8.300000e-01,8.100000e-01,0.0,1.000000e+00,0.000000e+00,0.000000e+00
8.400000e-01,8.100000e-01,0.0,1.000000e+00,0.000000e+00,0.000000e+00
8.500000e-01,8.100000e-01,0.0,1.000000e+00,0.000000e+00,0.000000e+00
8.600000e-01,8.100000e-01,0.0,1.000000e+00,0.000000e+00,0.000000e+00
8.700000e-01,8.100000e-01,0.0,1.000000e+00,0.000000e+00,0.000000e+00
8.800000e-01,8.100000e-01,0.0,1.000000e+00,0.000000e+00,0.000000e+00
8.900000e-01,8.100000e-01,0.0,1.000000e+00,0.000000e+00,0.000000e+00
9.000000e-01,8.100000e-01,0.0,1.000000e+00,0.000000e+00,0.000000e+00
9.100000e-01,8.100000e-01,0.0,1.000000e+00,0.000000e+00,0.000000e+00
9.200000e-01,8.100000e-01,0.0,1.000000e+00,0.000000e+00,0.000000e+00
9.300000e-01,8.100000e-01,0.0,1.000000e+00,0.000000e+00,0.000000e+00
9.400000e-01,8.100000e-01,0.0,1.000000e+00,0.000000e+00,0.000000e+00
9.500000e-01,8.100000e-01,0.0,1.000000e+00,0.000000e+00,0.000000e+00
9.600000e-01,8.100000e-01,0.0,1.000000e+00,0.000000e+00,0.000000e+00
9.700000e-01,8.100000e-01,0.0,1.000000e+00,0.000000e+00,0.000000e+00
9.800000e-01,8.100000e-01,0.0,1.000000e+00,0.000000e+00,0.000000e+00
9.900000e-01,8.100000e-01,0.0,1.000000e+00,0.000000e+00,0.000000e+00
1.000000e+00,8.100000e-01,0.0,1.000000e+00,0.000000e+00,0.000000e+00
0.000000e+00,8.200000e-01,0.0,1.000000e+00,-2.171216e-11,3.708898e-09
1.000000e-02,8.200000e-01,0.0,1.000000e+00,-1.305104e-10,3.673979e-09
2.000000e-02,8.200000e-01,0.0,1.000000e+00,-2.687059e-10,3.757701e-09
3.000000e-02,8.200000e-01,0.0,1.000000e+00,-3.992364e-10,3.900430e-09
4.000000e-02,8.200000e-01,0.0,1.000000e+00,-5.187959e-10,4.098342e-09
5.000000e-02,8.200000e-01,0.0,1.000000e+00,-6.244133e-10,4.346246e-09
6.000000e-02,8.200000e-01,0.0,1.000000e+00,-7.137084e-10,4.637994e-09
7.000000e-02,8.200000e-01,0.0,1.000000e+00,-7.848561e-10,4.966685e-09
8.000000e-02,8.200000e-01,0.0,1.000000e+00,-8.365221e-10,5.324798e-09
9.000000e-02,8.200000e-01,0.0,1.000000e+00,-8.677889e-10,5.704234e-09
1.000000e-01,8.200000e-01,0.0,1.000000e+00,-8.781037e-10,6.096319e-09
1.100000e-01,8.200000e-01,0.0,1.000000e+00,-8.672617e-10,6.491813e-09
1.200000e-01,8.200000e-01,0.0,1.000000e+00,-8.354350e-10,6.881007e-09
1.300000e-01,8.200000e-01,0.0,1.000000e+00,-7.832249e-10,7.253933e-09
1.400000e-01,8.200000e-01,0.0,1.000000e+00,-7.117195e-10,7.600682e-09
1.500000e-01,8.200000e-01,0.0,1.000000e+00,-6.225238e-10,7.911816e-09
1.600000e-01,8.200000e-01,0.0,1.000000e+00,-5.177472e-10,8.178777e-09
1.700000e-01,8.200000e-01,0.0,1.000000e+00,-3.999435e-10,8.394240e-09
1.800000e-01,8.200000e-01,0.0,1.000000e+00,-2.720220e-10,8.552356e-09
1.900000e-01,8.200000e-01,0.0,1.000000e+00,-1.370938e-10,8.648719e-09
2.000000e-01,8.200000e-01,0.0,1.000000e+00,1.501585e-12,8.680539e-09
2.100000e-01,8.200000e-01,0.0,1.000000e+00,1.404489e-10,8.647320e-09
2.200000e-01,8.200000e-01,0.0,1.000000e+00,2.764848e-10,8.549233e-09
2.300000e-01,8.200000e-01,0.0,1.000000e+00,4.064283e-10,8.388700e-09
2.400000e-01,8.200000e-01,0.0,1.000000e+00,5.274353e-10,8.169650e-09
2.500000e-01,8.200000e-01,0.0,1.000000e+00,6.369811e-10,7.897307e-09
2.600000e-01,8.200000e-01,0.0,1.000000e+00,7.330163e-10,7.578155e-09
2.700000e-01,8.200000e-01,0.0,1.000000e+00,8.140557e-10,7.219631e-09
2.800000e-01,8.200000e-01,0.0,1.000000e+00,8.792246e-10,6.829718e-09
2.900000e-01,8.200000e-01,0.0,1.000000e+00,9.282474e-10,6.416476e-09
3.000000e-01,8.200000e-01,0.0,1.000000e+00,9.613742e-10,5.987594e-09
3.100000e-01,8.200000e-01,0.0,1.000000e+00,9.792644e-10,5.550071e-09
3.200000e-01,8.200000e-01,0.0,1.000000e+00,9.828589e-10,5.110031e-09
3.300000e-01,8.200000e-01,0.0,1.000000e+00,9.732681e-10,4.672713e-09
3.400000e-01,8.200000e-01,0.0,1.000000e+00,9.516967e-10,4.242580e-09
3.500000e-01,8.200000e-01,0.0,1.000000e+00,9.194141e-10,3.823490e-09
3.600000e-01,8.200000e-01,0.0,1.000000e+00,8.777559e-10,3.418866e-09
3.700000e-01,8.200000e-01,0.0,1.000000e+00,8.281394e-10,3.031802e-09
3.800000e-01,8.200000e-01,0.0,1.000000e+00,7.720776e-10,2.665100e-09
3.900000e-01,8.200000e-01,0.0,1.000000e+00,7.111683e-10,2.321227e-09
4.000000e-01,8.200000e-01,0.0,1.000000e+00,6.470602e-10,2.002235e-09
4.100000e-01,8.200000e-01,0.0,1.000000e+00,5.813980e-10,1.709668e-09
4.200000e-01,8.200000e-01,0.0,1.000000e+00,5.157576e-10,1.444493e-09
4.300000e-01,8.200000e-01,0.0,1.000000e+00,4.515846e-10,1.207070e-09
4.400000e-01,8.200000e-01,0.0,1.000000e+00,3.901397e-10,9.971551e-10
4.500000e-01,8.200000e-01,0.0,1.000000e+00,3.324604e-10,8.139522e-10
4.600000e-01,8.200000e-01,0.0,1.000000e+00,2.793406e-10,6.561822e-10
4.700000e-01,8.200000e-01,0.0,1.000000e+00,2.313264e-10,5.221745e-10
4.800000e-01,8.200000e-01,0.0,1.000000e+00,1.887222e-10,4.099604e-10
4.900000e-01,8.200000e-01,0.0,1.000000e+00,1.516101e-10,3.173721e-10
5.000000e-01,8.200000e-01,0.0,1.000000e+00,1.198769e-10,2.421374e-10
5.100000e-01,8.200000e-01,0.0,1.000000e+00,9.324797e-11,1.819649e-10
5.200000e-01,8.200000e-01,0.0,1.000000e+00,7.132293e-11,1.346220e-10
5.300000e-01,8.200000e-01,0.0,1.000000e+00,5.361764e-11,9.799931e-11
5.400000e-01,8.200000e-01,0.0,1.000000e+00,3.959841e-11,7.016104e-11
5.500000e-01,8.200000e-01,0.0,1.000000e+00,2.871726e-11,4.937746e-11
5.600000e-01,8.200000e-01,0.0,1.000000e+00,2.044281e-11,3.414481e-11
5.700000e-01,8.200000e-01,0.0,1.000000e+00,1.427868e-11,2.318969e-11
5.800000e-01,8.200000e-01,0.0,1.000000e+00,9.782213e-12,1.546217e-11
5.900000e-01,8.200000e-01,0.0,1.000000e+00,6.571082e-12,1.011783e-11
6.000000e-01,8.200000e-01,0.0,1.000000e+00,4.326551e-12,6.494834e-12
6.100000e-01,8.200000e-01,0.0,1.000000e+00,2.791479e-12,4.088893e-12
6.200000e-01,8.200000e-01,0.0,1.000000e+00,1.764274e-12,2.523675e-12
6.300000e-01,8.200000e-01,0.0,1.000000e+00,1.091818e-12,1.526556e-12
6.400000e-01,8.200000e-01,0.0,1.000000e+00,6.616319e-13,9.046286e-13
6.500000e-01,8.200000e-01,0.0,1.000000e+00,3.923689e-13,5.251946e-13
6.600000e-01,8.200000e-01,0.0,1.000000e+00,2.277596e-13,2.984167e-13
6.700000e-01,8.200000e-01,0.0,1.000000e+00,1.291000e-13,1.661860e-13
6.800000e-01,8.200000e-01,0.0,1.000000e+00,7.152513e-14,9.050073e-14
6.900000e-01,8.200000e-01,0.0,1.000000e+00,3.865555e-14,4.844084e-14
7.000000e-01,8.200000e-01,0.0,1.000000e+00,2.059862e-14,2.513990e-14
7.100000e-01,8.200000e-01,0.0,1.000000e+00,1.070505e-14,1.275941e-14
7.200000e-01,8.200000e-01,0.0,1.000000e+00,5.190432e-15,6.379789e-15
7.300000e-01,8.200000e-01,0.0,1.000000e+00,2.541217e-15,3.190013e-15
7.400000e-01,8.200000e-01,0.0,1.000000e+00,1.405862e-15,1.459944e-15
7.500000e-01,8.200000e-01,0.0,1.000000e+00,5.407822e-16,6.489417e-16
7.600000e-01,8.200000e-01,0.0,1.000000e+00,1.081595e-16,1.081595e-16
7.700000e-01,8.200000e-01,0.0,1.000000e+00,0.000000e+00,0.000000e+00
7.800000e-01,8.200000e-01,0.0,1.000000e+00,0.000000e+00,0.000000e+00
7.900000e-01,8.200000e-01,0.0,1.000000e+00,0.000000e+00,0.000000e+00
8.000000e-01,8.200000e-01,0.0,1.000000e+00,0.000000e+00,0.000000e+00
8.100000e-01,8.200000e-01,0.0,1.000000e+00,0.000000e+00,0.000000e+00
8.200000e-01,8.200000e-01,0.0,1.000000e+00,0.000000e+00,0.000000e+00
8.300000e-01,8.200000e-01,0.0,1.000000e+00,0.000000e+00,0.000000e+00
8.400000e-01,8.200000e-01,0.0,1.000000e+00,0.000000e+00,0.000000e+00
8.500000e-01,8.200000e-01,0.0,1.000000e+00,0.000000e+00,0.000000e+00
8.600000e-01,8.200000e-01,0.0,1.000000e+00,0.000000e+00,0.000000e+00
8.700000e-01,8.200000e-01,0.0,1.000000e+00,0.000000e+00,0.000000e+00
8.800000e-01,8.200000e-01,0.0,1.000000e+00,0.000000e+00,0.000000e+00
8.900000e-01,8.200000e-01,0.0,1.000000e+00,0.000000e+00,0.000000e+00
9.000000e-01,8.200000e-01,0.0,1.000000e+00,0.000000e+00,0.000000e+00
9.100000e-01,8.200000e-01,0.0,1.000000e+00,0.000000e+00,0.000000e+00
9.200000e-01,8.200000e-01,0.0,1.000000e+00,0.000000e+00,0.000000e+00
9.300000e-01,8.200000e-01,0.0,1.000000e+00,0.000000e+00,0.000000e+00
9.400000e-01,8.200000e-01,0.0,1.000000e+00,0.000000e+00,0.000000e+00
9.500000e-01,8.200000e-01,0.0,1.000000e+00,0.000000e+00,0.000000e+00
9.600000e-01,8.200000e-01,0.0,1.000000e+00,0.000000e+00,0.000000e+00
9.700000e-01,8.200000e-01,0.0,1.000000e+00,0.000000e+00,0.000000e+00
9.800000e-01,8.200000e-01,0.0,1.000000e+00,0.000000e+00,0.000000e+00
9.900000e-01,8.200000e-01,0.0,1.000000e+00,0.000000e+00,0.000000e+00
1.000000e+00,8.200000e-01,0.0,1.000000e+00,0.000000e+00,0.000000e+00
0.000000e+00,8.300000e-01,0.0,1.000000e+00,-1.585380e-11,2.516576e-09
1.000000e-02,8.300000e-01,0.0,1.000000e+00,-9.243452e-11,2.499117e-09
2.000000e-02,8.300000e-01,0.0,1.000000e+00,-1.884658e-10,2.561087e-09
3.000000e-02,8.300000e-01,0.0,1.000000e+00,-2.791114e-10,2.665579e-09
4.000000e-02,8.300000e-01,0.0,1.000000e+00,-3.620094e-10,2.809579e-09
5.000000e-02,8.300000e-01,0.0,1.000000e+00,-4.350526e-10,2.989037e-09
6.000000e-02,8.300000e-01,0.0,1.000000e+00,-4.965416e-10,3.199136e-09
7.000000e-02,8.300000e-01,0.0,1.000000e+00,-5.451842e-10,3.434494e-09
8.000000e-02,8.300000e-01,0.0,1.000000e+00,-5.800660e-10,3.689322e-09
9.000000e-02,8.300000e-01,0.0,1.000000e+00,-6.006117e-10,3.957530e-09
1.000000e-01,8.300000e-01,0.0,1.000000e+00,-6.065426e-10,4.232794e-09
1.100000e-01,8.300000e-01,0.0,1.000000e+00,-5.978537e-10,4.508608e-09
1.200000e-01,8.300000e-01,0.0,1.000000e+00,-5.748069e-10,4.778364e-09
1.300000e-01,8.300000e-01,0.0,1.000000e+00,-5.379415e-10,5.035457e-09
1.400000e-01,8.300000e-01,0.0,1.000000e+00,-4.880923e-10,5.273454e-09
1.500000e-01,8.300000e-01,0.0,1.000000e+00,-4.264006e-10,5.486286e-09
1.600000e-01,8.300000e-01,0.0,1.000000e+00,-3.543059e-10,5.668463e-09
1.700000e-01,8.300000e-01,0.0,1.000000e+00,-2.735195e-10,5.815259e-09
1.800000e-01,8.300000e-01,0.0,1.000000e+00,-1.859798e-10,5.922868e-09
1.900000e-01,8.300000e-01,0.0,1.000000e+00,-9.376901e-11,5.988428e-09
2.000000e-01,8.300000e-01,0.0,1.000000e+00,8.948686e-13,6.010142e-09
2.100000e-01,8.300000e-01,0.0,1.000000e+00,9.577570e-11,5.987510e-09
2.200000e-01,8.300000e-01,0.0,1.000000e+00,1.886707e-10,5.920815e-09
2.300000e-01,8.300000e-01,0.0,1.000000e+00,2.774644e-10,5.811601e-09
2.400000e-01,8.300000e-01,0.0,1.000000e+00,3.602459e-10,5.662410e-09
2.500000e-01,8.300000e-01,0.0,1.000000e+00,4.353271e-10,5.476621e-09
2.600000e-01,8.300000e-01,0.0,1.000000e+00,5.013259e-10,5.258386e-09
2.700000e-01,8.300000e-01,0.0,1.000000e+00,5.572129e-10,5.012431e-09
2.800000e-01,8.300000e-01,0.0,1.000000e+00,6.023317e-10,4.743827e-09
2.900000e-01,8.300000e-01,0.0,1.000000e+00,6.363922e-10,4.457746e-09
3.000000e-01,8.300000e-01,0.0,1.000000e+00,6.594333e-10,4.159232e-09
3.100000e-01,8.300000e-01,0.0,1.000000e+00,6.717700e-10,3.853034e-09
3.200000e-01,8.300000e-01,0.0,1.000000e+00,6.739328e-10,3.543514e-09
3.300000e-01,8.300000e-01,0.0,1.000000e+00,6.666153e-10,3.234616e-09
3.400000e-01,8.300000e-01,0.0,1.000000e+00,6.506406e-10,2.929894e-09
3.500000e-01,8.300000e-01,0.0,1.000000e+00,6.269400e-10,2.632554e-09
3.600000e-01,8.300000e-01,0.0,1.000000e+00,5.965418e-10,2.345495e-09
3.700000e-01,8.300000e-01,0.0,1.000000e+00,5.605621e-10,2.071315e-09
3.800000e-01,8.300000e-01,0.0,1.000000e+00,5.201907e-10,1.812293e-09
3.900000e-01,8.300000e-01,0.0,1.000000e+00,4.766626e-10,1.570346e-09
4.000000e-01,8.300000e-01,0.0,1.000000e+00,4.312192e-10,1.346978e-09
4.100000e-01,8.300000e-01,0.0,1.000000e+00,3.850662e-10,1.143236e-09
4.200000e-01,8.300000e-01,0.0,1.000000e+00,3.393278e-10,9.596865e-10
4.300000e-01,8.300000e-01,0.0,1.000000e+00,2.950054e-10,7.964254e-10
4.400000e-01,8.300000e-01,0.0,1.000000e+00,2.529486e-10,6.530995e-10
4.500000e-01,8.300000e-01,0.0,1.000000e+00,2.138331e-10,5.289569e-10
4.600000e-01,8.300000e-01,0.0,1.000000e+00,1.781521e-10,4.229107e-10
4.700000e-01,8.300000e-01,0.0,1.000000e+00,1.462186e-10,3.336112e-10
4.800000e-01,8.300000e-01,0.0,1.000000e+00,1.181734e-10,2.595181e-10
4.900000e-01,8.300000e-01,0.0,1.000000e+00,9.400421e-11,1.989756e-10
5.000000e-01,8.300000e-01,0.0,1.000000e+00,7.356806e-11,1.502818e-10
5.100000e-01,8.300000e-01,0.0,1.000000e+00,5.661605e-11,1.117536e-10
5.200000e-01,8.300000e-01,0.0,1.000000e+00,4.282568e-11,8.178012e-11
5.300000e-01,8.300000e-01,0.0,1.000000e+00,3.182689e-11,5.886368e-11
5.400000e-01,8.300000e-01,0.0,1.000000e+00,2.322850e-11,4.165398e-11
5.500000e-01,8.300000e-01,0.0,1.000000e+00,1.664218e-11,2.896538e-11
5.600000e-01,8.300000e-01,0.0,1.000000e+00,1.169990e-11,1.978469e-11
5.700000e-01,8.300000e-01,0.0,1.000000e+00,8.068480e-12,1.326879e-11
5.800000e-01,8.300000e-01,0.0,1.000000e+00,5.456064e-12,8.734008e-12
5.900000e-01,8.300000e-01,0.0,1.000000e+00,3.616813e-12,5.640611e-12
6.000000e-01,8.300000e-01,0.0,1.000000e+00,2.349465e-12,3.572879e-12
6.100000e-01,8.300000e-01,0.0,1.000000e+00,1.495071e-12,2.218796e-12
6.200000e-01,8.300000e-01,0.0,1.000000e+00,9.319150e-13,1.350653e-12
6.300000e-01,8.300000e-01,0.0,1.000000e+00,5.685427e-13,8.055934e-13
6.400000e-01,8.300000e-01,0.0,1.000000e+00,3.397688e-13,4.706488e-13
6.500000e-01,8.300000e-01,0.0,1.000000e+00,1.985667e-13,2.691162e-13
6.600000e-01,8.300000e-01,0.0,1.000000e+00,1.135305e-13,1.511032e-13
6.700000e-01,8.300000e-01,0.0,1.000000e+00,6.330783e-14,8.249979e-14
6.800000e-01,8.300000e-01,0.0,1.000000e+00,3.438479e-14,4.438628e-14
6.900000e-01,8.300000e-01,0.0,1.000000e+00,1.832815e-14,2.324775e-14
7.000000e-01,8.300000e-01,0.0,1.000000e+00,9.569784e-15,1.200258e-14
7.100000e-01,8.300000e-01,0.0,1.000000e+00,4.757978e-15,5.947308e-15
7.200000e-01,8.300000e-01,0.0,1.000000e+00,2.270998e-15,2.973779e-15
7.300000e-01,8.300000e-01,0.0,1.000000e+00,9.733500e-16,1.514028e-15
7.400000e-01,8.300000e-01,0.0,1.000000e+00,3.244672e-16,5.407822e-16
7.500000e-01,8.300000e-01,0.0,1.000000e+00,5.407975e-17,1.081595e-16
7.600000e-01,8.300000e-01,0.0,1.000000e+00,0.000000e+00,0.000000e+00
7.700000e-01,8.300000e-01,0.0,1.000000e+00,0.000000e+00,0.000000e+00
7.800000e-01,8.300000e-01,0.0,1.000000e+00,0.000000e+00,0.000000e+00
7.900000e-01,8.300000e-01,0.0,1.000000e+00,0.000000e+00,0.000000e+00
8.000000e-01,8.300000e-01,0.0,1.000000e+00,0.000000e+00,0.000000e+00
8.100000e-01,8.300000e-01,0.0,1.000000e+00,0.000000e+00,0.000000e+00
8.200000e-01,8.300000e-01,0.0,1.000000e+00,0.000000e+00,0.000000e+00
8.300000e-01,8.300000e-01,0.0,1.000000e+00,0.000000e+00,0.000000e+00
8.400000e-01,8.300000e-01,0.0,1.000000e+00,0.000000e+00,0.000000e+00
8.500000e-01,8.300000e-01,0.0,1.000000e+00,0.000000e+00,0.000000e+00
8.600000e-01,8.300000e-01,0.0,1.000000e+00,0.000000e+00,0.000000e+00
8.700000e-01,8.300000e-01,0.0,1.000000e+00,0.000000e+00,0.000000e+00
8.800000e-01,8.300000e-01,0.0,1.000000e+00,0.000000e+00,0.000000e+00
8.900000e-01,8.300000e-01,0.0,1.000000e+00,0.000000e+00,0.000000e+00
9.000000e-01,8.300000e-01,0.0,1.000000e+00,0.000000e+00,0.000000e+00
9.100000e-01,8.300000e-01,0.0,1.000000e+00,0.000000e+00,0.000000e+00
9.200000e-01,8.300000e-01,0.0,1.000000e+00,0.000000e+00,0.000000e+00
9.300000e-01,8.300000e-01,0.0,1.000000e+00,0.000000e+00,0.000000e+00
9.400000e-01,8.300000e-01,0.0,1.000000e+00,0.000000e+00,0.000000e+00
9.500000e-01,8.300000e-01,0.0,1.000000e+00,0.000000e+00,0.000000e+00
9.600000e-01,8.300000e-01,0.0,1.000000e+00,0.000000e+00,0.000000e+00
9.700000e-01,8.300000e-01,0.0,1.000000e+00,0.000000e+00,0.000000e+00
9.800000e-01,8.300000e-01,0.0,1.000000e+00,0.000000e+00,0.000000e+00
9.900000e-01,8.300000e-01,0.0,1.000000e+00,0.000000e+00,0.000000e+00
1.000000e+00,8.300000e-01,0.0,1.000000e+00,0.000000e+00,0.000000e+00
0.000000e+00,8.400000e-01,0.0,1.000000e+00,-1.132008e-11,1.680696e-09
1.000000e-02,8.400000e-01,0.0,1.000000e+00,-6.435798e-11,1.672651e-09
2.000000e-02,8.400000e-01,0.0,1.000000e+00,-1.302369e-10,1.717833e-09
3.000000e-02,8.400000e-01,0.0,1.000000e+00,-1.924428e-10,1.793460e-09
4.000000e-02,8.400000e-01,0.0,1.000000e+00,-2.493351e-10,1.897295e-09
5.000000e-02,8.400000e-01,0.0,1.000000e+00,-2.994522e-10,2.026337e-09
6.000000e-02,8.400000e-01,0.0,1.000000e+00,-3.416043e-10,2.177001e-09
7.000000e-02,8.400000e-01,0.0,1.000000e+00,-3.748796e-10,2.345273e-09
8.000000e-02,8.400000e-01,0.0,1.000000e+00,-3.986354e-10,2.526849e-09
9.000000e-02,8.400000e-01,0.0,1.000000e+00,-4.124767e-10,2.717243e-09
1.000000e-01,8.400000e-01,0.0,1.000000e+00,-4.162320e-10,2.911866e-09
1.100000e-01,8.400000e-01,0.0,1.000000e+00,-4.099343e-10,3.106088e-09
1.200000e-01,8.400000e-01,0.0,1.000000e+00,-3.938065e-10,3.295303e-09
1.300000e-01,8.400000e-01,0.0,1.000000e+00,-3.682615e-10,3.474998e-09
1.400000e-01,8.400000e-01,0.0,1.000000e+00,-3.339045e-10,3.640837e-09
1.500000e-01,8.400000e-01,0.0,1.000000e+00,-2.915341e-10,3.788775e-09
1.600000e-01,8.400000e-01,0.0,1.000000e+00,-2.421380e-10,3.915167e-09
1.700000e-01,8.400000e-01,0.0,1.000000e+00,-1.868763e-10,4.016876e-09
1.800000e-01,8.400000e-01,0.0,1.000000e+00,-1.270581e-10,4.091366e-09
1.900000e-01,8.400000e-01,0.0,1.000000e+00,-6.409465e-11,4.136735e-09
2.000000e-01,8.400000e-01,0.0,1.000000e+00,5.179072e-13,4.151794e-09
2.100000e-01,8.400000e-01,0.0,1.000000e+00,6.526111e-11,4.136157e-09
2.200000e-01,8.400000e-01,0.0,1.000000e+00,1.286361e-10,4.090068e-09
2.300000e-01,8.400000e-01,0.0,1.000000e+00,1.892113e-10,4.014552e-09
2.400000e-01,8.400000e-01,0.0,1.000000e+00,2.456846e-10,3.911301e-09
2.500000e-01,8.400000e-01,0.0,1.000000e+00,2.969055e-10,3.782568e-09
2.600000e-01,8.400000e-01,0.0,1.000000e+00,3.419248e-10,3.631108e-09
2.700000e-01,8.400000e-01,0.0,1.000000e+00,3.800199e-10,3.460059e-09
2.800000e-01,8.400000e-01,0.0,1.000000e+00,4.107088e-10,3.272799e-09
2.900000e-01,8.400000e-01,0.0,1.000000e+00,4.337467e-10,3.072811e-09
3.000000e-01,8.400000e-01,0.0,1.000000e+00,4.491093e-10,2.863557e-09
3.100000e-01,8.400000e-01,0.0,1.000000e+00,4.569669e-10,2.648382e-09
3.200000e-01,8.400000e-01,0.0,1.000000e+00,4.576559e-10,2.430450e-09
3.300000e-01,8.400000e-01,0.0,1.000000e+00,4.516532e-10,2.212714e-09
3.400000e-01,8.400000e-01,0.0,1.000000e+00,4.395540e-10,1.997901e-09
3.500000e-01,8.400000e-01,0.0,1.000000e+00,4.220552e-10,1.788507e-09
3.600000e-01,8.400000e-01,0.0,1.000000e+00,3.999402e-10,1.586785e-09
3.700000e-01,8.400000e-01,0.0,1.000000e+00,3.740608e-10,1.394727e-09
3.800000e-01,8.400000e-01,0.0,1.000000e+00,3.453147e-10,1.214033e-09
3.900000e-01,8.400000e-01,0.0,1.000000e+00,3.146173e-10,1.046077e-09
4.000000e-01,8.400000e-01,0.0,1.000000e+00,2.828691e-10,8.918797e-10
4.100000e-01,8.400000e-01,0.0,1.000000e+00,2.509244e-10,7.520933e-10
4.200000e-01,8.400000e-01,0.0,1.000000e+00,2.195602e-10,6.269999e-10
4.300000e-01,8.400000e-01,0.0,1.000000e+00,1.894518e-10,5.165283e-10
4.400000e-01,8.400000e-01,0.0,1.000000e+00,1.611541e-10,4.202864e-10
4.500000e-01,8.400000e-01,0.0,1.000000e+00,1.350916e-10,3.376036e-10
4.600000e-01,8.400000e-01,0.0,1.000000e+00,1.115558e-10,2.675846e-10
4.700000e-01,8.400000e-01,0.0,1.000000e+00,9.071030e-11,2.091628e-10
4.800000e-01,8.400000e-01,0.0,1.000000e+00,7.259977e-11,1.611575e-10
4.900000e-01,8.400000e-01,0.0,1.000000e+00,5.716620e-11,1.223312e-10
5.000000e-01,8.400000e-01,0.0,1.000000e+00,4.426633e-11,9.143640e-11
5.100000e-01,8.400000e-01,0.0,1.000000e+00,3.369373e-11,6.726320e-11
5.200000e-01,8.400000e-01,0.0,1.000000e+00,2.519858e-11,4.867458e-11
5.300000e-01,8.400000e-01,0.0,1.000000e+00,1.850856e-11,3.463315e-11
5.400000e-01,8.400000e-01,0.0,1.000000e+00,1.334646e-11,2.421827e-11
5.500000e-01,8.400000e-01,0.0,1.000000e+00,9.444544e-12,1.663696e-11
5.600000e-01,8.400000e-01,0.0,1.000000e+00,6.556573e-12,1.122296e-11
5.700000e-01,8.400000e-01,0.0,1.000000e+00,4.463529e-12,7.431316e-12
5.800000e-01,8.400000e-01,0.0,1.000000e+00,2.979019e-12,4.828385e-12
5.900000e-01,8.400000e-01,0.0,1.000000e+00,1.948586e-12,3.077242e-12
6.000000e-01,8.400000e-01,0.0,1.000000e+00,1.248518e-12,1.923052e-12
6.100000e-01,8.400000e-01,0.0,1.000000e+00,7.835261e-13,1.177939e-12
6.200000e-01,8.400000e-01,0.0,1.000000e+00,4.815626e-13,7.071529e-13
6.300000e-01,8.400000e-01,0.0,1.000000e+00,2.896017e-13,4.158864e-13
6.400000e-01,8.400000e-01,0.0,1.000000e+00,1.705092e-13,2.394913e-13
6.500000e-01,8.400000e-01,0.0,1.000000e+00,9.828508e-14,1.349931e-13
6.600000e-01,8.400000e-01,0.0,1.000000e+00,5.530664e-14,7.439054e-14
6.700000e-01,8.400000e-01,0.0,1.000000e+00,3.016777e-14,4.027758e-14
6.800000e-01,8.400000e-01,0.0,1.000000e+00,1.632778e-14,2.124750e-14
6.900000e-01,8.400000e-01,0.0,1.000000e+00,8.434442e-15,1.108351e-14
7.000000e-01,8.400000e-01,0.0,1.000000e+00,4.055078e-15,5.623042e-15
7.100000e-01,8.400000e-01,0.0,1.000000e+00,2.108779e-15,2.541252e-15
7.200000e-01,8.400000e-01,0.0,1.000000e+00,9.192558e-16,1.243679e-15
7.300000e-01,8.400000e-01,0.0,1.000000e+00,3.785631e-16,5.407749e-16
7.400000e-01,8.400000e-01,0.0,1.000000e+00,4.199958e-33,1.081595e-16
7.500000e-01,8.400000e-01,0.0,1.000000e+00,0.000000e+00,0.000000e+00
7.600000e-01,8.400000e-01,0.0,1.000000e+00,0.000000e+00,0.000000e+00
7.700000e-01,8.400000e-01,0.0,1.000000e+00,0.000000e+00,0.000000e+00
7.800000e-01,8.400000e-01,0.0,1.000000e+00,0.000000e+00,0.000000e+00
7.900000e-01,8.400000e-01,0.0,1.000000e+00,0.000000e+00,0.000000e+00
8.000000e-01,8.400000e-01,0.0,1.000000e+00,0.000000e+00,0.000000e+00
8.100000e-01,8.400000e-01,0.0,1.000000e+00,0.000000e+00,0.000000e+00
8.200000e-01,8.400000e-01,0.0,1.000000e+00,0.000000e+00,0.000000e+00
8.300000e-01,8.400000e-01,0.0,1.000000e+00,0.000000e+00,0.000000e+00
8.400000e-01,8.400000e-01,0.0,1.000000e+00,0.000000e+00,0.000000e+00
8.500000e-01,8.400000e-01,0.0,1.000000e+00,0.000000e+00,0.000000e+00
8.600000e-01,8.400000e-01,0.0,1.000000e+00,0.000000e+00,0.000000e+00
8.700000e-01,8.400000e-01,0.0,1.000000e+00,0.000000e+00,0.000000e+00
8.800000e-01,8.400000e-01,0.0,1.000000e+00,0.000000e+00,0.000000e+00
8.900000e-01,8.400000e-01,0.0,1.000000e+00,0.000000e+00,0.000000e+00
9.000000e-01,8.400000e-01,0.0,1.000000e+00,0.000000e+00,0.000000e+00
9.100000e-01,8.400000e-01,0.0,1.000000e+00,0.000000e+00,0.000000e+00
9.200000e-01,8.400000e-01,0.0,1.000000e+00,0.000000e+00,0.000000e+00
9.300000e-01,8.400000e-01,0.0,1.000000e+00,0.000000e+00,0.000000e+00
9.400000e-01,8.400000e-01,0.0,1.000000e+00,0.000000e+00,0.000000e+00
9.500000e-01,8.400000e-01,0.0,1.000000e+00,0.000000e+00,0.000000e+00
9.600000e-01,8.400000e-01,0.0,1.000000e+00,0.000000e+00,0.000000e+00
9.700000e-01,8.400000e-01,0.0,1.000000e+00,0.000000e+00,0.000000e+00
9.800000e-01,8.400000e-01,0.0,1.000000e+00,0.000000e+00,0.000000e+00
9.900000e-01,8.400000e-01,0.0,1.000000e+00,0.000000e+00,0.000000e+00
1.000000e+00,8.400000e-01,0.0,1.000000e+00,0.000000e+00,0.000000e+00
0.000000e+00,8.500000e-01,0.0,1.000000e+00,-7.909597e-12,1.103404e-09
1.000000e-02,8.500000e-01,0.0,1.000000e+00,-4.400957e-11,1.100235e-09
2.000000e-02,8.500000e-01,0.0,1.000000e+00,-8.854228e-11,1.132665e-09
3.000000e-02,8.500000e-01,0.0,1.000000e+00,-1.306317e-10,1.186661e-09
4.000000e-02,8.500000e-01,0.0,1.000000e+00,-1.691675e-10,1.260625e-09
5.000000e-02,8.500000e-01,0.0,1.000000e+00,-2.031599e-10,1.352411e-09
6.000000e-02,8.500000e-01,0.0,1.000000e+00,-2.317918e-10,1.459441e-09
7.000000e-02,8.500000e-01,0.0,1.000000e+00,-2.544264e-10,1.578819e-09
8.000000e-02,8.500000e-01,0.0,1.000000e+00,-2.706086e-10,1.707435e-09
9.000000e-02,8.500000e-01,0.0,1.000000e+00,-2.800539e-10,1.842050e-09
1.000000e-01,8.500000e-01,0.0,1.000000e+00,-2.826355e-10,1.979372e-09
1.100000e-01,8.500000e-01,0.0,1.000000e+00,-2.783722e-10,2.116110e-09
1.200000e-01,8.500000e-01,0.0,1.000000e+00,-2.674193e-10,2.249027e-09
1.300000e-01,8.500000e-01,0.0,1.000000e+00,-2.500642e-10,2.374987e-09
1.400000e-01,8.500000e-01,0.0,1.000000e+00,-2.267248e-10,2.491014e-09
1.500000e-01,8.500000e-01,0.0,1.000000e+00,-1.979483e-10,2.594350e-09
1.600000e-01,8.500000e-01,0.0,1.000000e+00,-1.644075e-10,2.682523e-09
1.700000e-01,8.500000e-01,0.0,1.000000e+00,-1.268911e-10,2.753407e-09
1.800000e-01,8.500000e-01,0.0,1.000000e+00,-8.628623e-11,2.805288e-09
1.900000e-01,8.500000e-01,0.0,1.000000e+00,-4.355345e-11,2.836882e-09
2.000000e-01,8.500000e-01,0.0,1.000000e+00,2.916912e-13,2.847387e-09
2.100000e-01,8.500000e-01,0.0,1.000000e+00,4.421272e-11,2.836530e-09
2.200000e-01,8.500000e-01,0.0,1.000000e+00,8.718669e-11,2.804495e-09
2.300000e-01,8.500000e-01,0.0,1.000000e+00,1.282373e-10,2.751981e-09
2.400000e-01,8.500000e-01,0.0,1.000000e+00,1.664710e-10,2.680134e-09
2.500000e-01,8.500000e-01,0.0,1.000000e+00,2.010996e-10,2.590493e-09
2.600000e-01,8.500000e-01,0.0,1.000000e+00,2.314669e-10,2.484932e-09
2.700000e-01,8.500000e-01,0.0,1.000000e+00,2.570687e-10,2.365592e-09
2.800000e-01,8.500000e-01,0.0,1.000000e+00,2.775600e-10,2.234795e-09
2.900000e-01,8.500000e-01,0.0,1.000000e+00,2.927568e-10,2.094956e-09
3.000000e-01,8.500000e-01,0.0,1.000000e+00,3.026284e-10,1.948511e-09
3.100000e-01,8.500000e-01,0.0,1.000000e+00,3.072837e-10,1.797855e-09
3.200000e-01,8.500000e-01,0.0,1.000000e+00,3.069593e-10,1.645291e-09
3.300000e-01,8.500000e-01,0.0,1.000000e+00,3.019997e-10,1.493001e-09
3.400000e-01,8.500000e-01,0.0,1.000000e+00,2.928461e-10,1.343016e-09
3.500000e-01,8.500000e-01,0.0,1.000000e+00,2.800203e-10,1.197197e-09
3.600000e-01,8.500000e-01,0.0,1.000000e+00,2.641080e-10,1.057209e-09
3.700000e-01,8.500000e-01,0.0,1.000000e+00,2.457413e-10,9.244949e-10
3.800000e-01,8.500000e-01,0.0,1.000000e+00,2.255758e-10,8.002548e-10
3.900000e-01,8.500000e-01,0.0,1.000000e+00,2.042681e-10,6.854201e-10
4.000000e-01,8.500000e-01,0.0,1.000000e+00,1.824528e-10,5.806427e-10
4.100000e-01,8.500000e-01,0.0,1.000000e+00,1.607176e-10,4.862927e-10
4.200000e-01,8.500000e-01,0.0,1.000000e+00,1.395849e-10,4.024656e-10
4.300000e-01,8.500000e-01,0.0,1.000000e+00,1.194972e-10,3.290041e-10
4.400000e-01,8.500000e-01,0.0,1.000000e+00,1.008047e-10,2.655258e-10
4.500000e-01,8.500000e-01,0.0,1.000000e+00,8.376416e-11,2.114617e-10
4.600000e-01,8.500000e-01,0.0,1.000000e+00,6.853668e-11,1.660959e-10
4.700000e-01,8.500000e-01,0.0,1.000000e+00,5.519518e-11,1.286082e-10
4.800000e-01,8.500000e-01,0.0,1.000000e+00,4.373281e-11,9.811635e-11
4.900000e-01,8.500000e-01,0.0,1.000000e+00,3.407745e-11,7.371482e-11
5.000000e-01,8.500000e-01,0.0,1.000000e+00,2.610274e-11,5.451240e-11
5.100000e-01,8.500000e-01,0.0,1.000000e+00,1.964632e-11,3.965981e-11
5.200000e-01,8.500000e-01,0.0,1.000000e+00,1.452404e-11,2.837414e-11
5.300000e-01,8.500000e-01,0.0,1.000000e+00,1.054145e-11,1.995304e-11
5.400000e-01,8.500000e-01,0.0,1.000000e+00,7.509219e-12,1.378562e-11
5.500000e-01,8.500000e-01,0.0,1.000000e+00,5.248006e-12,9.353597e-12
5.600000e-01,8.500000e-01,0.0,1.000000e+00,3.597151e-12,6.230943e-12
5.700000e-01,8.500000e-01,0.0,1.000000e+00,2.417171e-12,4.072914e-12
5.800000e-01,8.500000e-01,0.0,1.000000e+00,1.591978e-12,2.612037e-12
5.900000e-01,8.500000e-01,0.0,1.000000e+00,1.027100e-12,1.642659e-12
6.000000e-01,8.500000e-01,0.0,1.000000e+00,6.490298e-13,1.012576e-12
6.100000e-01,8.500000e-01,0.0,1.000000e+00,4.016634e-13,6.117935e-13
6.200000e-01,8.500000e-01,0.0,1.000000e+00,2.434348e-13,3.621513e-13
6.300000e-01,8.500000e-01,0.0,1.000000e+00,1.442358e-13,2.100282e-13
6.400000e-01,8.500000e-01,0.0,1.000000e+00,8.379656e-14,1.192612e-13
6.500000e-01,8.500000e-01,0.0,1.000000e+00,4.741359e-14,6.611924e-14
6.600000e-01,8.500000e-01,0.0,1.000000e+00,2.616720e-14,3.579042e-14
6.700000e-01,8.500000e-01,0.0,1.000000e+00,1.421934e-14,1.908509e-14
6.800000e-01,8.500000e-01,0.0,1.000000e+00,7.190995e-15,9.840139e-15
6.900000e-01,8.500000e-01,0.0,1.000000e+00,3.622670e-15,4.812059e-15
7.000000e-01,8.500000e-01,0.0,1.000000e+00,1.730352e-15,2.379095e-15
7.100000e-01,8.500000e-01,0.0,1.000000e+00,6.489312e-16,1.189659e-15
7.200000e-01,8.500000e-01,0.0,1.000000e+00,1.081619e-16,3.785631e-16
7.300000e-01,8.500000e-01,0.0,1.000000e+00,1.367537e-33,0.000000e+00
7.400000e-01,8.500000e-01,0.0,1.000000e+00,0.000000e+00,0.000000e+00
7.500000e-01,8.500000e-01,0.0,1.000000e+00,0.000000e+00,0.000000e+00
7.600000e-01,8.500000e-01,0.0,1.000000e+00,0.000000e+00,0.000000e+00
7.700000e-01,8.500000e-01,0.0,1.000000e+00,0.000000e+00,0.000000e+00
7.800000e-01,8.500000e-01,0.0,1.000000e+00,0.000000e+00,0.000000e+00
7.900000e-01,8.500000e-01,0.0,1.000000e+00,0.000000e+00,0.000000e+00
8.000000e-01,8.500000e-01,0.0,1.000000e+00,0.000000e+00,0.000000e+00
8.100000e-01,8.500000e-01,0.0,1.000000e+00,0.000000e+00,0.000000e+00
8.200000e-01,8.500000e-01,0.0,1.000000e+00,0.000000e+00,0.000000e+00
8.300000e-01,8.500000e-01,0.0,1.000000e+00,0.000000e+00,0.000000e+00
8.400000e-01,8.500000e-01,0.0,1.000000e+00,0.000000e+00,0.000000e+00
8.500000e-01,8.500000e-01,0.0,1.000000e+00,0.000000e+00,0.000000e+00
8.600000e-01,8.500000e-01,0.0,1.000000e+00,0.000000e+00,0.000000e+00
8.700000e-01,8.500000e-01,0.0,1.000000e+00,0.000000e+00,0.000000e+00
8.800000e-01,8.500000e-01,0.0,1.000000e+00,0.000000e+00,0.000000e+00
8.900000e-01,8.500000e-01,0.0,1.000000e+00,0.000000e+00,0.000000e+00
9.000000e-01,8.500000e-01,0.0,1.000000e+00,0.000000e+00,0.000000e+00
9.100000e-01,8.500000e-01,0.0,1.000000e+00,0.000000e+00,0.000000e+00
9.200000e-01,8.500000e-01,0.0,1.000000e+00,0.000000e+00,0.000000e+00
9.300000e-01,8.500000e-01,0.0,1.000000e+00,0.000000e+00,0.000000e+00
9.400000e-01,8.500000e-01,0.0,1.000000e+00,0.000000e+00,0.000000e+00
9.500000e-01,8.500000e-01,0.0,1.000000e+00,0.000000e+00,0.000000e+00
9.600000e-01,8.500000e-01,0.0,1.000000e+00,0.000000e+00,0.000000e+00
9.700000e-01,8.500000e-01,0.0,1.000000e+00,0.000000e+00,0.000000e+00
9.800000e-01,8.500000e-01,0.0,1.000000e+00,0.000000e+00,0.000000e+00
9.900000e-01,8.500000e-01,0.0,1.000000e+00,0.000000e+00,0.000000e+00
1.000000e+00,8.500000e-01,0.0,1.000000e+00,0.000000e+00,0.000000e+00
0.000000e+00,8.600000e-01,0.0,1.000000e+00,-5.407759e-12,7.113467e-10
1.000000e-02,8.600000e-01,0.0,1.000000e+00,-2.952912e-11,7.105350e-10
2.000000e-02,8.600000e-01,0.0,1.000000e+00,-5.914425e-11,7.334206e-10
3.000000e-02,8.600000e-01,0.0,1.000000e+00,-8.717278e-11,7.713751e-10
4.000000e-02,8.600000e-01,0.0,1.000000e+00,-1.128824e-10,8.232904e-10
5.000000e-02,8.600000e-01,0.0,1.000000e+00,-1.356164e-10,8.876749e-10
6.000000e-02,8.600000e-01,0.0,1.000000e+00,-1.548256e-10,9.627281e-10
7.000000e-02,8.600000e-01,0.0,1.000000e+00,-1.700725e-10,1.046417e-09
8.000000e-02,8.600000e-01,0.0,1.000000e+00,-1.810352e-10,1.136549e-09
9.000000e-02,8.600000e-01,0.0,1.000000e+00,-1.875048e-10,1.230836e-09
1.000000e-01,8.600000e-01,0.0,1.000000e+00,-1.893786e-10,1.326953e-09
1.100000e-01,8.600000e-01,0.0,1.000000e+00,-1.866538e-10,1.422582e-09
1.200000e-01,8.600000e-01,0.0,1.000000e+00,-1.794226e-10,1.515452e-09
1.300000e-01,8.600000e-01,0.0,1.000000e+00,-1.678713e-10,1.603378e-09
1.400000e-01,8.600000e-01,0.0,1.000000e+00,-1.522768e-10,1.684297e-09
1.500000e-01,8.600000e-01,0.0,1.000000e+00,-1.330046e-10,1.756307e-09
1.600000e-01,8.600000e-01,0.0,1.000000e+00,-1.105076e-10,1.817709e-09
1.700000e-01,8.600000e-01,0.0,1.000000e+00,-8.531758e-11,1.867047e-09
1.800000e-01,8.600000e-01,0.0,1.000000e+00,-5.803503e-11,1.903146e-09
1.900000e-01,8.600000e-01,0.0,1.000000e+00,-2.931260e-11,1.925129e-09
2.000000e-01,8.600000e-01,0.0,1.000000e+00,1.595264e-13,1.932452e-09
2.100000e-01,8.600000e-01,0.0,1.000000e+00,2.967479e-11,1.924922e-09
2.200000e-01,8.600000e-01,0.0,1.000000e+00,5.853521e-11,1.902678e-09
2.300000e-01,8.600000e-01,0.0,1.000000e+00,8.607361e-11,1.866199e-09
2.400000e-01,8.600000e-01,0.0,1.000000e+00,1.116779e-10,1.816280e-09
2.500000e-01,8.600000e-01,0.0,1.000000e+00,1.348077e-10,1.753982e-09
2.600000e-01,8.600000e-01,0.0,1.000000e+00,1.550125e-10,1.680606e-09
2.700000e-01,8.600000e-01,0.0,1.000000e+00,1.719445e-10,1.597640e-09
2.800000e-01,8.600000e-01,0.0,1.000000e+00,1.853648e-10,1.506704e-09
2.900000e-01,8.600000e-01,0.0,1.000000e+00,1.951453e-10,1.409500e-09
3.000000e-01,8.600000e-01,0.0,1.000000e+00,2.012664e-10,1.307757e-09
3.100000e-01,8.600000e-01,0.0,1.000000e+00,2.038096e-10,1.203193e-09
3.200000e-01,8.600000e-01,0.0,1.000000e+00,2.029493e-10,1.097473e-09
3.300000e-01,8.600000e-01,0.0,1.000000e+00,1.989421e-10,9.921796e-10
3.400000e-01,8.600000e-01,0.0,1.000000e+00,1.921144e-10,8.887868e-10
3.500000e-01,8.600000e-01,0.0,1.000000e+00,1.828514e-10,7.886352e-10
3.600000e-01,8.600000e-01,0.0,1.000000e+00,1.715822e-10,6.929080e-10
3.700000e-01,8.600000e-01,0.0,1.000000e+00,1.587625e-10,6.026100e-10
3.800000e-01,8.600000e-01,0.0,1.000000e+00,1.448589e-10,5.185511e-10
3.900000e-01,8.600000e-01,0.0,1.000000e+00,1.303301e-10,4.413337e-10
4.000000e-01,8.600000e-01,0.0,1.000000e+00,1.156102e-10,3.713480e-10
4.100000e-01,8.600000e-01,0.0,1.000000e+00,1.010934e-10,3.087783e-10
4.200000e-01,8.600000e-01,0.0,1.000000e+00,8.712120e-11,2.536108e-10
4.300000e-01,8.600000e-01,0.0,1.000000e+00,7.397353e-11,2.056564e-10
4.400000e-01,8.600000e-01,0.0,1.000000e+00,6.186527e-11,1.645744e-10
4.500000e-01,8.600000e-01,0.0,1.000000e+00,5.094305e-11,1.299021e-10
4.600000e-01,8.600000e-01,0.0,1.000000e+00,4.128824e-11,1.010854e-10
4.700000e-01,8.600000e-01,0.0,1.000000e+00,3.292311e-11,7.751109e-11
4.800000e-01,8.600000e-01,0.0,1.000000e+00,2.581841e-11,5.853674e-11
4.900000e-01,8.600000e-01,0.0,1.000000e+00,1.990362e-11,4.351770e-11
5.000000e-01,8.600000e-01,0.0,1.000000e+00,1.507765e-11,3.183258e-11
5.100000e-01,8.600000e-01,0.0,1.000000e+00,1.121960e-11,2.290016e-11
5.200000e-01,8.600000e-01,0.0,1.000000e+00,8.197477e-12,1.619478e-11
5.300000e-01,8.600000e-01,0.0,1.000000e+00,5.878523e-12,1.125335e-11
5.400000e-01,8.600000e-01,0.0,1.000000e+00,4.136025e-12,7.680980e-12
5.500000e-01,8.600000e-01,0.0,1.000000e+00,2.854609e-12,5.147158e-12
5.600000e-01,8.600000e-01,0.0,1.000000e+00,1.931322e-12,3.385279e-12
5.700000e-01,8.600000e-01,0.0,1.000000e+00,1.280993e-12,2.184021e-12
5.800000e-01,8.600000e-01,0.0,1.000000e+00,8.326022e-13,1.382267e-12
5.900000e-01,8.600000e-01,0.0,1.000000e+00,5.296692e-13,8.573218e-13
6.000000e-01,8.600000e-01,0.0,1.000000e+00,3.298729e-13,5.214071e-13
6.100000e-01,8.600000e-01,0.0,1.000000e+00,2.013759e-13,3.108489e-13
6.200000e-01,8.600000e-01,0.0,1.000000e+00,1.204491e-13,1.815385e-13
6.300000e-01,8.600000e-01,0.0,1.000000e+00,7.017305e-14,1.035835e-13
6.400000e-01,8.600000e-01,0.0,1.000000e+00,4.016922e-14,5.795585e-14
6.500000e-01,8.600000e-01,0.0,1.000000e+00,2.211247e-14,3.168176e-14
6.600000e-01,8.600000e-01,0.0,1.000000e+00,1.205672e-14,1.697662e-14
6.700000e-01,8.600000e-01,0.0,1.000000e+00,6.271869e-15,8.650747e-15
6.800000e-01,8.600000e-01,0.0,1.000000e+00,3.082000e-15,4.379616e-15
6.900000e-01,8.600000e-01,0.0,1.000000e+00,1.405862e-15,2.000643e-15
7.000000e-01,8.600000e-01,0.0,1.000000e+00,6.489417e-16,9.192994e-16
7.100000e-01,8.600000e-01,0.0,1.000000e+00,1.081595e-16,2.163238e-16
7.200000e-01,8.600000e-01,0.0,1.000000e+00,3.419353e-34,0.000000e+00
7.300000e-01,8.600000e-01,0.0,1.000000e+00,0.000000e+00,0.000000e+00
7.400000e-01,8.600000e-01,0.0,1.000000e+00,0.000000e+00,0.000000e+00
7.500000e-01,8.600000e-01,0.0,1.000000e+00,0.000000e+00,0.000000e+00
7.600000e-01,8.600000e-01,0.0,1.000000e+00,0.000000e+00,0.000000e+00
7.700000e-01,8.600000e-01,0.0,1.000000e+00,0.000000e+00,0.000000e+00
7.800000e-01,8.600000e-01,0.0,1.000000e+00,0.000000e+00,0.000000e+00
7.900000e-01,8.600000e-01,0.0,1.000000e+00,0.000000e+00,0.000000e+00
8.000000e-01,8.600000e-01,0.0,1.000000e+00,0.000000e+00,0.000000e+00
8.100000e-01,8.600000e-01,0.0,1.000000e+00,0.000000e+00,0.000000e+00
8.200000e-01,8.600000e-01,0.0,1.000000e+00,0.000000e+00,0.000000e+00
8.300000e-01,8.600000e-01,0.0,1.000000e+00,0.000000e+00,0.000000e+00
8.400000e-01,8.600000e-01,0.0,1.000000e+00,0.000000e+00,0.000000e+00
8.500000e-01,8.600000e-01,0.0,1.000000e+00,0.000000e+00,0.000000e+00
8.600000e-01,8.600000e-01,0.0,1.000000e+00,0.000000e+00,0.000000e+00
8.700000e-01,8.600000e-01,0.0,1.000000e+00,0.000000e+00,0.000000e+00
8.800000e-01,8.600000e-01,0.0,1.000000e+00,0.000000e+00,0.000000e+00
8.900000e-01,8.600000e-01,0.0,1.000000e+00,0.000000e+00,0.000000e+00
9.000000e-01,8.600000e-01,0.0,1.000000e+00,0.000000e+00,0.000000e+00
9.100000e-01,8.600000e-01,0.0,1.000000e+00,0.000000e+00,0.000000e+00
9.200000e-01,8.600000e-01,0.0,1.000000e+00,0.000000e+00,0.000000e+00
9.300000e-01,8.600000e-01,0.0,1.000000e+00,0.000000e+00,0.000000e+00
9.400000e-01,8.600000e-01,0.0,1.000000e+00,0.000000e+00,0.000000e+00
9.500000e-01,8.600000e-01,0.0,1.000000e+00,0.000000e+00,0.000000e+00
9.600000e-01,8.600000e-01,0.0,1.000000e+00,0.000000e+00,0.000000e+00
9.700000e-01,8.600000e-01,0.0,1.000000e+00,0.000000e+00,0.000000e+00
9.800000e-01,8.600000e-01,0.0,1.000000e+00,0.000000e+00,0.000000e+00
9.900000e-01,8.600000e-01,0.0,1.000000e+00,0.000000e+00,0.000000e+00
1.000000e+00,8.600000e-01,0.0,1.000000e+00,0.000000e+00,0.000000e+00
0.000000e+00,8.700000e-01,0.0,1.000000e+00,-3.615989e-12,4.499231e-10
1.000000e-02,8.700000e-01,0.0,1.000000e+00,-1.942325e-11,4.501247e-10
2.000000e-02,8.700000e-01,0.0,1.000000e+00,-3.877367e-11,4.659801e-10
3.000000e-02,8.700000e-01,0.0,1.000000e+00,-5.711767e-11,4.921985e-10
4.000000e-02,8.700000e-01,0.0,1.000000e+00,-7.398464e-11,5.280310e-10
5.000000e-02,8.700000e-01,0.0,1.000000e+00,-8.895011e-11,5.724676e-10
6.000000e-02,8.700000e-01,0.0,1.000000e+00,-1.016510e-10,6.242835e-10
7.000000e-02,8.700000e-01,0.0,1.000000e+00,-1.117922e-10,6.820869e-10
8.000000e-02,8.700000e-01,0.0,1.000000e+00,-1.191489e-10,7.443691e-10
9.000000e-02,8.700000e-01,0.0,1.000000e+00,-1.235668e-10,8.095498e-10
1.000000e-01,8.700000e-01,0.0,1.000000e+00,-1.249610e-10,8.760157e-10
1.100000e-01,8.700000e-01,0.0,1.000000e+00,-1.233128e-10,9.421565e-10
1.200000e-01,8.700000e-01,0.0,1.000000e+00,-1.186701e-10,1.006393e-09
1.300000e-01,8.700000e-01,0.0,1.000000e+00,-1.111441e-10,1.067208e-09
1.400000e-01,8.700000e-01,0.0,1.000000e+00,-1.009108e-10,1.123173e-09
1.500000e-01,8.700000e-01,0.0,1.000000e+00,-8.820860e-11,1.172971e-09
1.600000e-01,8.700000e-01,0.0,1.000000e+00,-7.333741e-11,1.215430e-09
1.700000e-01,8.700000e-01,0.0,1.000000e+00,-5.665102e-11,1.249545e-09
1.800000e-01,8.700000e-01,0.0,1.000000e+00,-3.855370e-11,1.274505e-09
1.900000e-01,8.700000e-01,0.0,1.000000e+00,-1.948603e-11,1.289708e-09
2.000000e-01,8.700000e-01,0.0,1.000000e+00,8.503559e-14,1.294780e-09
2.100000e-01,8.700000e-01,0.0,1.000000e+00,1.967999e-11,1.289590e-09
2.200000e-01,8.700000e-01,0.0,1.000000e+00,3.882459e-11,1.274236e-09
2.300000e-01,8.700000e-01,0.0,1.000000e+00,5.706439e-11,1.249056e-09
2.400000e-01,8.700000e-01,0.0,1.000000e+00,7.398370e-11,1.214600e-09
2.500000e-01,8.700000e-01,0.0,1.000000e+00,8.921457e-11,1.171611e-09
2.600000e-01,8.700000e-01,0.0,1.000000e+00,1.024503e-10,1.120997e-09
2.700000e-01,8.700000e-01,0.0,1.000000e+00,1.134556e-10,1.063801e-09
2.800000e-01,8.700000e-01,0.0,1.000000e+00,1.220697e-10,1.001162e-09
2.900000e-01,8.700000e-01,0.0,1.000000e+00,1.282101e-10,9.342815e-10
3.000000e-01,8.700000e-01,0.0,1.000000e+00,1.318693e-10,8.643859e-10
3.100000e-01,8.700000e-01,0.0,1.000000e+00,1.331130e-10,7.926982e-10
3.200000e-01,8.700000e-01,0.0,1.000000e+00,1.320724e-10,7.204050e-10
3.300000e-01,8.700000e-01,0.0,1.000000e+00,1.289381e-10,6.486325e-10
3.400000e-01,8.700000e-01,0.0,1.000000e+00,1.239497e-10,5.784230e-10
3.500000e-01,8.700000e-01,0.0,1.000000e+00,1.173859e-10,5.107141e-10
3.600000e-01,8.700000e-01,0.0,1.000000e+00,1.095539e-10,4.463198e-10
3.700000e-01,8.700000e-01,0.0,1.000000e+00,1.007735e-10,3.859153e-10
3.800000e-01,8.700000e-01,0.0,1.000000e+00,9.136841e-11,3.300266e-10
3.900000e-01,8.700000e-01,0.0,1.000000e+00,8.165063e-11,2.790246e-10
4.000000e-01,8.700000e-01,0.0,1.000000e+00,7.190971e-11,2.331262e-10
4.100000e-01,8.700000e-01,0.0,1.000000e+00,6.240293e-11,1.924001e-10
4.200000e-01,8.700000e-01,0.0,1.000000e+00,5.334677e-11,1.567799e-10
4.300000e-01,8.700000e-01,0.0,1.000000e+00,4.491378e-11,1.260791e-10
4.400000e-01,8.700000e-01,0.0,1.000000e+00,3.722903e-11,1.000138e-10
4.500000e-01,8.700000e-01,0.0,1.000000e+00,3.037192e-11,7.822219e-11
4.600000e-01,8.700000e-01,0.0,1.000000e+00,2.437719e-11,6.028926e-11
4.700000e-01,8.700000e-01,0.0,1.000000e+00,1.924223e-11,4.576978e-11
4.800000e-01,8.700000e-01,0.0,1.000000e+00,1.493187e-11,3.420890e-11
4.900000e-01,8.700000e-01,0.0,1.000000e+00,1.138632e-11,2.516035e-11
5.000000e-01,8.700000e-01,0.0,1.000000e+00,8.529147e-12,1.820181e-11
5.100000e-01,8.700000e-01,0.0,1.000000e+00,6.273793e-12,1.294550e-11
5.200000e-01,8.700000e-01,0.0,1.000000e+00,4.529376e-12,9.048068e-12
5.300000e-01,8.700000e-01,0.0,1.000000e+00,3.208738e-12,6.211919e-12
5.400000e-01,8.700000e-01,0.0,1.000000e+00,2.229955e-12,4.188018e-12
5.500000e-01,8.700000e-01,0.0,1.000000e+00,1.519420e-12,2.771156e-12
5.600000e-01,8.700000e-01,0.0,1.000000e+00,1.014657e-12,1.799248e-12
5.700000e-01,8.700000e-01,0.0,1.000000e+00,6.641055e-13,1.145604e-12
5.800000e-01,8.700000e-01,0.0,1.000000e+00,4.257695e-13,7.155272e-13
5.900000e-01,8.700000e-01,0.0,1.000000e+00,2.673263e-13,4.377240e-13
6.000000e-01,8.700000e-01,0.0,1.000000e+00,1.642366e-13,2.623572e-13
6.100000e-01,8.700000e-01,0.0,1.000000e+00,9.887888e-14,1.542921e-13
6.200000e-01,8.700000e-01,0.0,1.000000e+00,5.800921e-14,8.855450e-14
6.300000e-01,8.700000e-01,0.0,1.000000e+00,3.314100e-14,4.984655e-14
6.400000e-01,8.700000e-01,0.0,1.000000e+00,1.870653e-14,2.719446e-14
6.500000e-01,8.700000e-01,0.0,1.000000e+00,1.016457e-14,1.465188e-14
6.600000e-01,8.700000e-01,0.0,1.000000e+00,5.244699e-15,7.731693e-15
6.700000e-01,8.700000e-01,0.0,1.000000e+00,2.541356e-15,3.622676e-15
6.800000e-01,8.700000e-01,0.0,1.000000e+00,1.135589e-15,1.730320e-15
6.900000e-01,8.700000e-01,0.0,1.000000e+00,3.244672e-16,7.571012e-16
7.000000e-01,8.700000e-01,0.0,1.000000e+00,5.407975e-17,1.081595e-16
7.100000e-01,8.700000e-01,0.0,1.000000e+00,2.654478e-50,0.000000e+00
7.200000e-01,8.700000e-01,0.0,1.000000e+00,0.000000e+00,0.000000e+00
7.300000e-01,8.700000e-01,0.0,1.000000e+00,0.000000e+00,0.000000e+00
7.400000e-01,8.700000e-01,0.0,1.000000e+00,0.000000e+00,0.000000e+00
7.500000e-01,8.700000e-01,0.0,1.000000e+00,0.000000e+00,0.000000e+00
7.600000e-01,8.700000e-01,0.0,1.000000e+00,0.000000e+00,0.000000e+00
7.700000e-01,8.700000e-01,0.0,1.000000e+00,0.000000e+00,0.000000e+00
7.800000e-01,8.700000e-01,0.0,1.000000e+00,0.000000e+00,0.000000e+00
7.900000e-01,8.700000e-01,0.0,1.000000e+00,0.000000e+00,0.000000e+00
8.000000e-01,8.700000e-01,0.0,1.000000e+00,0.000000e+00,0.000000e+00
8.100000e-01,8.700000e-01,0.0,1.000000e+00,0.000000e+00,0.000000e+00
8.200000e-01,8.700000e-01,0.0,1.000000e+00,0.000000e+00,0.000000e+00
8.300000e-01,8.700000e-01,0.0,1.000000e+00,0.000000e+00,0.000000e+00
8.400000e-01,8.700000e-01,0.0,1.000000e+00,0.000000e+00,0.000000e+00
8.500000e-01,8.700000e-01,0.0,1.000000e+00,0.000000e+00,0.000000e+00
8.600000e-01,8.700000e-01,0.0,1.000000e+00,0.000000e+00,0.000000e+00
8.700000e-01,8.700000e-01,0.0,1.000000e+00,0.000000e+00,0.000000e+00
8.800000e-01,8.700000e-01,0.0,1.000000e+00,0.000000e+00,0.000000e+00
8.900000e-01,8.700000e-01,0.0,1.000000e+00,0.000000e+00,0.000000e+00
9.000000e-01,8.700000e-01,0.0,1.000000e+00,0.000000e+00,0.000000e+00
9.100000e-01,8.700000e-01,0.0,1.000000e+00,0.000000e+00,0.000000e+00
9.200000e-01,8.700000e-01,0.0,1.000000e+00,0.000000e+00,0.000000e+00
9.300000e-01,8.700000e-01,0.0,1.000000e+00,0.000000e+00,0.000000e+00
9.400000e-01,8.700000e-01,0.0,1.000000e+00,0.000000e+00,0.000000e+00
9.500000e-01,8.700000e-01,0.0,1.000000e+00,0.000000e+00,0.000000e+00
9.600000e-01,8.700000e-01,0.0,1.000000e+00,0.000000e+00,0.000000e+00
9.700000e-01,8.700000e-01,0.0,1.000000e+00,0.000000e+00,0.000000e+00
9.800000e-01,8.700000e-01,0.0,1.000000e+00,0.000000e+00,0.000000e+00
9.900000e-01,8.700000e-01,0.0,1.000000e+00,0.000000e+00,0.000000e+00
1.000000e+00,8.700000e-01,0.0,1.000000e+00,0.000000e+00,0.000000e+00
0.000000e+00,8.800000e-01,0.0,1.000000e+00,-2.364367e-12,2.789878e-10
1.000000e-02,8.800000e-01,0.0,1.000000e+00,-1.251474e-11,2.795262e-10
2.000000e-02,8.800000e-01,0.0,1.000000e+00,-2.492280e-11,2.902962e-10
3.000000e-02,8.800000e-01,0.0,1.000000e+00,-3.670886e-11,3.080670e-10
4.000000e-02,8.800000e-01,0.0,1.000000e+00,-4.757769e-11,3.323462e-10
5.000000e-02,8.800000e-01,0.0,1.000000e+00,-5.726055e-11,3.624666e-10
6.000000e-02,8.800000e-01,0.0,1.000000e+00,-6.552304e-11,3.976157e-10
7.000000e-02,8.800000e-01,0.0,1.000000e+00,-7.216978e-11,4.368652e-10
8.000000e-02,8.800000e-01,0.0,1.000000e+00,-7.704584e-11,4.792018e-10
9.000000e-02,8.800000e-01,0.0,1.000000e+00,-8.003833e-11,5.235565e-10
1.000000e-01,8.800000e-01,0.0,1.000000e+00,-8.107781e-11,5.688327e-10
1.100000e-01,8.800000e-01,0.0,1.000000e+00,-8.013935e-11,6.139296e-10
1.200000e-01,8.800000e-01,0.0,1.000000e+00,-7.724055e-11,6.577650e-10
1.300000e-01,8.800000e-01,0.0,1.000000e+00,-7.244392e-11,6.992954e-10
1.400000e-01,8.800000e-01,0.0,1.000000e+00,-6.585645e-11,7.375357e-10
1.500000e-01,8.800000e-01,0.0,1.000000e+00,-5.762938e-11,7.715795e-10
1.600000e-01,8.800000e-01,0.0,1.000000e+00,-4.795710e-11,8.006175e-10
1.700000e-01,8.800000e-01,0.0,1.000000e+00,-3.707312e-11,8.239568e-10
1.800000e-01,8.800000e-01,0.0,1.000000e+00,-2.524519e-11,8.410369e-10
1.900000e-01,8.800000e-01,0.0,1.000000e+00,-1.276821e-11,8.514446e-10
2.000000e-01,8.800000e-01,0.0,1.000000e+00,4.411356e-14,8.549223e-10
2.100000e-01,8.800000e-01,0.0,1.000000e+00,1.286935e-11,8.513793e-10
2.200000e-01,8.800000e-01,0.0,1.000000e+00,2.538764e-11,8.408880e-10
2.300000e-01,8.800000e-01,0.0,1.000000e+00,3.729351e-11,8.236830e-10
2.400000e-01,8.800000e-01,0.0,1.000000e+00,4.830512e-11,8.001496e-10
2.500000e-01,8.800000e-01,0.0,1.000000e+00,5.817616e-11,7.708065e-10
2.600000e-01,8.800000e-01,0.0,1.000000e+00,6.670144e-11,7.362893e-10
2.700000e-01,8.800000e-01,0.0,1.000000e+00,7.372373e-11,6.973279e-10
2.800000e-01,8.800000e-01,0.0,1.000000e+00,7.913941e-11,6.547222e-10
2.900000e-01,8.800000e-01,0.0,1.000000e+00,8.289708e-11,6.093151e-10
3.000000e-01,8.800000e-01,0.0,1.000000e+00,8.500001e-11,5.619700e-10
3.100000e-01,8.800000e-01,0.0,1.000000e+00,8.550070e-11,5.135446e-10
3.200000e-01,8.800000e-01,0.0,1.000000e+00,8.449778e-11,4.648710e-10
3.300000e-01,8.800000e-01,0.0,1.000000e+00,8.213101e-11,4.167330e-10
3.400000e-01,8.800000e-01,0.0,1.000000e+00,7.857267e-11,3.698502e-10
3.500000e-01,8.800000e-01,0.0,1.000000e+00,7.402055e-11,3.248599e-10
3.600000e-01,8.800000e-01,0.0,1.000000e+00,6.868764e-11,2.823054e-10
3.700000e-01,8.800000e-01,0.0,1.000000e+00,6.279543e-11,2.426260e-10
3.800000e-01,8.800000e-01,0.0,1.000000e+00,5.656163e-11,2.061503e-10
3.900000e-01,8.800000e-01,0.0,1.000000e+00,5.019295e-11,1.730947e-10
4.000000e-01,8.800000e-01,0.0,1.000000e+00,4.387741e-11,1.435674e-10
4.100000e-01,8.800000e-01,0.0,1.000000e+00,3.777847e-11,1.175735e-10
4.200000e-01,8.800000e-01,0.0,1.000000e+00,3.202936e-11,9.502812e-11
4.300000e-01,8.800000e-01,0.0,1.000000e+00,2.673220e-11,7.576716e-11
4.400000e-01,8.800000e-01,0.0,1.000000e+00,2.195709e-11,5.956521e-11
4.500000e-01,8.800000e-01,0.0,1.000000e+00,1.774283e-11,4.615129e-11
4.600000e-01,8.800000e-01,0.0,1.000000e+00,1.410019e-11,3.522423e-11
4.700000e-01,8.800000e-01,0.0,1.000000e+00,1.101553e-11,2.647056e-11
4.800000e-01,8.800000e-01,0.0,1.000000e+00,8.457169e-12,1.957690e-11
4.900000e-01,8.800000e-01,0.0,1.000000e+00,6.378423e-12,1.424239e-11
5.000000e-01,8.800000e-01,0.0,1.000000e+00,4.723700e-12,1.018806e-11
5.100000e-01,8.800000e-01,0.0,1.000000e+00,3.434052e-12,7.162768e-12
5.200000e-01,8.800000e-01,0.0,1.000000e+00,2.449607e-12,4.947010e-12
5.300000e-01,8.800000e-01,0.0,1.000000e+00,1.714272e-12,3.355522e-12
5.400000e-01,8.800000e-01,0.0,1.000000e+00,1.176490e-12,2.234276e-12
5.500000e-01,8.800000e-01,0.0,1.000000e+00,7.912410e-13,1.459773e-12
5.600000e-01,8.800000e-01,0.0,1.000000e+00,5.214478e-13,9.355363e-13
5.700000e-01,8.800000e-01,0.0,1.000000e+00,3.368976e-13,5.877871e-13
5.800000e-01,8.800000e-01,0.0,1.000000e+00,2.129969e-13,3.619867e-13
5.900000e-01,8.800000e-01,0.0,1.000000e+00,1.318545e-13,2.182440e-13
6.000000e-01,8.800000e-01,0.0,1.000000e+00,7.979530e-14,1.289919e-13
6.100000e-01,8.800000e-01,0.0,1.000000e+00,4.725083e-14,7.471470e-14
6.200000e-01,8.800000e-01,0.0,1.000000e+00,2.724813e-14,4.222388e-14
6.300000e-01,8.800000e-01,0.0,1.000000e+00,1.535440e-14,2.335619e-14
6.400000e-01,8.800000e-01,0.0,1.000000e+00,8.542571e-15,1.248940e-14
6.500000e-01,8.800000e-01,0.0,1.000000e+00,4.433627e-15,6.488259e-15
6.600000e-01,8.800000e-01,0.0,1.000000e+00,2.162859e-15,3.082000e-15
6.700000e-01,8.800000e-01,0.0,1.000000e+00,9.192558e-16,1.459998e-15
6.800000e-01,8.800000e-01,0.0,1.000000e+00,3.785631e-16,5.407749e-16
6.900000e-01,8.800000e-01,0.0,1.000000e+00,4.199958e-33,1.081595e-16
7.000000e-01,8.800000e-01,0.0,1.000000e+00,0.000000e+00,0.000000e+00
7.100000e-01,8.800000e-01,0.0,1.000000e+00,0.000000e+00,0.000000e+00
7.200000e-01,8.800000e-01,0.0,1.000000e+00,0.000000e+00,0.000000e+00
7.300000e-01,8.800000e-01,0.0,1.000000e+00,0.000000e+00,0.000000e+00
7.400000e-01,8.800000e-01,0.0,1.000000e+00,0.000000e+00,0.000000e+00
7.500000e-01,8.800000e-01,0.0,1.000000e+00,0.000000e+00,0.000000e+00
7.600000e-01,8.800000e-01,0.0,1.000000e+00,0.000000e+00,0.000000e+00
7.700000e-01,8.800000e-01,0.0,1.000000e+00,0.000000e+00,0.000000e+00
7.800000e-01,8.800000e-01,0.0,1.000000e+00,0.000000e+00,0.000000e+00
7.900000e-01,8.800000e-01,0.0,1.000000e+00,0.000000e+00,0.000000e+00
8.000000e-01,8.800000e-01,0.0,1.000000e+00,0.000000e+00,0.000000e+00
8.100000e-01,8.800000e-01,0.0,1.000000e+00,0.000000e+00,0.000000e+00
8.200000e-01,8.800000e-01,0.0,1.000000e+00,0.000000e+00,0.000000e+00
8.300000e-01,8.800000e-01,0.0,1.000000e+00,0.000000e+00,0.000000e+00
8.400000e-01,8.800000e-01,0.0,1.000000e+00,0.000000e+00,0.000000e+00
8.500000e-01,8.800000e-01,0.0,1.000000e+00,0.000000e+00,0.000000e+00
8.600000e-01,8.800000e-01,0.0,1.000000e+00,0.000000e+00,0.000000e+00
8.700000e-01,8.800000e-01,0.0,1.000000e+00,0.000000e+00,0.000000e+00
8.800000e-01,8.800000e-01,0.0,1.000000e+00,0.000000e+00,0.000000e+00
8.900000e-01,8.800000e-01,0.0,1.000000e+00,0.000000e+00,0.000000e+00
9.000000e-01,8.800000e-01,0.0,1.000000e+00,0.000000e+00,0.000000e+00
9.100000e-01,8.800000e-01,0.0,1.000000e+00,0.000000e+00,0.000000e+00
9.200000e-01,8.800000e-01,0.0,1.000000e+00,0.000000e+00,0.000000e+00
9.300000e-01,8.800000e-01,0.0,1.000000e+00,0.000000e+00,0.000000e+00
9.400000e-01,8.800000e-01,0.0,1.000000e+00,0.000000e+00,0.000000e+00
9.500000e-01,8.800000e-01,0.0,1.000000e+00,0.000000e+00,0.000000e+00
9.600000e-01,8.800000e-01,0.0,1.000000e+00,0.000000e+00,0.000000e+00
9.700000e-01,8.800000e-01,0.0,1.000000e+00,0.000000e+00,0.000000e+00
9.800000e-01,8.800000e-01,0.0,1.000000e+00,0.000000e+00,0.000000e+00
9.900000e-01,8.800000e-01,0.0,1.000000e+00,0.000000e+00,0.000000e+00
1.000000e+00,8.800000e-01,0.0,1.000000e+00,0.000000e+00,0.000000e+00
0.000000e+00,8.900000e-01,0.0,1.000000e+00,-1.511529e-12,1.694984e-10
1.000000e-02,8.900000e-01,0.0,1.000000e+00,-7.894155e-12,1.700639e-10
2.000000e-02,8.900000e-01,0.0,1.000000e+00,-1.569521e-11,1.772280e-10
3.000000e-02,8.900000e-01,0.0,1.000000e+00,-2.312149e-11,1.890313e-10
4.000000e-02,8.900000e-01,0.0,1.000000e+00,-2.999337e-11,2.051585e-10
5.000000e-02,8.900000e-01,0.0,1.000000e+00,-3.614509e-11,2.251812e-10
6.000000e-02,8.900000e-01,0.0,1.000000e+00,-4.142800e-11,2.485732e-10
7.000000e-02,8.900000e-01,0.0,1.000000e+00,-4.571403e-11,2.747307e-10
8.000000e-02,8.900000e-01,0.0,1.000000e+00,-4.889848e-11,3.029891e-10
9.000000e-02,8.900000e-01,0.0,1.000000e+00,-5.090109e-11,3.326426e-10
1.000000e-01,8.900000e-01,0.0,1.000000e+00,-5.166748e-11,3.629603e-10
1.100000e-01,8.900000e-01,0.0,1.000000e+00,-5.117055e-11,3.932039e-10
1.200000e-01,8.900000e-01,0.0,1.000000e+00,-4.941160e-11,4.226439e-10
1.300000e-01,8.900000e-01,0.0,1.000000e+00,-4.642253e-11,4.505712e-10
1.400000e-01,8.900000e-01,0.0,1.000000e+00,-4.226637e-11,4.763154e-10
1.500000e-01,8.900000e-01,0.0,1.000000e+00,-3.703566e-11,4.992568e-10
1.600000e-01,8.900000e-01,0.0,1.000000e+00,-3.085456e-11,5.188409e-10
1.700000e-01,8.900000e-01,0.0,1.000000e+00,-2.387324e-11,5.345914e-10
1.800000e-01,8.900000e-01,0.0,1.000000e+00,-1.626838e-11,5.461244e-10
1.900000e-01,8.900000e-01,0.0,1.000000e+00,-8.234002e-12,5.531554e-10
2.000000e-01,8.900000e-01,0.0,1.000000e+00,2.221990e-14,5.555077e-10
2.100000e-01,8.900000e-01,0.0,1.000000e+00,8.284928e-12,5.531204e-10
2.200000e-01,8.900000e-01,0.0,1.000000e+00,1.634120e-11,5.460441e-10
2.300000e-01,8.900000e-01,0.0,1.000000e+00,2.398763e-11,5.344428e-10
2.400000e-01,8.900000e-01,0.0,1.000000e+00,3.103701e-11,5.185845e-10
2.500000e-01,8.900000e-01,0.0,1.000000e+00,3.732546e-11,4.988302e-10
2.600000e-01,8.900000e-01,0.0,1.000000e+00,4.271856e-11,4.756215e-10
2.700000e-01,8.900000e-01,0.0,1.000000e+00,4.711407e-11,4.494666e-10
2.800000e-01,8.900000e-01,0.0,1.000000e+00,5.044643e-11,4.209217e-10
2.900000e-01,8.900000e-01,0.0,1.000000e+00,5.268662e-11,3.905719e-10
3.000000e-01,8.900000e-01,0.0,1.000000e+00,5.384200e-11,3.590161e-10
3.100000e-01,8.900000e-01,0.0,1.000000e+00,5.395502e-11,3.268464e-10
3.200000e-01,8.900000e-01,0.0,1.000000e+00,5.309876e-11,2.946342e-10
3.300000e-01,8.900000e-01,0.0,1.000000e+00,5.137227e-11,2.629138e-10
3.400000e-01,8.900000e-01,0.0,1.000000e+00,4.889802e-11,2.321689e-10
3.500000e-01,8.900000e-01,0.0,1.000000e+00,4.581221e-11,2.028220e-10
3.600000e-01,8.900000e-01,0.0,1.000000e+00,4.226012e-11,1.752253e-10
3.700000e-01,8.900000e-01,0.0,1.000000e+00,3.839002e-11,1.496551e-10
3.800000e-01,8.900000e-01,0.0,1.000000e+00,3.434476e-11,1.263082e-10
3.900000e-01,8.900000e-01,0.0,1.000000e+00,3.025836e-11,1.053036e-10
4.000000e-01,8.900000e-01,0.0,1.000000e+00,2.624982e-11,8.668480e-11
4.100000e-01,8.900000e-01,0.0,1.000000e+00,2.241933e-11,7.042780e-11
4.200000e-01,8.900000e-01,0.0,1.000000e+00,1.884701e-11,5.644850e-11
4.300000e-01,8.900000e-01,0.0,1.000000e+00,1.559064e-11,4.461361e-11
4.400000e-01,8.900000e-01,0.0,1.000000e+00,1.268682e-11,3.475288e-11
4.500000e-01,8.900000e-01,0.0,1.000000e+00,1.015249e-11,2.666973e-11
4.600000e-01,8.900000e-01,0.0,1.000000e+00,7.987016e-12,2.015334e-11
4.700000e-01,8.900000e-01,0.0,1.000000e+00,6.174966e-12,1.498936e-11
4.800000e-01,8.900000e-01,0.0,1.000000e+00,4.689546e-12,1.096778e-11
4.900000e-01,8.900000e-01,0.0,1.000000e+00,3.497368e-12,7.891662e-12
5.000000e-01,8.900000e-01,0.0,1.000000e+00,2.560609e-12,5.581287e-12
5.100000e-01,8.900000e-01,0.0,1.000000e+00,1.839446e-12,3.878147e-12
5.200000e-01,8.900000e-01,0.0,1.000000e+00,1.296644e-12,2.646592e-12
5.300000e-01,8.900000e-01,0.0,1.000000e+00,8.962105e-13,1.773342e-12
5.400000e-01,8.900000e-01,0.0,1.000000e+00,6.071773e-13,1.165921e-12
5.500000e-01,8.900000e-01,0.0,1.000000e+00,4.033316e-13,7.521188e-13
5.600000e-01,8.900000e-01,0.0,1.000000e+00,2.624044e-13,4.758318e-13
5.700000e-01,8.900000e-01,0.0,1.000000e+00,1.671000e-13,2.950072e-13
5.800000e-01,8.900000e-01,0.0,1.000000e+00,1.043376e-13,1.789963e-13
5.900000e-01,8.900000e-01,0.0,1.000000e+00,6.346879e-14,1.065022e-13
6.000000e-01,8.900000e-01,0.0,1.000000e+00,3.795244e-14,6.206433e-14
6.100000e-01,8.900000e-01,0.0,1.000000e+00,2.200406e-14,3.524981e-14
6.200000e-01,8.900000e-01,0.0,1.000000e+00,1.248914e-14,1.940950e-14
6.300000e-01,8.900000e-01,0.0,1.000000e+00,6.920639e-15,1.043490e-14
6.400000e-01,8.900000e-01,0.0,1.000000e+00,3.514524e-15,5.460974e-15
6.500000e-01,8.900000e-01,0.0,1.000000e+00,1.730352e-15,2.595415e-15
6.600000e-01,8.900000e-01,0.0,1.000000e+00,6.489312e-16,1.189659e-15
6.700000e-01,8.900000e-01,0.0,1.000000e+00,1.081619e-16,3.785631e-16
6.800000e-01,8.900000e-01,0.0,1.000000e+00,1.367537e-33,0.000000e+00
6.900000e-01,8.900000e-01,0.0,1.000000e+00,0.000000e+00,0.000000e+00
7.000000e-01,8.900000e-01,0.0,1.000000e+00,0.000000e+00,0.000000e+00
7.100000e-01,8.900000e-01,0.0,1.000000e+00,0.000000e+00,0.000000e+00
7.200000e-01,8.900000e-01,0.0,1.000000e+00,0.000000e+00,0.000000e+00
7.300000e-01,8.900000e-01,0.0,1.000000e+00,0.000000e+00,0.000000e+00
7.400000e-01,8.900000e-01,0.0,1.000000e+00,0.000000e+00,0.000000e+00
7.500000e-01,8.900000e-01,0.0,1.000000e+00,0.000000e+00,0.000000e+00
7.600000e-01,8.900000e-01,0.0,1.000000e+00,0.000000e+00,0.000000e+00
7.700000e-01,8.900000e-01,0.0,1.000000e+00,0.000000e+00,0.000000e+00
7.800000e-01,8.900000e-01,0.0,1.000000e+00,0.000000e+00,0.000000e+00
7.900000e-01,8.900000e-01,0.0,1.000000e+00,0.000000e+00,0.000000e+00
8.000000e-01,8.900000e-01,0.0,1.000000e+00,0.000000e+00,0.000000e+00
8.100000e-01,8.900000e-01,0.0,1.000000e+00,0.000000e+00,0.000000e+00
8.200000e-01,8.900000e-01,0.0,1.000000e+00,0.000000e+00,0.000000e+00
8.300000e-01,8.900000e-01,0.0,1.000000e+00,0.000000e+00,0.000000e+00
8.400000e-01,8.900000e-01,0.0,1.000000e+00,0.000000e+00,0.000000e+00
8.500000e-01,8.900000e-01,0.0,1.000000e+00,0.000000e+00,0.000000e+00
8.600000e-01,8.900000e-01,0.0,1.000000e+00,0.000000e+00,0.000000e+00
8.700000e-01,8.900000e-01,0.0,1.000000e+00,0.000000e+00,0.000000e+00
8.800000e-01,8.900000e-01,0.0,1.000000e+00,0.000000e+00,0.000000e+00
8.900000e-01,8.900000e-01,0.0,1.000000e+00,0.000000e+00,0.000000e+00
9.000000e-01,8.900000e-01,0.0,1.000000e+00,0.000000e+00,0.000000e+00
9.100000e-01,8.900000e-01,0.0,1.000000e+00,0.000000e+00,0.000000e+00
9.200000e-01,8.900000e-01,0.0,1.000000e+00,0.000000e+00,0.000000e+00
9.300000e-01,8.900000e-01,0.0,1.000000e+00,0.000000e+00,0.000000e+00
9.400000e-01,8.900000e-01,0.0,1.000000e+00,0.000000e+00,0.000000e+00
9.500000e-01,8.900000e-01,0.0,1.000000e+00,0.000000e+00,0.000000e+00
9.600000e-01,8.900000e-01,0.0,1.000000e+00,0.000000e+00,0.000000e+00
9.700000e-01,8.900000e-01,0.0,1.000000e+00,0.000000e+00,0.000000e+00
9.800000e-01,8.900000e-01,0.0,1.000000e+00,0.000000e+00,0.000000e+00
9.900000e-01,8.900000e-01,0.0,1.000000e+00,0.000000e+00,0.000000e+00
1.000000e+00,8.900000e-01,0.0,1.000000e+00,0.000000e+00,0.000000e+00
0.000000e+00,9.000000e-01,0.0,1.000000e+00,-9.442325e-13,1.008508e-10
1.000000e-02,9.000000e-01,0.0,1.000000e+00,-4.872356e-12,1.013248e-10
2.000000e-02,9.000000e-01,0.0,1.000000e+00,-9.677535e-12,1.059872e-10
3.000000e-02,9.000000e-01,0.0,1.000000e+00,-1.426338e-11,1.136619e-10
4.000000e-02,9.000000e-01,0.0,1.000000e+00,-1.852357e-11,1.241522e-10
5.000000e-02,9.000000e-01,0.0,1.000000e+00,-2.235728e-11,1.371902e-10
6.000000e-02,9.000000e-01,0.0,1.000000e+00,-2.567321e-11,1.524447e-10
7.000000e-02,9.000000e-01,0.0,1.000000e+00,-2.838924e-11,1.695332e-10
8.000000e-02,9.000000e-01,0.0,1.000000e+00,-3.043594e-11,1.880293e-10
9.000000e-02,9.000000e-01,0.0,1.000000e+00,-3.175648e-11,2.074784e-10
1.000000e-01,9.000000e-01,0.0,1.000000e+00,-3.231003e-11,2.274037e-10
1.100000e-01,9.000000e-01,0.0,1.000000e+00,-3.207169e-11,2.473203e-10
1.200000e-01,9.000000e-01,0.0,1.000000e+00,-3.103583e-11,2.667440e-10
1.300000e-01,9.000000e-01,0.0,1.000000e+00,-2.921634e-11,2.852017e-10
1.400000e-01,9.000000e-01,0.0,1.000000e+00,-2.664762e-11,3.022430e-10
1.500000e-01,9.000000e-01,0.0,1.000000e+00,-2.338597e-11,3.174495e-10
1.600000e-01,9.000000e-01,0.0,1.000000e+00,-1.950809e-11,3.304454e-10
1.700000e-01,9.000000e-01,0.0,1.000000e+00,-1.510978e-11,3.409072e-10
1.800000e-01,9.000000e-01,0.0,1.000000e+00,-1.030429e-11,3.485731e-10
1.900000e-01,9.000000e-01,0.0,1.000000e+00,-5.218816e-12,3.532494e-10
2.000000e-01,9.000000e-01,0.0,1.000000e+00,1.070454e-14,3.548158e-10
2.100000e-01,9.000000e-01,0.0,1.000000e+00,5.244064e-12,3.532311e-10
2.200000e-01,9.000000e-01,0.0,1.000000e+00,1.034084e-11,3.485309e-10
2.300000e-01,9.000000e-01,0.0,1.000000e+00,1.516735e-11,3.408289e-10
2.400000e-01,9.000000e-01,0.0,1.000000e+00,1.960124e-11,3.303090e-10
2.500000e-01,9.000000e-01,0.0,1.000000e+00,2.353555e-11,3.172203e-10
2.600000e-01,9.000000e-01,0.0,1.000000e+00,2.688374e-11,3.018674e-10
2.700000e-01,9.000000e-01,0.0,1.000000e+00,2.958047e-11,2.845987e-10
2.800000e-01,9.000000e-01,0.0,1.000000e+00,3.158639e-11,2.657956e-10
2.900000e-01,9.000000e-01,0.0,1.000000e+00,3.288518e-11,2.458588e-10
3.000000e-01,9.000000e-01,0.0,1.000000e+00,3.348718e-11,2.251962e-10
3.100000e-01,9.000000e-01,0.0,1.000000e+00,3.342405e-11,2.042090e-10
3.200000e-01,9.000000e-01,0.0,1.000000e+00,3.274894e-11,1.832818e-10
3.300000e-01,9.000000e-01,0.0,1.000000e+00,3.153159e-11,1.627691e-10
3.400000e-01,9.000000e-01,0.0,1.000000e+00,2.985552e-11,1.429895e-10
3.500000e-01,9.000000e-01,0.0,1.000000e+00,2.781264e-11,1.242148e-10
3.600000e-01,9.000000e-01,0.0,1.000000e+00,2.549950e-11,1.066673e-10
3.700000e-01,9.000000e-01,0.0,1.000000e+00,2.301304e-11,9.051503e-11
3.800000e-01,9.000000e-01,0.0,1.000000e+00,2.044518e-11,7.587005e-11
3.900000e-01,9.000000e-01,0.0,1.000000e+00,1.787962e-11,6.279311e-11
4.000000e-01,9.000000e-01,0.0,1.000000e+00,1.538992e-11,5.129324e-11
4.100000e-01,9.000000e-01,0.0,1.000000e+00,1.303634e-11,4.133592e-11
4.200000e-01,9.000000e-01,0.0,1.000000e+00,1.086473e-11,3.284922e-11
4.300000e-01,9.000000e-01,0.0,1.000000e+00,8.906155e-12,2.573052e-11
4.400000e-01,9.000000e-01,0.0,1.000000e+00,7.179017e-12,1.985717e-11
4.500000e-01,9.000000e-01,0.0,1.000000e+00,5.688404e-12,1.509108e-11
4.600000e-01,9.000000e-01,0.0,1.000000e+00,4.429840e-12,1.128902e-11
4.700000e-01,9.000000e-01,0.0,1.000000e+00,3.388690e-12,8.308935e-12
4.800000e-01,9.000000e-01,0.0,1.000000e+00,2.545613e-12,6.013991e-12
4.900000e-01,9.000000e-01,0.0,1.000000e+00,1.877050e-12,4.279413e-12
5.000000e-01,9.000000e-01,0.0,1.000000e+00,1.358416e-12,2.992143e-12
5.100000e-01,9.000000e-01,0.0,1.000000e+00,9.643118e-13,2.054850e-12
5.200000e-01,9.000000e-01,0.0,1.000000e+00,6.712822e-13,1.385435e-12
5.300000e-01,9.000000e-01,0.0,1.000000e+00,4.587362e-13,9.166637e-13
5.400000e-01,9.000000e-01,0.0,1.000000e+00,3.068916e-13,5.949728e-13
5.500000e-01,9.000000e-01,0.0,1.000000e+00,2.011018e-13,3.789045e-13
5.600000e-01,9.000000e-01,0.0,1.000000e+00,1.289882e-13,2.364064e-13
5.700000e-01,9.000000e-01,0.0,1.000000e+00,8.087576e-14,1.445059e-13
5.800000e-01,9.000000e-01,0.0,1.000000e+00,4.984555e-14,8.644540e-14
5.900000e-01,9.000000e-01,0.0,1.000000e+00,2.989718e-14,5.065734e-14
6.000000e-01,9.000000e-01,0.0,1.000000e+00,1.751696e-14,2.892430e-14
6.100000e-01,9.000000e-01,0.0,1.000000e+00,9.948042e-15,1.600341e-14
6.200000e-01,9.000000e-01,0.0,1.000000e+00,5.406701e-15,8.596650e-15
6.300000e-01,9.000000e-01,0.0,1.000000e+00,2.865673e-15,4.487778e-15
6.400000e-01,9.000000e-01,0.0,1.000000e+00,1.405862e-15,2.054723e-15
6.500000e-01,9.000000e-01,0.0,1.000000e+00,6.489417e-16,9.192994e-16
6.600000e-01,9.000000e-01,0.0,1.000000e+00,1.081595e-16,2.163238e-16
6.700000e-01,9.000000e-01,0.0,1.000000e+00,3.419353e-34,0.000000e+00
6.800000e-01,9.000000e-01,0.0,1.000000e+00,0.000000e+00,0.000000e+00
6.900000e-01,9.000000e-01,0.0,1.000000e+00,0.000000e+00,0.000000e+00
7.000000e-01,9.000000e-01,0.0,1.000000e+00,0.000000e+00,0.000000e+00
7.100000e-01,9.000000e-01,0.0,1.000000e+00,0.000000e+00,0.000000e+00
7.200000e-01,9.000000e-01,0.0,1.000000e+00,0.000000e+00,0.000000e+00
7.300000e-01,9.000000e-01,0.0,1.000000e+00,0.000000e+00,0.000000e+00
7.400000e-01,9.000000e-01,0.0,1.000000e+00,0.000000e+00,0.000000e+00
7.500000e-01,9.000000e-01,0.0,1.000000e+00,0.000000e+00,0.000000e+00
7.600000e-01,9.000000e-01,0.0,1.000000e+00,0.000000e+00,0.000000e+00
7.700000e-01,9.000000e-01,0.0,1.000000e+00,0.000000e+00,0.000000e+00
7.800000e-01,9.000000e-01,0.0,1.000000e+00,0.000000e+00,0.000000e+00
7.900000e-01,9.000000e-01,0.0,1.000000e+00,0.000000e+00,0.000000e+00
8.000000e-01,9.000000e-01,0.0,1.000000e+00,0.000000e+00,0.000000e+00
8.100000e-01,9.000000e-01,0.0,1.000000e+00,0.000000e+00,0.000000e+00
8.200000e-01,9.000000e-01,0.0,1.000000e+00,0.000000e+00,0.000000e+00
8.300000e-01,9.000000e-01,0.0,1.000000e+00,0.000000e+00,0.000000e+00
8.400000e-01,9.000000e-01,0.0,1.000000e+00,0.000000e+00,0.000000e+00
8.500000e-01,9.000000e-01,0.0,1.000000e+00,0.000000e+00,0.000000e+00
8.600000e-01,9.000000e-01,0.0,1.000000e+00,0.000000e+00,0.000000e+00
8.700000e-01,9.000000e-01,0.0,1.000000e+00,0.000000e+00,0.000000e+00
8.800000e-01,9.000000e-01,0.0,1.000000e+00,0.000000e+00,0.000000e+00
8.900000e-01,9.000000e-01,0.0,1.000000e+00,0.000000e+00,0.000000e+00
9.000000e-01,9.000000e-01,0.0,1.000000e+00,0.000000e+00,0.000000e+00
9.100000e-01,9.000000e-01,0.0,1.000000e+00,0.000000e+00,0.000000e+00
9.200000e-01,9.000000e-01,0.0,1.000000e+00,0.000000e+00,0.000000e+00
9.300000e-01,9.000000e-01,0.0,1.000000e+00,0.000000e+00,0.000000e+00
9.400000e-01,9.000000e-01,0.0,1.000000e+00,0.000000e+00,0.000000e+00
9.500000e-01,9.000000e-01,0.0,1.000000e+00,0.000000e+00,0.000000e+00
9.600000e-01,9.000000e-01,0.0,1.000000e+00,0.000000e+00,0.000000e+00
9.700000e-01,9.000000e-01,0.0,1.000000e+00,0.000000e+00,0.000000e+00
9.800000e-01,9.000000e-01,0.0,1.000000e+00,0.000000e+00,0.000000e+00
9.900000e-01,9.000000e-01,0.0,1.000000e+00,0.000000e+00,0.000000e+00
1.000000e+00,9.000000e-01,0.0,1.000000e+00,0.000000e+00,0.000000e+00
0.000000e+00,9.100000e-01,0.0,1.000000e+00,-5.767065e-13,5.874595e-11
1.000000e-02,9.100000e-01,0.0,1.000000e+00,-2.941313e-12,5.910097e-11
2.000000e-02,9.100000e-01,0.0,1.000000e+00,-5.839333e-12,6.206734e-11
3.000000e-02,9.100000e-01,0.0,1.000000e+00,-8.612975e-12,6.694856e-11
4.000000e-02,9.100000e-01,0.0,1.000000e+00,-1.120095e-11,7.362501e-11
5.000000e-02,9.100000e-01,0.0,1.000000e+00,-1.354375e-11,8.193450e-11
6.000000e-02,9.100000e-01,0.0,1.000000e+00,-1.558528e-11,9.167344e-11
7.000000e-02,9.100000e-01,0.0,1.000000e+00,-1.727539e-11,1.026062e-10
8.000000e-02,9.100000e-01,0.0,1.000000e+00,-1.856789e-11,1.144665e-10
9.000000e-02,9.100000e-01,0.0,1.000000e+00,-1.942376e-11,1.269675e-10
1.000000e-01,9.100000e-01,0.0,1.000000e+00,-1.981357e-11,1.398056e-10
1.100000e-01,9.100000e-01,0.0,1.000000e+00,-1.971745e-11,1.526692e-10
1.200000e-01,9.100000e-01,0.0,1.000000e+00,-1.912617e-11,1.652418e-10
1.300000e-01,9.100000e-01,0.0,1.000000e+00,-1.804423e-11,1.772147e-10
1.400000e-01,9.100000e-01,0.0,1.000000e+00,-1.649011e-11,1.882897e-10
1.500000e-01,9.100000e-01,0.0,1.000000e+00,-1.449669e-11,1.981886e-10
1.600000e-01,9.100000e-01,0.0,1.000000e+00,-1.211000e-11,2.066600e-10
1.700000e-01,9.100000e-01,0.0,1.000000e+00,-9.390299e-12,2.134880e-10
1.800000e-01,9.100000e-01,0.0,1.000000e+00,-6.409456e-12,2.184952e-10
1.900000e-01,9.100000e-01,0.0,1.000000e+00,-3.248520e-12,2.215513e-10
2.000000e-01,9.100000e-01,0.0,1.000000e+00,5.082051e-15,2.225767e-10
2.100000e-01,9.100000e-01,0.0,1.000000e+00,3.260306e-12,2.215422e-10
2.200000e-01,9.100000e-01,0.0,1.000000e+00,6.427189e-12,2.184738e-10
2.300000e-01,9.100000e-01,0.0,1.000000e+00,9.418735e-12,2.134476e-10
2.400000e-01,9.100000e-01,0.0,1.000000e+00,1.215627e-11,2.065896e-10
2.500000e-01,9.100000e-01,0.0,1.000000e+00,1.457194e-11,1.980689e-10
2.600000e-01,9.100000e-01,0.0,1.000000e+00,1.661023e-11,1.880919e-10
2.700000e-01,9.100000e-01,0.0,1.000000e+00,1.823143e-11,1.768945e-10
2.800000e-01,9.100000e-01,0.0,1.000000e+00,1.941154e-11,1.647339e-10
2.900000e-01,9.100000e-01,0.0,1.000000e+00,2.014342e-11,1.518789e-10
3.000000e-01,9.100000e-01,0.0,1.000000e+00,2.043598e-11,1.386025e-10
3.100000e-01,9.100000e-01,0.0,1.000000e+00,2.031330e-11,1.251709e-10
3.200000e-01,9.100000e-01,0.0,1.000000e+00,1.981217e-11,1.118368e-10
3.300000e-01,9.100000e-01,0.0,1.000000e+00,1.898079e-11,9.883099e-11
3.400000e-01,9.100000e-01,0.0,1.000000e+00,1.787432e-11,8.635709e-11
3.500000e-01,9.100000e-01,0.0,1.000000e+00,1.655447e-11,7.458587e-11
3.600000e-01,9.100000e-01,0.0,1.000000e+00,1.508261e-11,6.365322e-11
3.700000e-01,9.100000e-01,0.0,1.000000e+00,1.352084e-11,5.365784e-11
3.800000e-01,9.100000e-01,0.0,1.000000e+00,1.192693e-11,4.466072e-11
3.900000e-01,9.100000e-01,0.0,1.000000e+00,1.035233e-11,3.668793e-11
4.000000e-01,9.100000e-01,0.0,1.000000e+00,8.839722e-12,2.973367e-11
4.100000e-01,9.100000e-01,0.0,1.000000e+00,7.425336e-12,2.376383e-11
4.200000e-01,9.100000e-01,0.0,1.000000e+00,6.133763e-12,1.872153e-11
4.300000e-01,9.100000e-01,0.0,1.000000e+00,4.982034e-12,1.453162e-11
4.400000e-01,9.100000e-01,0.0,1.000000e+00,3.977560e-12,1.110853e-11
4.500000e-01,9.100000e-01,0.0,1.000000e+00,3.120241e-12,8.359523e-12
4.600000e-01,9.100000e-01,0.0,1.000000e+00,2.404838e-12,6.189888e-12
4.700000e-01,9.100000e-01,0.0,1.000000e+00,1.820008e-12,4.507486e-12
4.800000e-01,9.100000e-01,0.0,1.000000e+00,1.352296e-12,3.227149e-12
4.900000e-01,9.100000e-01,0.0,1.000000e+00,9.858714e-13,2.270514e-12
5.000000e-01,9.100000e-01,0.0,1.000000e+00,7.053855e-13,1.569161e-12
5.100000e-01,9.100000e-01,0.0,1.000000e+00,4.947881e-13,1.064772e-12
5.200000e-01,9.100000e-01,0.0,1.000000e+00,3.401885e-13,7.094082e-13
5.300000e-01,9.100000e-01,0.0,1.000000e+00,2.293183e-13,4.637194e-13
5.400000e-01,9.100000e-01,0.0,1.000000e+00,1.515298e-13,2.970054e-13
5.500000e-01,9.100000e-01,0.0,1.000000e+00,9.806595e-14,1.865094e-13
5.600000e-01,9.100000e-01,0.0,1.000000e+00,6.206266e-14,1.147187e-13
5.700000e-01,9.100000e-01,0.0,1.000000e+00,3.827619e-14,6.925409e-14
5.800000e-01,9.100000e-01,0.0,1.000000e+00,2.335538e-14,4.065570e-14
5.900000e-01,9.100000e-01,0.0,1.000000e+00,1.384059e-14,2.335587e-14
6.000000e-01,9.100000e-01,0.0,1.000000e+00,7.785530e-15,1.313796e-14
6.100000e-01,9.100000e-01,0.0,1.000000e+00,4.271400e-15,7.136913e-15
6.200000e-01,9.100000e-01,0.0,1.000000e+00,2.108768e-15,3.622671e-15
6.300000e-01,9.100000e-01,0.0,1.000000e+00,1.027430e-15,1.730320e-15
6.400000e-01,9.100000e-01,0.0,1.000000e+00,3.244672e-16,7.571012e-16
6.500000e-01,9.100000e-01,0.0,1.000000e+00,5.407975e-17,1.081595e-16
6.600000e-01,9.100000e-01,0.0,1.000000e+00,2.654478e-50,0.000000e+00
6.700000e-01,9.100000e-01,0.0,1.000000e+00,0.000000e+00,0.000000e+00
6.800000e-01,9.100000e-01,0.0,1.000000e+00,0.000000e+00,0.000000e+00
6.900000e-01,9.100000e-01,0.0,1.000000e+00,0.000000e+00,0.000000e+00
7.000000e-01,9.100000e-01,0.0,1.000000e+00,0.000000e+00,0.000000e+00
7.100000e-01,9.100000e-01,0.0,1.000000e+00,0.000000e+00,0.000000e+00
7.200000e-01,9.100000e-01,0.0,1.000000e+00,0.000000e+00,0.000000e+00
7.300000e-01,9.100000e-01,0.0,1.000000e+00,0.000000e+00,0.000000e+00
7.400000e-01,9.100000e-01,0.0,1.000000e+00,0.000000e+00,0.000000e+00
7.500000e-01,9.100000e-01,0.0,1.000000e+00,0.000000e+00,0.000000e+00
7.600000e-01,9.100000e-01,0.0,1.000000e+00,0.000000e+00,0.000000e+00
7.700000e-01,9.100000e-01,0.0,1.000000e+00,0.000000e+00,0.000000e+00
7.800000e-01,9.100000e-01,0.0,1.000000e+00,0.000000e+00,0.000000e+00
7.900000e-01,9.100000e-01,0.0,1.000000e+00,0.000000e+00,0.000000e+00
8.000000e-01,9.100000e-01,0.0,1.000000e+00,0.000000e+00,0.000000e+00
8.100000e-01,9.100000e-01,0.0,1.000000e+00,0.000000e+00,0.000000e+00
8.200000e-01,9.100000e-01,0.0,1.000000e+00,0.000000e+00,0.000000e+00
8.300000e-01,9.100000e-01,0.0,1.000000e+00,0.000000e+00,0.000000e+00
8.400000e-01,9.100000e-01,0.0,1.000000e+00,0.000000e+00,0.000000e+00
8.500000e-01,9.100000e-01,0.0,1.000000e+00,0.000000e+00,0.000000e+00
8.600000e-01,9.100000e-01,0.0,1.000000e+00,0.000000e+00,0.000000e+00
8.700000e-01,9.100000e-01,0.0,1.000000e+00,0.000000e+00,0.000000e+00
8.800000e-01,9.100000e-01,0.0,1.000000e+00,0.000000e+00,0.000000e+00
8.900000e-01,9.100000e-01,0.0,1.000000e+00,0.000000e+00,0.000000e+00
9.000000e-01,9.100000e-01,0.0,1.000000e+00,0.000000e+00,0.000000e+00
9.100000e-01,9.100000e-01,0.0,1.000000e+00,0.000000e+00,0.000000e+00
9.200000e-01,9.100000e-01,0.0,1.000000e+00,0.000000e+00,0.000000e+00
9.300000e-01,9.100000e-01,0.0,1.000000e+00,0.000000e+00,0.000000e+00
9.400000e-01,9.100000e-01,0.0,1.000000e+00,0.000000e+00,0.000000e+00
9.500000e-01,9.100000e-01,0.0,1.000000e+00,0.000000e+00,0.000000e+00
9.600000e-01,9.100000e-01,0.0,1.000000e+00,0.000000e+00,0.000000e+00
9.700000e-01,9.100000e-01,0.0,1.000000e+00,0.000000e+00,0.000000e+00
9.800000e-01,9.100000e-01,0.0,1.000000e+00,0.000000e+00,0.000000e+00
9.900000e-01,9.100000e-01,0.0,1.000000e+00,0.000000e+00,0.000000e+00
1.000000e+00,9.100000e-01,0.0,1.000000e+00,0.000000e+00,0.000000e+00
0.000000e+00,9.200000e-01,0.0,1.000000e+00,-3.440554e-13,3.349270e-11
1.000000e-02,9.200000e-01,0.0,1.000000e+00,-1.736697e-12,3.374044e-11
2.000000e-02,9.200000e-01,0.0,1.000000e+00,-3.447123e-12,3.558431e-11
3.000000e-02,9.200000e-01,0.0,1.000000e+00,-5.089223e-12,3.861897e-11
4.000000e-02,9.200000e-01,0.0,1.000000e+00,-6.628727e-12,4.277377e-11
5.000000e-02,9.200000e-01,0.0,1.000000e+00,-8.031476e-12,4.795374e-11
6.000000e-02,9.200000e-01,0.0,1.000000e+00,-9.264233e-12,5.403696e-11
7.000000e-02,9.200000e-01,0.0,1.000000e+00,-1.029603e-11,6.088165e-11
8.000000e-02,9.200000e-01,0.0,1.000000e+00,-1.109726e-11,6.832677e-11
9.000000e-02,9.200000e-01,0.0,1.000000e+00,-1.164188e-11,7.619500e-11
1.000000e-01,9.200000e-01,0.0,1.000000e+00,-1.190915e-11,8.429775e-11
1.100000e-01,9.200000e-01,0.0,1.000000e+00,-1.188366e-11,9.243765e-11
1.200000e-01,9.200000e-01,0.0,1.000000e+00,-1.155733e-11,1.004148e-10
1.300000e-01,9.200000e-01,0.0,1.000000e+00,-1.092973e-11,1.080292e-10
1.400000e-01,9.200000e-01,0.0,1.000000e+00,-1.000950e-11,1.150877e-10
1.500000e-01,9.200000e-01,0.0,1.000000e+00,-8.815573e-12,1.214084e-10
1.600000e-01,9.200000e-01,0.0,1.000000e+00,-7.375723e-12,1.268267e-10
1.700000e-01,9.200000e-01,0.0,1.000000e+00,-5.726429e-12,1.311993e-10
1.800000e-01,9.200000e-01,0.0,1.000000e+00,-3.912271e-12,1.344093e-10
1.900000e-01,9.200000e-01,0.0,1.000000e+00,-1.984368e-12,1.363698e-10
2.000000e-01,9.200000e-01,0.0,1.000000e+00,2.108646e-15,1.370282e-10
2.100000e-01,9.200000e-01,0.0,1.000000e+00,1.989775e-12,1.363654e-10
2.200000e-01,9.200000e-01,0.0,1.000000e+00,3.920759e-12,1.343985e-10
2.300000e-01,9.200000e-01,0.0,1.000000e+00,5.739890e-12,1.311792e-10
2.400000e-01,9.200000e-01,0.0,1.000000e+00,7.397943e-12,1.267912e-10
2.500000e-01,9.200000e-01,0.0,1.000000e+00,8.852713e-12,1.213476e-10
2.600000e-01,9.200000e-01,0.0,1.000000e+00,1.006924e-11,1.149863e-10
2.700000e-01,9.200000e-01,0.0,1.000000e+00,1.102346e-11,1.078636e-10
2.800000e-01,9.200000e-01,0.0,1.000000e+00,1.170167e-11,1.001500e-10
2.900000e-01,9.200000e-01,0.0,1.000000e+00,1.210146e-11,9.202238e-11
3.000000e-01,9.200000e-01,0.0,1.000000e+00,1.223030e-11,8.365874e-11
3.100000e-01,9.200000e-01,0.0,1.000000e+00,1.210520e-11,7.523324e-11
3.200000e-01,9.200000e-01,0.0,1.000000e+00,1.175140e-11,6.690684e-11
3.300000e-01,9.200000e-01,0.0,1.000000e+00,1.120086e-11,5.882714e-11
3.400000e-01,9.200000e-01,0.0,1.000000e+00,1.048943e-11,5.112063e-11
3.500000e-01,9.200000e-01,0.0,1.000000e+00,9.656710e-12,4.389212e-11
3.600000e-01,9.200000e-01,0.0,1.000000e+00,8.741929e-12,3.722159e-11
3.700000e-01,9.200000e-01,0.0,1.000000e+00,7.783619e-12,3.116538e-11
3.800000e-01,9.200000e-01,0.0,1.000000e+00,6.815882e-12,2.575413e-11
3.900000e-01,9.200000e-01,0.0,1.000000e+00,5.870442e-12,2.099642e-11
4.000000e-01,9.200000e-01,0.0,1.000000e+00,4.972540e-12,1.688065e-11
4.100000e-01,9.200000e-01,0.0,1.000000e+00,4.141583e-12,1.337818e-11
4.200000e-01,9.200000e-01,0.0,1.000000e+00,3.390652e-12,1.044683e-11
4.300000e-01,9.200000e-01,0.0,1.000000e+00,2.728507e-12,8.034352e-12
4.400000e-01,9.200000e-01,0.0,1.000000e+00,2.157260e-12,6.082986e-12
4.500000e-01,9.200000e-01,0.0,1.000000e+00,1.675293e-12,4.532050e-12
4.600000e-01,9.200000e-01,0.0,1.000000e+00,1.277529e-12,3.320964e-12
4.700000e-01,9.200000e-01,0.0,1.000000e+00,9.564580e-13,2.392769e-12
4.800000e-01,9.200000e-01,0.0,1.000000e+00,7.029478e-13,1.694666e-12
4.900000e-01,9.200000e-01,0.0,1.000000e+00,5.065683e-13,1.178715e-12
5.000000e-01,9.200000e-01,0.0,1.000000e+00,3.580787e-13,8.049756e-13
5.100000e-01,9.200000e-01,0.0,1.000000e+00,2.481827e-13,5.396134e-13
5.200000e-01,9.200000e-01,0.0,1.000000e+00,1.686650e-13,3.547917e-13
5.300000e-01,9.200000e-01,0.0,1.000000e+00,1.124448e-13,2.290528e-13
5.400000e-01,9.200000e-01,0.0,1.000000e+00,7.319827e-14,1.446671e-13
5.500000e-01,9.200000e-01,0.0,1.000000e+00,4.649294e-14,8.963460e-14
5.600000e-01,9.200000e-01,0.0,1.000000e+00,2.924783e-14,5.422496e-14
5.700000e-01,9.200000e-01,0.0,1.000000e+00,1.778708e-14,3.216803e-14
5.800000e-01,9.200000e-01,0.0,1.000000e+00,1.048863e-14,1.849027e-14
5.900000e-01,9.200000e-01,0.0,1.000000e+00,6.109457e-15,1.032661e-14
6.000000e-01,9.200000e-01,0.0,1.000000e+00,3.406375e-15,5.568979e-15
6.100000e-01,9.200000e-01,0.0,1.000000e+00,1.676252e-15,2.919804e-15
6.200000e-01,9.200000e-01,0.0,1.000000e+00,7.029295e-16,1.459998e-15
6.300000e-01,9.200000e-01,0.0,1.000000e+00,3.785631e-16,5.407749e-16
6.400000e-01,9.200000e-01,0.0,1.000000e+00,4.199958e-33,1.081595e-16
6.500000e-01,9.200000e-01,0.0,1.000000e+00,0.000000e+00,0.000000e+00
6.600000e-01,9.200000e-01,0.0,1.000000e+00,0.000000e+00,0.000000e+00
6.700000e-01,9.200000e-01,0.0,1.000000e+00,0.000000e+00,0.000000e+00
6.800000e-01,9.200000e-01,0.0,1.000000e+00,0.000000e+00,0.000000e+00
6.900000e-01,9.200000e-01,0.0,1.000000e+00,0.000000e+00,0.000000e+00
7.000000e-01,9.200000e-01,0.0,1.000000e+00,0.000000e+00,0.000000e+00
7.100000e-01,9.200000e-01,0.0,1.000000e+00,0.000000e+00,0.000000e+00
7.200000e-01,9.200000e-01,0.0,1.000000e+00,0.000000e+00,0.000000e+00
7.300000e-01,9.200000e-01,0.0,1.000000e+00,0.000000e+00,0.000000e+00
7.400000e-01,9.200000e-01,0.0,1.000000e+00,0.000000e+00,0.000000e+00
7.500000e-01,9.200000e-01,0.0,1.000000e+00,0.000000e+00,0.000000e+00
7.600000e-01,9.200000e-01,0.0,1.000000e+00,0.000000e+00,0.000000e+00
7.700000e-01,9.200000e-01,0.0,1.000000e+00,0.000000e+00,0.000000e+00
7.800000e-01,9.200000e-01,0.0,1.000000e+00,0.000000e+00,0.000000e+00
7.900000e-01,9.200000e-01,0.0,1.000000e+00,0.000000e+00,0.000000e+00
8.000000e-01,9.200000e-01,0.0,1.000000e+00,0.000000e+00,0.000000e+00
8.100000e-01,9.200000e-01,0.0,1.000000e+00,0.000000e+00,0.000000e+00
8.200000e-01,9.200000e-01,0.0,1.000000e+00,0.000000e+00,0.000000e+00
8.300000e-01,9.200000e-01,0.0,1.000000e+00,0.000000e+00,0.000000e+00
8.400000e-01,9.200000e-01,0.0,1.000000e+00,0.000000e+00,0.000000e+00
8.500000e-01,9.200000e-01,0.0,1.000000e+00,0.000000e+00,0.000000e+00
8.600000e-01,9.200000e-01,0.0,1.000000e+00,0.000000e+00,0.000000e+00
8.700000e-01,9.200000e-01,0.0,1.000000e+00,0.000000e+00,0.000000e+00
8.800000e-01,9.200000e-01,0.0,1.000000e+00,0.000000e+00,0.000000e+00
8.900000e-01,9.200000e-01,0.0,1.000000e+00,0.000000e+00,0.000000e+00
9.000000e-01,9.200000e-01,0.0,1.000000e+00,0.000000e+00,0.000000e+00
9.100000e-01,9.200000e-01,0.0,1.000000e+00,0.000000e+00,0.000000e+00
9.200000e-01,9.200000e-01,0.0,1.000000e+00,0.000000e+00,0.000000e+00
9.300000e-01,9.200000e-01,0.0,1.000000e+00,0.000000e+00,0.000000e+00
9.400000e-01,9.200000e-01,0.0,1.000000e+00,0.000000e+00,0.000000e+00
9.500000e-01,9.200000e-01,0.0,1.000000e+00,0.000000e+00,0.000000e+00
9.600000e-01,9.200000e-01,0.0,1.000000e+00,0.000000e+00,0.000000e+00
9.700000e-01,9.200000e-01,0.0,1.000000e+00,0.000000e+00,0.000000e+00
9.800000e-01,9.200000e-01,0.0,1.000000e+00,0.000000e+00,0.000000e+00
9.900000e-01,9.200000e-01,0.0,1.000000e+00,0.000000e+00,0.000000e+00
1.000000e+00,9.200000e-01,0.0,1.000000e+00,0.000000e+00,0.000000e+00
0.000000e+00,9.300000e-01,0.0,1.000000e+00,-2.006359e-13,1.868576e-11
1.000000e-02,9.300000e-01,0.0,1.000000e+00,-1.002579e-12,1.884960e-11
2.000000e-02,9.300000e-01,0.0,1.000000e+00,-1.989912e-12,1.996943e-11
3.000000e-02,9.300000e-01,0.0,1.000000e+00,-2.941622e-12,2.181289e-11
4.000000e-02,9.300000e-01,0.0,1.000000e+00,-3.838301e-12,2.434026e-11
5.000000e-02,9.300000e-01,0.0,1.000000e+00,-4.661031e-12,2.749656e-11
6.000000e-02,9.300000e-01,0.0,1.000000e+00,-5.390627e-12,3.121196e-11
7.000000e-02,9.300000e-01,0.0,1.000000e+00,-6.008335e-12,3.540345e-11
8.000000e-02,9.300000e-01,0.0,1.000000e+00,-6.495351e-12,3.997578e-11
9.000000e-02,9.300000e-01,0.0,1.000000e+00,-6.834977e-12,4.482282e-11
1.000000e-01,9.300000e-01,0.0,1.000000e+00,-7.013492e-12,4.982880e-11
1.100000e-01,9.300000e-01,0.0,1.000000e+00,-7.018956e-12,5.487257e-11
1.200000e-01,9.300000e-01,0.0,1.000000e+00,-6.844889e-12,5.982929e-11
1.300000e-01,9.300000e-01,0.0,1.000000e+00,-6.489618e-12,6.457328e-11
1.400000e-01,9.300000e-01,0.0,1.000000e+00,-5.956823e-12,6.898128e-11
1.500000e-01,9.300000e-01,0.0,1.000000e+00,-5.256720e-12,7.293678e-11
1.600000e-01,9.300000e-01,0.0,1.000000e+00,-4.405523e-12,7.633351e-11
1.700000e-01,9.300000e-01,0.0,1.000000e+00,-3.424904e-12,7.907869e-11
1.800000e-01,9.300000e-01,0.0,1.000000e+00,-2.341990e-12,8.109619e-11
1.900000e-01,9.300000e-01,0.0,1.000000e+00,-1.188827e-12,8.232955e-11
2.000000e-01,9.300000e-01,0.0,1.000000e+00,8.111011e-16,8.274401e-11
2.100000e-01,9.300000e-01,0.0,1.000000e+00,1.190990e-12,8.232749e-11
2.200000e-01,9.300000e-01,0.0,1.000000e+00,2.345721e-12,8.109105e-11
2.300000e-01,9.300000e-01,0.0,1.000000e+00,3.431013e-12,7.906885e-11
2.400000e-01,9.300000e-01,0.0,1.000000e+00,4.416119e-12,7.631627e-11
2.500000e-01,9.300000e-01,0.0,1.000000e+00,5.274506e-12,7.290700e-11
2.600000e-01,9.300000e-01,0.0,1.000000e+00,5.986016e-12,6.893100e-11
2.700000e-01,9.300000e-01,0.0,1.000000e+00,6.535894e-12,6.449014e-11
2.800000e-01,9.300000e-01,0.0,1.000000e+00,6.916626e-12,5.969485e-11
2.900000e-01,9.300000e-01,0.0,1.000000e+00,7.127616e-12,5.465985e-11
3.000000e-01,9.300000e-01,0.0,1.000000e+00,7.174803e-12,4.949840e-11
3.100000e-01,9.300000e-01,0.0,1.000000e+00,7.070507e-12,4.432084e-11
3.200000e-01,9.300000e-01,0.0,1.000000e+00,6.830991e-12,3.922871e-11
3.300000e-01,9.300000e-01,0.0,1.000000e+00,6.477274e-12,3.431303e-11
3.400000e-01,9.300000e-01,0.0,1.000000e+00,6.031403e-12,2.965133e-11
3.500000e-01,9.300000e-01,0.0,1.000000e+00,5.518776e-12,2.530546e-11
3.600000e-01,9.300000e-01,0.0,1.000000e+00,4.963711e-12,2.132172e-11
3.700000e-01,9.300000e-01,0.0,1.000000e+00,4.388636e-12,1.773019e-11
3.800000e-01,9.300000e-01,0.0,1.000000e+00,3.814845e-12,1.454487e-11
3.900000e-01,9.300000e-01,0.0,1.000000e+00,3.260174e-12,1.176685e-11
4.000000e-01,9.300000e-01,0.0,1.000000e+00,2.738839e-12,9.384043e-12
4.100000e-01,9.300000e-01,0.0,1.000000e+00,2.261488e-12,7.373643e-12
4.200000e-01,9.300000e-01,0.0,1.000000e+00,1.834772e-12,5.706480e-12
4.300000e-01,9.300000e-01,0.0,1.000000e+00,1.462367e-12,4.348026e-12
4.400000e-01,9.300000e-01,0.0,1.000000e+00,1.144872e-12,3.260187e-12
4.500000e-01,9.300000e-01,0.0,1.000000e+00,8.801260e-13,2.404538e-12
4.600000e-01,9.300000e-01,0.0,1.000000e+00,6.641848e-13,1.743846e-12
4.700000e-01,9.300000e-01,0.0,1.000000e+00,4.921859e-13,1.243088e-12
4.800000e-01,9.300000e-01,0.0,1.000000e+00,3.576435e-13,8.703787e-13
4.900000e-01,9.300000e-01,0.0,1.000000e+00,2.547216e-13,5.985317e-13
5.000000e-01,9.300000e-01,0.0,1.000000e+00,1.775832e-13,4.038741e-13
5.100000e-01,9.300000e-01,0.0,1.000000e+00,1.215798e-13,2.673790e-13
5.200000e-01,9.300000e-01,0.0,1.000000e+00,8.190125e-14,1.736420e-13
5.300000e-01,9.300000e-01,0.0,1.000000e+00,5.384471e-14,1.105010e-13
5.400000e-01,9.300000e-01,0.0,1.000000e+00,3.459934e-14,6.876701e-14
5.500000e-01,9.300000e-01,0.0,1.000000e+00,2.184137e-14,4.200693e-14
5.600000e-01,9.300000e-01,0.0,1.000000e+00,1.346197e-14,2.508572e-14
5.700000e-01,9.300000e-01,0.0,1.000000e+00,7.893610e-15,1.454350e-14
5.800000e-01,9.300000e-01,0.0,1.000000e+00,4.541634e-15,8.218171e-15
5.900000e-01,9.300000e-01,0.0,1.000000e+00,2.649363e-15,4.487778e-15
6.000000e-01,9.300000e-01,0.0,1.000000e+00,1.405870e-15,2.108776e-15
6.100000e-01,9.300000e-01,0.0,1.000000e+00,6.489312e-16,9.733331e-16
6.200000e-01,9.300000e-01,0.0,1.000000e+00,1.081619e-16,3.785631e-16
6.300000e-01,9.300000e-01,0.0,1.000000e+00,1.367537e-33,0.000000e+00
6.400000e-01,9.300000e-01,0.0,1.000000e+00,0.000000e+00,0.000000e+00
6.500000e-01,9.300000e-01,0.0,1.000000e+00,0.000000e+00,0.000000e+00
6.600000e-01,9.300000e-01,0.0,1.000000e+00,0.000000e+00,0.000000e+00
6.700000e-01,9.300000e-01,0.0,1.000000e+00,0.000000e+00,0.000000e+00
6.800000e-01,9.300000e-01,0.0,1.000000e+00,0.000000e+00,0.000000e+00
6.900000e-01,9.300000e-01,0.0,1.000000e+00,0.000000e+00,0.000000e+00
7.000000e-01,9.300000e-01,0.0,1.000000e+00,0.000000e+00,0.000000e+00
7.100000e-01,9.300000e-01,0.0,1.000000e+00,0.000000e+00,0.000000e+00
7.200000e-01,9.300000e-01,0.0,1.000000e+00,0.000000e+00,0.000000e+00
7.300000e-01,9.300000e-01,0.0,1.000000e+00,0.000000e+00,0.000000e+00
7.400000e-01,9.300000e-01,0.0,1.000000e+00,0.000000e+00,0.000000e+00
7.500000e-01,9.300000e-01,0.0,1.000000e+00,0.000000e+00,0.000000e+00
7.600000e-01,9.300000e-01,0.0,1.000000e+00,0.000000e+00,0.000000e+00
7.700000e-01,9.300000e-01,0.0,1.000000e+00,0.000000e+00,0.000000e+00
7.800000e-01,9.300000e-01,0.0,1.000000e+00,0.000000e+00,0.000000e+00
7.900000e-01,9.300000e-01,0.0,1.000000e+00,0.000000e+00,0.000000e+00
8.000000e-01,9.300000e-01,0.0,1.000000e+00,0.000000e+00,0.000000e+00
8.100000e-01,9.300000e-01,0.0,1.000000e+00,0.000000e+00,0.000000e+00
8.200000e-01,9.300000e-01,0.0,1.000000e+00,0.000000e+00,0.000000e+00
8.300000e-01,9.300000e-01,0.0,1.000000e+00,0.000000e+00,0.000000e+00
8.400000e-01,9.300000e-01,0.0,1.000000e+00,0.000000e+00,0.000000e+00
8.500000e-01,9.300000e-01,0.0,1.000000e+00,0.000000e+00,0.000000e+00
8.600000e-01,9.300000e-01,0.0,1.000000e+00,0.000000e+00,0.000000e+00
8.700000e-01,9.300000e-01,0.0,1.000000e+00,0.000000e+00,0.000000e+00
8.800000e-01,9.300000e-01,0.0,1.000000e+00,0.000000e+00,0.000000e+00
8.900000e-01,9.300000e-01,0.0,1.000000e+00,0.000000e+00,0.000000e+00
9.000000e-01,9.300000e-01,0.0,1.000000e+00,0.000000e+00,0.000000e+00
9.100000e-01,9.300000e-01,0.0,1.000000e+00,0.000000e+00,0.000000e+00
9.200000e-01,9.300000e-01,0.0,1.000000e+00,0.000000e+00,0.000000e+00
9.300000e-01,9.300000e-01,0.0,1.000000e+00,0.000000e+00,0.000000e+00
9.400000e-01,9.300000e-01,0.0,1.000000e+00,0.000000e+00,0.000000e+00
9.500000e-01,9.300000e-01,0.0,1.000000e+00,0.000000e+00,0.000000e+00
9.600000e-01,9.300000e-01,0.0,1.000000e+00,0.000000e+00,0.000000e+00
9.700000e-01,9.300000e-01,0.0,1.000000e+00,0.000000e+00,0.000000e+00
9.800000e-01,9.300000e-01,0.0,1.000000e+00,0.000000e+00,0.000000e+00
9.900000e-01,9.300000e-01,0.0,1.000000e+00,0.000000e+00,0.000000e+00
1.000000e+00,9.300000e-01,0.0,1.000000e+00,0.000000e+00,0.000000e+00
0.000000e+00,9.400000e-01,0.0,1.000000e+00,-1.144328e-13,1.019964e-11
1.000000e-02,9.400000e-01,0.0,1.000000e+00,-5.656776e-13,1.030372e-11
2.000000e-02,9.400000e-01,0.0,1.000000e+00,-1.123300e-12,1.096751e-11
3.000000e-02,9.400000e-01,0.0,1.000000e+00,-1.662867e-12,1.206116e-11
4.000000e-02,9.400000e-01,0.0,1.000000e+00,-2.174538e-12,1.356302e-11
5.000000e-02,9.400000e-01,0.0,1.000000e+00,-2.647233e-12,1.544237e-11
6.000000e-02,9.400000e-01,0.0,1.000000e+00,-3.069926e-12,1.766051e-11
7.000000e-02,9.400000e-01,0.0,1.000000e+00,-3.432296e-12,2.016999e-11
8.000000e-02,9.400000e-01,0.0,1.000000e+00,-3.722559e-12,2.291605e-11
9.000000e-02,9.400000e-01,0.0,1.000000e+00,-3.930019e-12,2.583599e-11
1.000000e-01,9.400000e-01,0.0,1.000000e+00,-4.045867e-12,2.886211e-11
1.100000e-01,9.400000e-01,0.0,1.000000e+00,-4.061838e-12,3.192036e-11
1.200000e-01,9.400000e-01,0.0,1.000000e+00,-3.972799e-12,3.493508e-11
1.300000e-01,9.400000e-01,0.0,1.000000e+00,-3.776590e-12,3.782824e-11
1.400000e-01,9.400000e-01,0.0,1.000000e+00,-3.474998e-12,4.052375e-11
1.500000e-01,9.400000e-01,0.0,1.000000e+00,-3.072995e-12,4.294769e-11
1.600000e-01,9.400000e-01,0.0,1.000000e+00,-2.579933e-12,4.503284e-11
1.700000e-01,9.400000e-01,0.0,1.000000e+00,-2.008134e-12,4.672149e-11
1.800000e-01,9.400000e-01,0.0,1.000000e+00,-1.374728e-12,4.796327e-11
1.900000e-01,9.400000e-01,0.0,1.000000e+00,-6.984691e-13,4.872345e-11
2.000000e-01,9.400000e-01,0.0,1.000000e+00,3.244833e-16,4.897922e-11
2.100000e-01,9.400000e-01,0.0,1.000000e+00,6.992262e-13,4.872242e-11
2.200000e-01,9.400000e-01,0.0,1.000000e+00,1.376242e-12,4.796100e-11
2.300000e-01,9.400000e-01,0.0,1.000000e+00,2.011053e-12,4.671705e-11
2.400000e-01,9.400000e-01,0.0,1.000000e+00,2.584637e-12,4.502516e-11
2.500000e-01,9.400000e-01,0.0,1.000000e+00,3.081267e-12,4.293342e-11
2.600000e-01,9.400000e-01,0.0,1.000000e+00,3.488838e-12,4.049958e-11
2.700000e-01,9.400000e-01,0.0,1.000000e+00,3.798755e-12,3.778775e-11
2.800000e-01,9.400000e-01,0.0,1.000000e+00,4.007398e-12,3.486842e-11
2.900000e-01,9.400000e-01,0.0,1.000000e+00,4.114547e-12,3.181402e-11
3.000000e-01,9.400000e-01,0.0,1.000000e+00,4.125335e-12,2.869556e-11
3.100000e-01,9.400000e-01,0.0,1.000000e+00,4.047326e-12,2.558078e-11
3.200000e-01,9.400000e-01,0.0,1.000000e+00,3.891004e-12,2.253240e-11
3.300000e-01,9.400000e-01,0.0,1.000000e+00,3.669607e-12,1.960541e-11
3.400000e-01,9.400000e-01,0.0,1.000000e+00,3.397619e-12,1.684534e-11
3.500000e-01,9.400000e-01,0.0,1.000000e+00,3.089521e-12,1.428882e-11
3.600000e-01,9.400000e-01,0.0,1.000000e+00,2.760392e-12,1.196077e-11
3.700000e-01,9.400000e-01,0.0,1.000000e+00,2.423203e-12,9.876816e-12
3.800000e-01,9.400000e-01,0.0,1.000000e+00,2.090708e-12,8.042915e-12
3.900000e-01,9.400000e-01,0.0,1.000000e+00,1.772801e-12,6.455990e-12
4.000000e-01,9.400000e-01,0.0,1.000000e+00,1.477101e-12,5.106534e-12
4.100000e-01,9.400000e-01,0.0,1.000000e+00,1.208744e-12,3.978070e-12
4.200000e-01,9.400000e-01,0.0,1.000000e+00,9.716246e-13,3.050929e-12
4.300000e-01,9.400000e-01,0.0,1.000000e+00,7.669856e-13,2.303010e-12
4.400000e-01,9.400000e-01,0.0,1.000000e+00,5.941797e-13,1.709943e-12
4.500000e-01,9.400000e-01,0.0,1.000000e+00,4.521817e-13,1.248431e-12
4.600000e-01,9.400000e-01,0.0,1.000000e+00,3.377485e-13,8.959960e-13
4.700000e-01,9.400000e-01,0.0,1.000000e+00,2.476386e-13,6.316110e-13
4.800000e-01,9.400000e-01,0.0,1.000000e+00,1.778523e-13,4.373869e-13
4.900000e-01,9.400000e-01,0.0,1.000000e+00,1.249845e-13,2.971630e-13
5.000000e-01,9.400000e-01,0.0,1.000000e+00,8.627935e-14,1.980755e-13
5.100000e-01,9.400000e-01,0.0,1.000000e+00,5.827720e-14,1.294752e-13
5.200000e-01,9.400000e-01,0.0,1.000000e+00,3.859971e-14,8.314629e-14
5.300000e-01,9.400000e-01,0.0,1.000000e+00,2.535504e-14,5.216997e-14
5.400000e-01,9.400000e-01,0.0,1.000000e+00,1.621898e-14,3.184340e-14
5.500000e-01,9.400000e-01,0.0,1.000000e+00,9.839584e-15,1.924690e-14
5.600000e-01,9.400000e-01,0.0,1.000000e+00,6.109369e-15,1.108348e-14
5.700000e-01,9.400000e-01,0.0,1.000000e+00,3.730654e-15,6.325837e-15
5.800000e-01,9.400000e-01,0.0,1.000000e+00,2.000609e-15,3.568492e-15
5.900000e-01,9.400000e-01,0.0,1.000000e+00,9.192703e-16,1.730320e-15
6.000000e-01,9.400000e-01,0.0,1.000000e+00,3.244672e-16,8.652172e-16
6.100000e-01,9.400000e-01,0.0,1.000000e+00,5.407975e-17,2.163238e-16
6.200000e-01,9.400000e-01,0.0,1.000000e+00,3.419353e-34,0.000000e+00
6.300000e-01,9.400000e-01,0.0,1.000000e+00,0.000000e+00,0.000000e+00
6.400000e-01,9.400000e-01,0.0,1.000000e+00,0.000000e+00,0.000000e+00
6.500000e-01,9.400000e-01,0.0,1.000000e+00,0.000000e+00,0.000000e+00
6.600000e-01,9.400000e-01,0.0,1.000000e+00,0.000000e+00,0.000000e+00
6.700000e-01,9.400000e-01,0.0,1.000000e+00,0.000000e+00,0.000000e+00
6.800000e-01,9.400000e-01,0.0,1.000000e+00,0.000000e+00,0.000000e+00
6.900000e-01,9.400000e-01,0.0,1.000000e+00,0.000000e+00,0.000000e+00
7.000000e-01,9.400000e-01,0.0,1.000000e+00,0.000000e+00,0.000000e+00
7.100000e-01,9.400000e-01,0.0,1.000000e+00,0.000000e+00,0.000000e+00
7.200000e-01,9.400000e-01,0.0,1.000000e+00,0.000000e+00,0.000000e+00
7.300000e-01,9.400000e-01,0.0,1.000000e+00,0.000000e+00,0.000000e+00
7.400000e-01,9.400000e-01,0.0,1.000000e+00,0.000000e+00,0.000000e+00
7.500000e-01,9.400000e-01,0.0,1.000000e+00,0.000000e+00,0.000000e+00
7.600000e-01,9.400000e-01,0.0,1.000000e+00,0.000000e+00,0.000000e+00
7.700000e-01,9.400000e-01,0.0,1.000000e+00,0.000000e+00,0.000000e+00
7.800000e-01,9.400000e-01,0.0,1.000000e+00,0.000000e+00,0.000000e+00
7.900000e-01,9.400000e-01,0.0,1.000000e+00,0.000000e+00,0.000000e+00
8.000000e-01,9.400000e-01,0.0,1.000000e+00,0.000000e+00,0.000000e+00
8.100000e-01,9.400000e-01,0.0,1.000000e+00,0.000000e+00,0.000000e+00
8.200000e-01,9.400000e-01,0.0,1.000000e+00,0.000000e+00,0.000000e+00
8.300000e-01,9.400000e-01,0.0,1.000000e+00,0.000000e+00,0.000000e+00
8.400000e-01,9.400000e-01,0.0,1.000000e+00,0.000000e+00,0.000000e+00
8.500000e-01,9.400000e-01,0.0,1.000000e+00,0.000000e+00,0.000000e+00
8.600000e-01,9.400000e-01,0.0,1.000000e+00,0.000000e+00,0.000000e+00
8.700000e-01,9.400000e-01,0.0,1.000000e+00,0.000000e+00,0.000000e+00
8.800000e-01,9.400000e-01,0.0,1.000000e+00,0.000000e+00,0.000000e+00
8.900000e-01,9.400000e-01,0.0,1.000000e+00,0.000000e+00,0.000000e+00
9.000000e-01,9.400000e-01,0.0,1.000000e+00,0.000000e+00,0.000000e+00
9.100000e-01,9.400000e-01,0.0,1.000000e+00,0.000000e+00,0.000000e+00
9.200000e-01,9.400000e-01,0.0,1.000000e+00,0.000000e+00,0.000000e+00
9.300000e-01,9.400000e-01,0.0,1.000000e+00,0.000000e+00,0.000000e+00
9.400000e-01,9.400000e-01,0.0,1.000000e+00,0.000000e+00,0.000000e+00
9.500000e-01,9.400000e-01,0.0,1.000000e+00,0.000000e+00,0.000000e+00
9.600000e-01,9.400000e-01,0.0,1.000000e+00,0.000000e+00,0.000000e+00
9.700000e-01,9.400000e-01,0.0,1.000000e+00,0.000000e+00,0.000000e+00
9.800000e-01,9.400000e-01,0.0,1.000000e+00,0.000000e+00,0.000000e+00
9.900000e-01,9.400000e-01,0.0,1.000000e+00,0.000000e+00,0.000000e+00
1.000000e+00,9.400000e-01,0.0,1.000000e+00,0.000000e+00,0.000000e+00
0.000000e+00,9.500000e-01,0.0,1.000000e+00,-6.359779e-14,5.445292e-12
1.000000e-02,9.500000e-01,0.0,1.000000e+00,-3.120890e-13,5.509225e-12
2.000000e-02,9.500000e-01,0.0,1.000000e+00,-6.201231e-13,5.893232e-12
3.000000e-02,9.500000e-01,0.0,1.000000e+00,-9.195608e-13,6.526287e-12
4.000000e-02,9.500000e-01,0.0,1.000000e+00,-1.204996e-12,7.397632e-12
5.000000e-02,9.500000e-01,0.0,1.000000e+00,-1.471024e-12,8.490347e-12
6.000000e-02,9.500000e-01,0.0,1.000000e+00,-1.711320e-12,9.783782e-12
7.000000e-02,9.500000e-01,0.0,1.000000e+00,-1.919560e-12,1.125156e-11
8.000000e-02,9.500000e-01,0.0,1.000000e+00,-2.089315e-12,1.286341e-11
9.000000e-02,9.500000e-01,0.0,1.000000e+00,-2.213666e-12,1.458243e-11
1.000000e-01,9.500000e-01,0.0,1.000000e+00,-2.286616e-12,1.637044e-11
1.100000e-01,9.500000e-01,0.0,1.000000e+00,-2.303464e-12,1.818341e-11
1.200000e-01,9.500000e-01,0.0,1.000000e+00,-2.259942e-12,1.997647e-11
1.300000e-01,9.500000e-01,0.0,1.000000e+00,-2.154158e-12,2.170229e-11
1.400000e-01,9.500000e-01,0.0,1.000000e+00,-1.987142e-12,2.331418e-11
1.500000e-01,9.500000e-01,0.0,1.000000e+00,-1.761597e-12,2.476734e-11
1.600000e-01,9.500000e-01,0.0,1.000000e+00,-1.481143e-12,2.602015e-11
1.700000e-01,9.500000e-01,0.0,1.000000e+00,-1.154699e-12,2.703598e-11
1.800000e-01,9.500000e-01,0.0,1.000000e+00,-7.913442e-13,2.778393e-11
1.900000e-01,9.500000e-01,0.0,1.000000e+00,-4.020489e-13,2.824231e-11
2.000000e-01,9.500000e-01,0.0,1.000000e+00,3.525920e-28,2.839644e-11
2.100000e-01,9.500000e-01,0.0,1.000000e+00,4.022652e-13,2.824193e-11
2.200000e-01,9.500000e-01,0.0,1.000000e+00,7.917769e-13,2.778317e-11
2.300000e-01,9.500000e-01,0.0,1.000000e+00,1.155889e-12,2.703415e-11
2.400000e-01,9.500000e-01,0.0,1.000000e+00,1.483522e-12,2.601653e-11
2.500000e-01,9.500000e-01,0.0,1.000000e+00,1.765165e-12,2.476096e-11
2.600000e-01,9.500000e-01,0.0,1.000000e+00,1.993846e-12,2.330283e-11
2.700000e-01,9.500000e-01,0.0,1.000000e+00,2.164538e-12,2.168299e-11
2.800000e-01,9.500000e-01,0.0,1.000000e+00,2.276107e-12,1.994414e-11
2.900000e-01,9.500000e-01,0.0,1.000000e+00,2.328495e-12,1.813178e-11
3.000000e-01,9.500000e-01,0.0,1.000000e+00,2.324836e-12,1.628897e-11
3.100000e-01,9.500000e-01,0.0,1.000000e+00,2.270158e-12,1.445598e-11
3.200000e-01,9.500000e-01,0.0,1.000000e+00,2.171809e-12,1.267113e-11
3.300000e-01,9.500000e-01,0.0,1.000000e+00,2.037137e-12,1.096662e-11
3.400000e-01,9.500000e-01,0.0,1.000000e+00,1.875061e-12,9.368457e-12
3.500000e-01,9.500000e-01,0.0,1.000000e+00,1.694551e-12,7.897609e-12
3.600000e-01,9.500000e-01,0.0,1.000000e+00,1.503660e-12,6.567431e-12
3.700000e-01,9.500000e-01,0.0,1.000000e+00,1.310549e-12,5.385113e-12
3.800000e-01,9.500000e-01,0.0,1.000000e+00,1.122136e-12,4.352387e-12
3.900000e-01,9.500000e-01,0.0,1.000000e+00,9.438815e-13,3.466611e-12
4.000000e-01,9.500000e-01,0.0,1.000000e+00,7.797852e-13,2.719084e-12
4.100000e-01,9.500000e-01,0.0,1.000000e+00,6.320632e-13,2.100028e-12
4.200000e-01,9.500000e-01,0.0,1.000000e+00,5.034192e-13,1.596095e-12
4.300000e-01,9.500000e-01,0.0,1.000000e+00,3.935832e-13,1.193451e-12
4.400000e-01,9.500000e-01,0.0,1.000000e+00,3.016911e-13,8.774498e-13
4.500000e-01,9.500000e-01,0.0,1.000000e+00,2.273120e-13,6.342020e-13
4.600000e-01,9.500000e-01,0.0,1.000000e+00,1.679050e-13,4.504122e-13
4.700000e-01,9.500000e-01,0.0,1.000000e+00,1.217405e-13,3.141357e-13
4.800000e-01,9.500000e-01,0.0,1.000000e+00,8.649508e-14,2.147780e-13
4.900000e-01,9.500000e-01,0.0,1.000000e+00,6.000688e-14,1.443406e-13
5.000000e-01,9.500000e-01,0.0,1.000000e+00,4.087013e-14,9.520129e-14
5.100000e-01,9.500000e-01,0.0,1.000000e+00,2.713873e-14,6.135996e-14
5.200000e-01,9.500000e-01,0.0,1.000000e+00,1.816501e-14,3.897897e-14
5.300000e-01,9.500000e-01,0.0,1.000000e+00,1.156954e-14,2.389587e-14
5.400000e-01,9.500000e-01,0.0,1.000000e+00,7.190513e-15,1.454323e-14
5.500000e-01,9.500000e-01,0.0,1.000000e+00,4.433290e-15,8.596456e-15
5.600000e-01,9.500000e-01,0.0,1.000000e+00,2.649382e-15,4.757980e-15
5.700000e-01,9.500000e-01,0.0,1.000000e+00,1.459962e-15,2.649419e-15
5.800000e-01,9.500000e-01,0.0,1.000000e+00,7.029698e-16,1.297758e-15
5.900000e-01,9.500000e-01,0.0,1.000000e+00,3.244809e-16,5.407749e-16
6.000000e-01,9.500000e-01,0.0,1.000000e+00,5.225116e-33,1.081595e-16
6.100000e-01,9.500000e-01,0.0,1.000000e+00,2.654478e-50,0.000000e+00
6.200000e-01,9.500000e-01,0.0,1.000000e+00,0.000000e+00,0.000000e+00
6.300000e-01,9.500000e-01,0.0,1.000000e+00,0.000000e+00,0.000000e+00
6.400000e-01,9.500000e-01,0.0,1.000000e+00,0.000000e+00,0.000000e+00
6.500000e-01,9.500000e-01,0.0,1.000000e+00,0.000000e+00,0.000000e+00
6.600000e-01,9.500000e-01,0.0,1.000000e+00,0.000000e+00,0.000000e+00
6.700000e-01,9.500000e-01,0.0,1.000000e+00,0.000000e+00,0.000000e+00
6.800000e-01,9.500000e-01,0.0,1.000000e+00,0.000000e+00,0.000000e+00
6.900000e-01,9.500000e-01,0.0,1.000000e+00,0.000000e+00,0.000000e+00
7.000000e-01,9.500000e-01,0.0,1.000000e+00,0.000000e+00,0.000000e+00
7.100000e-01,9.500000e-01,0.0,1.000000e+00,0.000000e+00,0.000000e+00
7.200000e-01,9.500000e-01,0.0,1.000000e+00,0.000000e+00,0.000000e+00
7.300000e-01,9.500000e-01,0.0,1.000000e+00,0.000000e+00,0.000000e+00
7.400000e-01,9.500000e-01,0.0,1.000000e+00,0.000000e+00,0.000000e+00
7.500000e-01,9.500000e-01,0.0,1.000000e+00,0.000000e+00,0.000000e+00
7.600000e-01,9.500000e-01,0.0,1.000000e+00,0.000000e+00,0.000000e+00
7.700000e-01,9.500000e-01,0.0,1.000000e+00,0.000000e+00,0.000000e+00
7.800000e-01,9.500000e-01,0.0,1.000000e+00,0.000000e+00,0.000000e+00
7.900000e-01,9.500000e-01,0.0,1.000000e+00,0.000000e+00,0.000000e+00
8.000000e-01,9.500000e-01,0.0,1.000000e+00,0.000000e+00,0.000000e+00
8.100000e-01,9.500000e-01,0.0,1.000000e+00,0.000000e+00,0.000000e+00
8.200000e-01,9.500000e-01,0.0,1.000000e+00,0.000000e+00,0.000000e+00
8.300000e-01,9.500000e-01,0.0,1.000000e+00,0.000000e+00,0.000000e+00
8.400000e-01,9.500000e-01,0.0,1.000000e+00,0.000000e+00,0.000000e+00
8.500000e-01,9.500000e-01,0.0,1.000000e+00,0.000000e+00,0.000000e+00
8.600000e-01,9.500000e-01,0.0,1.000000e+00,0.000000e+00,0.000000e+00
8.700000e-01,9.500000e-01,0.0,1.000000e+00,0.000000e+00,0.000000e+00
8.800000e-01,9.500000e-01,0.0,1.000000e+00,0.000000e+00,0.000000e+00
8.900000e-01,9.500000e-01,0.0,1.000000e+00,0.000000e+00,0.000000e+00
9.000000e-01,9.500000e-01,0.0,1.000000e+00,0.000000e+00,0.000000e+00
9.100000e-01,9.500000e-01,0.0,1.000000e+00,0.000000e+00,0.000000e+00
9.200000e-01,9.500000e-01,0.0,1.000000e+00,0.000000e+00,0.000000e+00
9.300000e-01,9.500000e-01,0.0,1.000000e+00,0.000000e+00,0.000000e+00
9.400000e-01,9.500000e-01,0.0,1.000000e+00,0.000000e+00,0.000000e+00
9.500000e-01,9.500000e-01,0.0,1.000000e+00,0.000000e+00,0.000000e+00
9.600000e-01,9.500000e-01,0.0,1.000000e+00,0.000000e+00,0.000000e+00
9.700000e-01,9.500000e-01,0.0,1.000000e+00,0.000000e+00,0.000000e+00
9.800000e-01,9.500000e-01,0.0,1.000000e+00,0.000000e+00,0.000000e+00
9.900000e-01,9.500000e-01,0.0,1.000000e+00,0.000000e+00,0.000000e+00
1.000000e+00,9.500000e-01,0.0,1.000000e+00,0.000000e+00,0.000000e+00
0.000000e+00,9.600000e-01,0.0,1.000000e+00,-3.482736e-14,2.840439e-12
1.000000e-02,9.600000e-01,0.0,1.000000e+00,-1.686429e-13,2.878164e-12
2.000000e-02,9.600000e-01,0.0,1.000000e+00,-3.353936e-13,3.094576e-12
3.000000e-02,9.600000e-01,0.0,1.000000e+00,-4.980894e-13,3.451732e-12
4.000000e-02,9.600000e-01,0.0,1.000000e+00,-6.542431e-13,3.944008e-12
5.000000e-02,9.600000e-01,0.0,1.000000e+00,-8.009355e-13,4.563565e-12
6.000000e-02,9.600000e-01,0.0,1.000000e+00,-9.349777e-13,5.298457e-12
7.000000e-02,9.600000e-01,0.0,1.000000e+00,-1.052424e-12,6.135602e-12
8.000000e-02,9.600000e-01,0.0,1.000000e+00,-1.149870e-12,7.057703e-12
9.000000e-02,9.600000e-01,0.0,1.000000e+00,-1.223262e-12,8.045356e-12
1.000000e-01,9.600000e-01,0.0,1.000000e+00,-1.268115e-12,9.075805e-12
1.100000e-01,9.600000e-01,0.0,1.000000e+00,-1.281727e-12,1.012414e-11
1.200000e-01,9.600000e-01,0.0,1.000000e+00,-1.261505e-12,1.116457e-11
1.300000e-01,9.600000e-01,0.0,1.000000e+00,-1.206261e-12,1.216873e-11
1.400000e-01,9.600000e-01,0.0,1.000000e+00,-1.115723e-12,1.310933e-11
1.500000e-01,9.600000e-01,0.0,1.000000e+00,-9.911375e-13,1.395940e-11
1.600000e-01,9.600000e-01,0.0,1.000000e+00,-8.352596e-13,1.469402e-11
1.700000e-01,9.600000e-01,0.0,1.000000e+00,-6.519807e-13,1.529029e-11
1.800000e-01,9.600000e-01,0.0,1.000000e+00,-4.472457e-13,1.573010e-11
1.900000e-01,9.600000e-01,0.0,1.000000e+00,-2.273790e-13,1.599989e-11
2.000000e-01,9.600000e-01,0.0,1.000000e+00,4.845259e-51,1.609052e-11
2.100000e-01,9.600000e-01,0.0,1.000000e+00,2.273790e-13,1.599984e-11
2.200000e-01,9.600000e-01,0.0,1.000000e+00,4.474079e-13,1.572978e-11
2.300000e-01,9.600000e-01,0.0,1.000000e+00,6.525214e-13,1.528975e-11
2.400000e-01,9.600000e-01,0.0,1.000000e+00,8.361787e-13,1.469229e-11
2.500000e-01,9.600000e-01,0.0,1.000000e+00,9.927055e-13,1.395686e-11
2.600000e-01,9.600000e-01,0.0,1.000000e+00,1.118697e-12,1.310441e-11
2.700000e-01,9.600000e-01,0.0,1.000000e+00,1.211018e-12,1.215987e-11
2.800000e-01,9.600000e-01,0.0,1.000000e+00,1.269236e-12,1.114938e-11
2.900000e-01,9.600000e-01,0.0,1.000000e+00,1.293783e-12,1.009959e-11
3.000000e-01,9.600000e-01,0.0,1.000000e+00,1.286225e-12,9.036773e-12
3.100000e-01,9.600000e-01,0.0,1.000000e+00,1.249859e-12,7.984267e-12
3.200000e-01,9.600000e-01,0.0,1.000000e+00,1.189387e-12,6.964503e-12
3.300000e-01,9.600000e-01,0.0,1.000000e+00,1.109402e-12,5.995588e-12
3.400000e-01,9.600000e-01,0.0,1.000000e+00,1.014930e-12,5.092655e-12
3.500000e-01,9.600000e-01,0.0,1.000000e+00,9.113766e-13,4.266677e-12
3.600000e-01,9.600000e-01,0.0,1.000000e+00,8.029566e-13,3.524682e-12
3.700000e-01,9.600000e-01,0.0,1.000000e+00,6.944799e-13,2.869700e-12
3.800000e-01,9.600000e-01,0.0,1.000000e+00,5.902176e-13,2.302434e-12
3.900000e-01,9.600000e-01,0.0,1.000000e+00,4.924935e-13,1.819427e-12
4.000000e-01,9.600000e-01,0.0,1.000000e+00,4.031998e-13,1.415330e-12
4.100000e-01,9.600000e-01,0.0,1.000000e+00,3.238503e-13,1.083659e-12
4.200000e-01,9.600000e-01,0.0,1.000000e+00,2.554186e-13,8.162543e-13
4.300000e-01,9.600000e-01,0.0,1.000000e+00,1.976342e-13,6.046298e-13
4.400000e-01,9.600000e-01,0.0,1.000000e+00,1.497947e-13,4.401932e-13
4.500000e-01,9.600000e-01,0.0,1.000000e+00,1.115771e-13,3.149992e-13
4.600000e-01,9.600000e-01,0.0,1.000000e+00,8.162984e-14,2.213181e-13
4.700000e-01,9.600000e-01,0.0,1.000000e+00,5.833065e-14,1.525025e-13
4.800000e-01,9.600000e-01,0.0,1.000000e+00,4.086984e-14,1.030933e-13
4.900000e-01,9.600000e-01,0.0,1.000000e+00,2.821995e-14,6.827934e-14
5.000000e-01,9.600000e-01,0.0,1.000000e+00,1.886759e-14,4.438477e-14
5.100000e-01,9.600000e-01,0.0,1.000000e+00,1.254241e-14,2.865329e-14
5.200000e-01,9.600000e-01,0.0,1.000000e+00,8.217565e-15,1.762473e-14
5.300000e-01,9.600000e-01,0.0,1.000000e+00,5.244236e-15,1.059665e-14
5.400000e-01,9.600000e-01,0.0,1.000000e+00,3.244011e-15,6.271611e-15
5.500000e-01,9.600000e-01,0.0,1.000000e+00,1.892397e-15,3.568484e-15
5.600000e-01,9.600000e-01,0.0,1.000000e+00,9.732719e-16,2.000643e-15
5.700000e-01,9.600000e-01,0.0,1.000000e+00,6.489393e-16,9.733331e-16
5.800000e-01,9.600000e-01,0.0,1.000000e+00,1.081619e-16,3.785631e-16
5.900000e-01,9.600000e-01,0.0,1.000000e+00,6.837685e-34,0.000000e+00
6.000000e-01,9.600000e-01,0.0,1.000000e+00,0.000000e+00,0.000000e+00
6.100000e-01,9.600000e-01,0.0,1.000000e+00,0.000000e+00,0.000000e+00
6.200000e-01,9.600000e-01,0.0,1.000000e+00,0.000000e+00,0.000000e+00
6.300000e-01,9.600000e-01,0.0,1.000000e+00,0.000000e+00,0.000000e+00
6.400000e-01,9.600000e-01,0.0,1.000000e+00,0.000000e+00,0.000000e+00
6.500000e-01,9.600000e-01,0.0,1.000000e+00,0.000000e+00,0.000000e+00
6.600000e-01,9.600000e-01,0.0,1.000000e+00,0.000000e+00,0.000000e+00
6.700000e-01,9.600000e-01,0.0,1.000000e+00,0.000000e+00,0.000000e+00
6.800000e-01,9.600000e-01,0.0,1.000000e+00,0.000000e+00,0.000000e+00
6.900000e-01,9.600000e-01,0.0,1.000000e+00,0.000000e+00,0.000000e+00
7.000000e-01,9.600000e-01,0.0,1.000000e+00,0.000000e+00,0.000000e+00
7.100000e-01,9.600000e-01,0.0,1.000000e+00,0.000000e+00,0.000000e+00
7.200000e-01,9.600000e-01,0.0,1.000000e+00,0.000000e+00,0.000000e+00
7.300000e-01,9.600000e-01,0.0,1.000000e+00,0.000000e+00,0.000000e+00
7.400000e-01,9.600000e-01,0.0,1.000000e+00,0.000000e+00,0.000000e+00
7.500000e-01,9.600000e-01,0.0,1.000000e+00,0.000000e+00,0.000000e+00
7.600000e-01,9.600000e-01,0.0,1.000000e+00,0.000000e+00,0.000000e+00
7.700000e-01,9.600000e-01,0.0,1.000000e+00,0.000000e+00,0.000000e+00
7.800000e-01,9.600000e-01,0.0,1.000000e+00,0.000000e+00,0.000000e+00
7.900000e-01,9.600000e-01,0.0,1.000000e+00,0.000000e+00,0.000000e+00
8.000000e-01,9.600000e-01,0.0,1.000000e+00,0.000000e+00,0.000000e+00
8.100000e-01,9.600000e-01,0.0,1.000000e+00,0.000000e+00,0.000000e+00
8.200000e-01,9.600000e-01,0.0,1.000000e+00,0.000000e+00,0.000000e+00
8.300000e-01,9.600000e-01,0.0,1.000000e+00,0.000000e+00,0.000000e+00
8.400000e-01,9.600000e-01,0.0,1.000000e+00,0.000000e+00,0.000000e+00
8.500000e-01,9.600000e-01,0.0,1.000000e+00,0.000000e+00,0.000000e+00
8.600000e-01,9.600000e-01,0.0,1.000000e+00,0.000000e+00,0.000000e+00
8.700000e-01,9.600000e-01,0.0,1.000000e+00,0.000000e+00,0.000000e+00
8.800000e-01,9.600000e-01,0.0,1.000000e+00,0.000000e+00,0.000000e+00
8.900000e-01,9.600000e-01,0.0,1.000000e+00,0.000000e+00,0.000000e+00
9.000000e-01,9.600000e-01,0.0,1.000000e+00,0.000000e+00,0.000000e+00
9.100000e-01,9.600000e-01,0.0,1.000000e+00,0.000000e+00,0.000000e+00
9.200000e-01,9.600000e-01,0.0,1.000000e+00,0.000000e+00,0.000000e+00
9.300000e-01,9.600000e-01,0.0,1.000000e+00,0.000000e+00,0.000000e+00
9.400000e-01,9.600000e-01,0.0,1.000000e+00,0.000000e+00,0.000000e+00
9.500000e-01,9.600000e-01,0.0,1.000000e+00,0.000000e+00,0.000000e+00
9.600000e-01,9.600000e-01,0.0,1.000000e+00,0.000000e+00,0.000000e+00
9.700000e-01,9.600000e-01,0.0,1.000000e+00,0.000000e+00,0.000000e+00
9.800000e-01,9.600000e-01,0.0,1.000000e+00,0.000000e+00,0.000000e+00
9.900000e-01,9.600000e-01,0.0,1.000000e+00,0.000000e+00,0.000000e+00
1.000000e+00,9.600000e-01,0.0,1.000000e+00,0.000000e+00,0.000000e+00
0.000000e+00,9.700000e-01,0.0,1.000000e+00,-1.849528e-14,1.440817e-12
1.000000e-02,9.700000e-01,0.0,1.000000e+00,-8.951294e-14,1.462113e-12
2.000000e-02,9.700000e-01,0.0,1.000000e+00,-1.786474e-13,1.580159e-12
3.000000e-02,9.700000e-01,0.0,1.000000e+00,-2.657813e-13,1.775228e-12
4.000000e-02,9.700000e-01,0.0,1.000000e+00,-3.499955e-13,2.044614e-12
5.000000e-02,9.700000e-01,0.0,1.000000e+00,-4.298298e-13,2.384103e-12
6.000000e-02,9.700000e-01,0.0,1.000000e+00,-5.034469e-13,2.788719e-12
7.000000e-02,9.700000e-01,0.0,1.000000e+00,-5.687389e-13,3.250840e-12
8.000000e-02,9.700000e-01,0.0,1.000000e+00,-6.240303e-13,3.761764e-12
9.000000e-02,9.700000e-01,0.0,1.000000e+00,-6.666188e-13,4.310952e-12
1.000000e-01,9.700000e-01,0.0,1.000000e+00,-6.941267e-13,4.885645e-12
1.100000e-01,9.700000e-01,0.0,1.000000e+00,-7.042839e-13,5.472765e-12
1.200000e-01,9.700000e-01,0.0,1.000000e+00,-6.956315e-13,6.057016e-12
1.300000e-01,9.700000e-01,0.0,1.000000e+00,-6.673594e-13,6.622564e-12
1.400000e-01,9.700000e-01,0.0,1.000000e+00,-6.187652e-13,7.153681e-12
1.500000e-01,9.700000e-01,0.0,1.000000e+00,-5.511467e-13,7.634801e-12
1.600000e-01,9.700000e-01,0.0,1.000000e+00,-4.651517e-13,8.051443e-12
1.700000e-01,9.700000e-01,0.0,1.000000e+00,-3.638077e-13,8.390527e-12
1.800000e-01,9.700000e-01,0.0,1.000000e+00,-2.497079e-13,8.640705e-12
1.900000e-01,9.700000e-01,0.0,1.000000e+00,-1.271239e-13,8.794195e-12
2.000000e-01,9.700000e-01,0.0,1.000000e+00,7.496092e-64,8.845808e-12
2.100000e-01,9.700000e-01,0.0,1.000000e+00,1.271239e-13,8.794195e-12
2.200000e-01,9.700000e-01,0.0,1.000000e+00,2.497620e-13,8.640705e-12
2.300000e-01,9.700000e-01,0.0,1.000000e+00,3.640240e-13,8.390311e-12
2.400000e-01,9.700000e-01,0.0,1.000000e+00,4.654761e-13,8.050902e-12
2.500000e-01,9.700000e-01,0.0,1.000000e+00,5.518494e-13,7.633774e-12
2.600000e-01,9.700000e-01,0.0,1.000000e+00,6.200088e-13,7.151356e-12
2.700000e-01,9.700000e-01,0.0,1.000000e+00,6.690898e-13,6.618509e-12
2.800000e-01,9.700000e-01,0.0,1.000000e+00,6.987133e-13,6.049988e-12
2.900000e-01,9.700000e-01,0.0,1.000000e+00,7.097446e-13,5.461303e-12
3.000000e-01,9.700000e-01,0.0,1.000000e+00,7.022901e-13,4.867480e-12
3.100000e-01,9.700000e-01,0.0,1.000000e+00,6.791066e-13,4.282137e-12
3.200000e-01,9.700000e-01,0.0,1.000000e+00,6.427889e-13,3.717326e-12
3.300000e-01,9.700000e-01,0.0,1.000000e+00,5.963090e-13,3.184022e-12
3.400000e-01,9.700000e-01,0.0,1.000000e+00,5.418829e-13,2.689465e-12
3.500000e-01,9.700000e-01,0.0,1.000000e+00,4.832402e-13,2.239656e-12
3.600000e-01,9.700000e-01,0.0,1.000000e+00,4.225426e-13,1.838381e-12
3.700000e-01,9.700000e-01,0.0,1.000000e+00,3.627087e-13,1.486666e-12
3.800000e-01,9.700000e-01,0.0,1.000000e+00,3.056300e-13,1.184242e-12
3.900000e-01,9.700000e-01,0.0,1.000000e+00,2.527128e-13,9.284626e-13
4.000000e-01,9.700000e-01,0.0,1.000000e+00,2.049296e-13,7.166259e-13
4.100000e-01,9.700000e-01,0.0,1.000000e+00,1.633077e-13,5.440838e-13
4.200000e-01,9.700000e-01,0.0,1.000000e+00,1.274152e-13,4.059187e-13
4.300000e-01,9.700000e-01,0.0,1.000000e+00,9.741416e-14,2.980770e-13
4.400000e-01,9.700000e-01,0.0,1.000000e+00,7.292606e-14,2.147214e-13
4.500000e-01,9.700000e-01,0.0,1.000000e+00,5.341116e-14,1.521776e-13
4.600000e-01,9.700000e-01,0.0,1.000000e+00,3.843715e-14,1.057415e-13
4.700000e-01,9.700000e-01,0.0,1.000000e+00,2.740918e-14,7.217093e-14
4.800000e-01,9.700000e-01,0.0,1.000000e+00,1.886744e-14,4.811482e-14
4.900000e-01,9.700000e-01,0.0,1.000000e+00,1.297508e-14,3.157216e-14
5.000000e-01,9.700000e-01,0.0,1.000000e+00,8.650080e-15,2.027351e-14
5.100000e-01,9.700000e-01,0.0,1.000000e+00,5.460312e-15,1.275887e-14
5.200000e-01,9.700000e-01,0.0,1.000000e+00,3.514175e-15,7.731207e-15
5.300000e-01,9.700000e-01,0.0,1.000000e+00,2.324909e-15,4.811957e-15
5.400000e-01,9.700000e-01,0.0,1.000000e+00,1.513946e-15,2.703439e-15
5.500000e-01,9.700000e-01,0.0,1.000000e+00,9.192703e-16,1.514040e-15
5.600000e-01,9.700000e-01,0.0,1.000000e+00,3.244672e-16,7.571012e-16
5.700000e-01,9.700000e-01,0.0,1.000000e+00,5.407975e-17,2.163238e-16
5.800000e-01,9.700000e-01,0.0,1.000000e+00,3.419353e-34,0.000000e+00
5.900000e-01,9.700000e-01,0.0,1.000000e+00,0.000000e+00,0.000000e+00
6.000000e-01,9.700000e-01,0.0,1.000000e+00,0.000000e+00,0.000000e+00
6.100000e-01,9.700000e-01,0.0,1.000000e+00,0.000000e+00,0.000000e+00
6.200000e-01,9.700000e-01,0.0,1.000000e+00,0.000000e+00,0.000000e+00
6.300000e-01,9.700000e-01,0.0,1.000000e+00,0.000000e+00,0.000000e+00
6.400000e-01,9.700000e-01,0.0,1.000000e+00,0.000000e+00,0.000000e+00
6.500000e-01,9.700000e-01,0.0,1.000000e+00,0.000000e+00,0.000000e+00
6.600000e-01,9.700000e-01,0.0,1.000000e+00,0.000000e+00,0.000000e+00
6.700000e-01,9.700000e-01,0.0,1.000000e+00,0.000000e+00,0.000000e+00
6.800000e-01,9.700000e-01,0.0,1.000000e+00,0.000000e+00,0.000000e+00
6.900000e-01,9.700000e-01,0.0,1.000000e+00,0.000000e+00,0.000000e+00
7.000000e-01,9.700000e-01,0.0,1.000000e+00,0.000000e+00,0.000000e+00
7.100000e-01,9.700000e-01,0.0,1.000000e+00,0.000000e+00,0.000000e+00
7.200000e-01,9.700000e-01,0.0,1.000000e+00,0.000000e+00,0.000000e+00
7.300000e-01,9.700000e-01,0.0,1.000000e+00,0.000000e+00,0.000000e+00
7.400000e-01,9.700000e-01,0.0,1.000000e+00,0.000000e+00,0.000000e+00
7.500000e-01,9.700000e-01,0.0,1.000000e+00,0.000000e+00,0.000000e+00
7.600000e-01,9.700000e-01,0.0,1.000000e+00,0.000000e+00,0.000000e+00
7.700000e-01,9.700000e-01,0.0,1.000000e+00,0.000000e+00,0.000000e+00
7.800000e-01,9.700000e-01,0.0,1.000000e+00,0.000000e+00,0.000000e+00
7.900000e-01,9.700000e-01,0.0,1.000000e+00,0.000000e+00,0.000000e+00
8.000000e-01,9.700000e-01,0.0,1.000000e+00,0.000000e+00,0.000000e+00
8.100000e-01,9.700000e-01,0.0,1.000000e+00,0.000000e+00,0.000000e+00
8.200000e-01,9.700000e-01,0.0,1.000000e+00,0.000000e+00,0.000000e+00
8.300000e-01,9.700000e-01,0.0,1.000000e+00,0.000000e+00,0.000000e+00
8.400000e-01,9.700000e-01,0.0,1.000000e+00,0.000000e+00,0.000000e+00
8.500000e-01,9.700000e-01,0.0,1.000000e+00,0.000000e+00,0.000000e+00
8.600000e-01,9.700000e-01,0.0,1.000000e+00,0.000000e+00,0.000000e+00
8.700000e-01,9.700000e-01,0.0,1.000000e+00,0.000000e+00,0.000000e+00
8.800000e-01,9.700000e-01,0.0,1.000000e+00,0.000000e+00,0.000000e+00
8.900000e-01,9.700000e-01,0.0,1.000000e+00,0.000000e+00,0.000000e+00
9.000000e-01,9.700000e-01,0.0,1.000000e+00,0.000000e+00,0.000000e+00
9.100000e-01,9.700000e-01,0.0,1.000000e+00,0.000000e+00,0.000000e+00
9.200000e-01,9.700000e-01,0.0,1.000000e+00,0.000000e+00,0.000000e+00
9.300000e-01,9.700000e-01,0.0,1.000000e+00,0.000000e+00,0.000000e+00
9.400000e-01,9.700000e-01,0.0,1.000000e+00,0.000000e+00,0.000000e+00
9.500000e-01,9.700000e-01,0.0,1.000000e+00,0.000000e+00,0.000000e+00
9.600000e-01,9.700000e-01,0.0,1.000000e+00,0.000000e+00,0.000000e+00
9.700000e-01,9.700000e-01,0.0,1.000000e+00,0.000000e+00,0.000000e+00
9.800000e-01,9.700000e-01,0.0,1.000000e+00,0.000000e+00,0.000000e+00
9.900000e-01,9.700000e-01,0.0,1.000000e+00,0.000000e+00,0.000000e+00
1.000000e+00,9.700000e-01,0.0,1.000000e+00,0.000000e+00,0.000000e+00
0.000000e+00,9.800000e-01,0.0,1.000000e+00,-9.950675e-15,6.947990e-13
1.000000e-02,9.800000e-01,0.0,1.000000e+00,-4.778502e-14,7.060953e-13
2.000000e-02,9.800000e-01,0.0,1.000000e+00,-9.567816e-14,7.667951e-13
3.000000e-02,9.800000e-01,0.0,1.000000e+00,-1.425978e-13,8.672778e-13
4.000000e-02,9.800000e-01,0.0,1.000000e+00,-1.885975e-13,1.006190e-12
5.000000e-02,9.800000e-01,0.0,1.000000e+00,-2.324350e-13,1.181587e-12
6.000000e-02,9.800000e-01,0.0,1.000000e+00,-2.729742e-13,1.391359e-12
7.000000e-02,9.800000e-01,0.0,1.000000e+00,-3.099451e-13,1.631345e-12
8.000000e-02,9.800000e-01,0.0,1.000000e+00,-3.417265e-13,1.897920e-12
9.000000e-02,9.800000e-01,0.0,1.000000e+00,-3.668589e-13,2.185141e-12
1.000000e-01,9.800000e-01,0.0,1.000000e+00,-3.837752e-13,2.486575e-12
1.100000e-01,9.800000e-01,0.0,1.000000e+00,-3.909617e-13,2.795465e-12
1.200000e-01,9.800000e-01,0.0,1.000000e+00,-3.879325e-13,3.103867e-12
1.300000e-01,9.800000e-01,0.0,1.000000e+00,-3.734985e-13,3.403403e-12
1.400000e-01,9.800000e-01,0.0,1.000000e+00,-3.472818e-13,3.685101e-12
1.500000e-01,9.800000e-01,0.0,1.000000e+00,-3.100392e-13,3.940909e-12
1.600000e-01,9.800000e-01,0.0,1.000000e+00,-2.621485e-13,4.162990e-12
1.700000e-01,9.800000e-01,0.0,1.000000e+00,-2.052323e-13,4.343508e-12
1.800000e-01,9.800000e-01,0.0,1.000000e+00,-1.412891e-13,4.477221e-12
1.900000e-01,9.800000e-01,0.0,1.000000e+00,-7.210370e-14,4.558994e-12
2.000000e-01,9.800000e-01,0.0,1.000000e+00,7.269966e-87,4.586775e-12
2.100000e-01,9.800000e-01,0.0,1.000000e+00,7.210370e-14,4.558994e-12
2.200000e-01,9.800000e-01,0.0,1.000000e+00,1.412891e-13,4.477221e-12
2.300000e-01,9.800000e-01,0.0,1.000000e+00,2.053404e-13,4.343454e-12
2.400000e-01,9.800000e-01,0.0,1.000000e+00,2.624189e-13,4.162774e-12
2.500000e-01,9.800000e-01,0.0,1.000000e+00,3.102014e-13,3.940584e-12
2.600000e-01,9.800000e-01,0.0,1.000000e+00,3.479306e-13,3.683966e-12
2.700000e-01,9.800000e-01,0.0,1.000000e+00,3.740932e-13,3.401402e-12
2.800000e-01,9.800000e-01,0.0,1.000000e+00,3.892842e-13,3.100947e-12
2.900000e-01,9.800000e-01,0.0,1.000000e+00,3.935029e-13,2.790599e-12
3.000000e-01,9.800000e-01,0.0,1.000000e+00,3.876678e-13,2.478357e-12
3.100000e-01,9.800000e-01,0.0,1.000000e+00,3.727514e-13,2.171788e-12
3.200000e-01,9.800000e-01,0.0,1.000000e+00,3.507001e-13,1.878079e-12
3.300000e-01,9.800000e-01,0.0,1.000000e+00,3.228648e-13,1.601016e-12
3.400000e-01,9.800000e-01,0.0,1.000000e+00,2.914622e-13,1.345624e-12
3.500000e-01,9.800000e-01,0.0,1.000000e+00,2.580053e-13,1.114607e-12
3.600000e-01,9.800000e-01,0.0,1.000000e+00,2.238992e-13,9.095863e-13
3.700000e-01,9.800000e-01,0.0,1.000000e+00,1.906570e-13,7.308869e-13
3.800000e-01,9.800000e-01,0.0,1.000000e+00,1.591980e-13,5.785642e-13
3.900000e-01,9.800000e-01,0.0,1.000000e+00,1.301709e-13,4.502932e-13
4.000000e-01,9.800000e-01,0.0,1.000000e+00,1.046031e-13,3.452105e-13
4.100000e-01,9.800000e-01,0.0,1.000000e+00,8.211599e-14,2.600726e-13
4.200000e-01,9.800000e-01,0.0,1.000000e+00,6.314183e-14,1.925568e-13
4.300000e-01,9.800000e-01,0.0,1.000000e+00,4.768147e-14,1.399047e-13
4.400000e-01,9.800000e-01,0.0,1.000000e+00,3.508562e-14,9.979417e-14
4.500000e-01,9.800000e-01,0.0,1.000000e+00,2.540901e-14,6.979186e-14
4.600000e-01,9.800000e-01,0.0,1.000000e+00,1.816488e-14,4.816847e-14
4.700000e-01,9.800000e-01,0.0,1.000000e+00,1.254266e-14,3.243691e-14
4.800000e-01,9.800000e-01,0.0,1.000000e+00,8.541797e-15,2.162479e-14
4.900000e-01,9.800000e-01,0.0,1.000000e+00,5.838921e-15,1.400233e-14
5.000000e-01,9.800000e-01,0.0,1.000000e+00,3.838506e-15,8.866391e-15
5.100000e-01,9.800000e-01,0.0,1.000000e+00,2.541121e-15,5.568578e-15
5.200000e-01,9.800000e-01,0.0,1.000000e+00,1.784309e-15,3.460344e-15
5.300000e-01,9.800000e-01,0.0,1.000000e+00,1.081436e-15,2.108692e-15
5.400000e-01,9.800000e-01,0.0,1.000000e+00,6.489312e-16,1.297772e-15
5.500000e-01,9.800000e-01,0.0,1.000000e+00,1.081619e-16,4.866952e-16
5.600000e-01,9.800000e-01,0.0,1.000000e+00,4.199958e-33,1.081595e-16
5.700000e-01,9.800000e-01,0.0,1.000000e+00,2.438718e-50,0.000000e+00
5.800000e-01,9.800000e-01,0.0,1.000000e+00,0.000000e+00,0.000000e+00
5.900000e-01,9.800000e-01,0.0,1.000000e+00,0.000000e+00,0.000000e+00
6.000000e-01,9.800000e-01,0.0,1.000000e+00,0.000000e+00,0.000000e+00
6.100000e-01,9.800000e-01,0.0,1.000000e+00,0.000000e+00,0.000000e+00
6.200000e-01,9.800000e-01,0.0,1.000000e+00,0.000000e+00,0.000000e+00
6.300000e-01,9.800000e-01,0.0,1.000000e+00,0.000000e+00,0.000000e+00
6.400000e-01,9.800000e-01,0.0,1.000000e+00,0.000000e+00,0.000000e+00
6.500000e-01,9.800000e-01,0.0,1.000000e+00,0.000000e+00,0.000000e+00
6.600000e-01,9.800000e-01,0.0,1.000000e+00,0.000000e+00,0.000000e+00
6.700000e-01,9.800000e-01,0.0,1.000000e+00,0.000000e+00,0.000000e+00
6.800000e-01,9.800000e-01,0.0,1.000000e+00,0.000000e+00,0.000000e+00
6.900000e-01,9.800000e-01,0.0,1.000000e+00,0.000000e+00,0.000000e+00
7.000000e-01,9.800000e-01,0.0,1.000000e+00,0.000000e+00,0.000000e+00
7.100000e-01,9.800000e-01,0.0,1.000000e+00,0.000000e+00,0.000000e+00
7.200000e-01,9.800000e-01,0.0,1.000000e+00,0.000000e+00,0.000000e+00
7.300000e-01,9.800000e-01,0.0,1.000000e+00,0.000000e+00,0.000000e+00
7.400000e-01,9.800000e-01,0.0,1.000000e+00,0.000000e+00,0.000000e+00
7.500000e-01,9.800000e-01,0.0,1.000000e+00,0.000000e+00,0.000000e+00
7.600000e-01,9.800000e-01,0.0,1.000000e+00,0.000000e+00,0.000000e+00
7.700000e-01,9.800000e-01,0.0,1.000000e+00,0.000000e+00,0.000000e+00
7.800000e-01,9.800000e-01,0.0,1.000000e+00,0.000000e+00,0.000000e+00
7.900000e-01,9.800000e-01,0.0,1.000000e+00,0.000000e+00,0.000000e+00
8.000000e-01,9.800000e-01,0.0,1.000000e+00,0.000000e+00,0.000000e+00
8.100000e-01,9.800000e-01,0.0,1.000000e+00,0.000000e+00,0.000000e+00
8.200000e-01,9.800000e-01,0.0,1.000000e+00,0.000000e+00,0.000000e+00
8.300000e-01,9.800000e-01,0.0,1.000000e+00,0.000000e+00,0.000000e+00
8.400000e-01,9.800000e-01,0.0,1.000000e+00,0.000000e+00,0.000000e+00
8.500000e-01,9.800000e-01,0.0,1.000000e+00,0.000000e+00,0.000000e+00
8.600000e-01,9.800000e-01,0.0,1.000000e+00,0.000000e+00,0.000000e+00
8.700000e-01,9.800000e-01,0.0,1.000000e+00,0.000000e+00,0.000000e+00
8.800000e-01,9.800000e-01,0.0,1.000000e+00,0.000000e+00,0.000000e+00
8.900000e-01,9.800000e-01,0.0,1.000000e+00,0.000000e+00,0.000000e+00
9.000000e-01,9.800000e-01,0.0,1.000000e+00,0.000000e+00,0.000000e+00
9.100000e-01,9.800000e-01,0.0,1.000000e+00,0.000000e+00,0.000000e+00
9.200000e-01,9.800000e-01,0.0,1.000000e+00,0.000000e+00,0.000000e+00
9.300000e-01,9.800000e-01,0.0,1.000000e+00,0.000000e+00,0.000000e+00
9.400000e-01,9.800000e-01,0.0,1.000000e+00,0.000000e+00,0.000000e+00
9.500000e-01,9.800000e-01,0.0,1.000000e+00,0.000000e+00,0.000000e+00
9.600000e-01,9.800000e-01,0.0,1.000000e+00,0.000000e+00,0.000000e+00
9.700000e-01,9.800000e-01,0.0,1.000000e+00,0.000000e+00,0.000000e+00
9.800000e-01,9.800000e-01,0.0,1.000000e+00,0.000000e+00,0.000000e+00
9.900000e-01,9.800000e-01,0.0,1.000000e+00,0.000000e+00,0.000000e+00
1.000000e+00,9.800000e-01,0.0,1.000000e+00,0.000000e+00,0.000000e+00
0.000000e+00,9.900000e-01,0.0,1.000000e+00,-5.732454e-15,2.830481e-13
1.000000e-02,9.900000e-01,0.0,1.000000e+00,-2.789375e-14,2.881283e-13
2.000000e-02,9.900000e-01,0.0,1.000000e+00,-5.578697e-14,3.140738e-13
3.000000e-02,9.900000e-01,0.0,1.000000e+00,-8.357194e-14,3.568297e-13
4.000000e-02,9.900000e-01,0.0,1.000000e+00,-1.107078e-13,4.163954e-13
5.000000e-02,9.900000e-01,0.0,1.000000e+00,-1.369783e-13,4.917442e-13
6.000000e-02,9.900000e-01,0.0,1.000000e+00,-1.618972e-13,5.816329e-13
7.000000e-02,9.900000e-01,0.0,1.000000e+00,-1.843831e-13,6.848713e-13
8.000000e-02,9.900000e-01,0.0,1.000000e+00,-2.043822e-13,7.998921e-13
9.000000e-02,9.900000e-01,0.0,1.000000e+00,-2.207054e-13,9.238306e-13
1.000000e-01,9.900000e-01,0.0,1.000000e+00,-2.318390e-13,1.054687e-12
1.100000e-01,9.900000e-01,0.0,1.000000e+00,-2.375133e-13,1.188893e-12
1.200000e-01,9.900000e-01,0.0,1.000000e+00,-2.363229e-13,1.322881e-12
1.300000e-01,9.900000e-01,0.0,1.000000e+00,-2.283759e-13,1.453518e-12
1.400000e-01,9.900000e-01,0.0,1.000000e+00,-2.131859e-13,1.576534e-12
1.500000e-01,9.900000e-01,0.0,1.000000e+00,-1.905371e-13,1.688523e-12
1.600000e-01,9.900000e-01,0.0,1.000000e+00,-1.617261e-13,1.785702e-12
1.700000e-01,9.900000e-01,0.0,1.000000e+00,-1.268618e-13,1.864667e-12
1.800000e-01,9.900000e-01,0.0,1.000000e+00,-8.745697e-14,1.923362e-12
1.900000e-01,9.900000e-01,0.0,1.000000e+00,-4.475509e-14,1.959196e-12
2.000000e-01,9.900000e-01,0.0,1.000000e+00,1.008516e-100,1.971520e-12
2.100000e-01,9.900000e-01,0.0,1.000000e+00,4.475509e-14,1.959196e-12
2.200000e-01,9.900000e-01,0.0,1.000000e+00,8.745697e-14,1.923362e-12
2.300000e-01,9.900000e-01,0.0,1.000000e+00,1.268618e-13,1.864667e-12
2.400000e-01,9.900000e-01,0.0,1.000000e+00,1.617261e-13,1.785540e-12
2.500000e-01,9.900000e-01,0.0,1.000000e+00,1.905912e-13,1.688252e-12
2.600000e-01,9.900000e-01,0.0,1.000000e+00,2.133481e-13,1.576209e-12
2.700000e-01,9.900000e-01,0.0,1.000000e+00,2.287544e-13,1.452708e-12
2.800000e-01,9.900000e-01,0.0,1.000000e+00,2.372418e-13,1.322070e-12
2.900000e-01,9.900000e-01,0.0,1.000000e+00,2.384864e-13,1.186946e-12
3.000000e-01,9.900000e-01,0.0,1.000000e+00,2.338395e-13,1.051659e-12
3.100000e-01,9.900000e-01,0.0,1.000000e+00,2.237869e-13,9.188027e-13
3.200000e-01,9.900000e-01,0.0,1.000000e+00,2.092474e-13,7.919989e-13
3.300000e-01,9.900000e-01,0.0,1.000000e+00,1.910863e-13,6.730317e-13
3.400000e-01,9.900000e-01,0.0,1.000000e+00,1.709253e-13,5.639007e-13
3.500000e-01,9.900000e-01,0.0,1.000000e+00,1.500614e-13,4.649842e-13
3.600000e-01,9.900000e-01,0.0,1.000000e+00,1.291968e-13,3.779589e-13
3.700000e-01,9.900000e-01,0.0,1.000000e+00,1.090349e-13,3.023917e-13
3.800000e-01,9.900000e-01,0.0,1.000000e+00,9.027772e-14,2.383373e-13
3.900000e-01,9.900000e-01,0.0,1.000000e+00,7.308803e-14,1.845523e-13
4.000000e-01,9.900000e-01,0.0,1.000000e+00,5.811464e-14,1.407132e-13
4.100000e-01,9.900000e-01,0.0,1.000000e+00,4.481657e-14,1.054143e-13
4.200000e-01,9.900000e-01,0.0,1.000000e+00,3.384283e-14,7.768322e-14
4.300000e-01,9.900000e-01,0.0,1.000000e+00,2.497696e-14,5.606006e-14
4.400000e-01,9.900000e-01,0.0,1.000000e+00,1.827346e-14,3.962627e-14
4.500000e-01,9.900000e-01,0.0,1.000000e+00,1.286722e-14,2.762518e-14
4.600000e-01,9.900000e-01,0.0,1.000000e+00,8.866512e-15,1.886759e-14
4.700000e-01,9.900000e-01,0.0,1.000000e+00,6.217346e-15,1.265059e-14
4.800000e-01,9.900000e-01,0.0,1.000000e+00,4.379313e-15,8.325486e-15
4.900000e-01,9.900000e-01,0.0,1.000000e+00,2.865431e-15,5.514561e-15
5.000000e-01,9.900000e-01,0.0,1.000000e+00,1.784250e-15,3.784496e-15
5.100000e-01,9.900000e-01,0.0,1.000000e+00,1.297718e-15,2.270838e-15
5.200000e-01,9.900000e-01,0.0,1.000000e+00,8.111479e-16,1.568076e-15
5.300000e-01,9.900000e-01,0.0,1.000000e+00,3.244672e-16,9.192994e-16
5.400000e-01,9.900000e-01,0.0,1.000000e+00,5.407975e-17,2.163238e-16
5.500000e-01,9.900000e-01,0.0,1.000000e+00,6.837685e-34,0.000000e+00
5.600000e-01,9.900000e-01,0.0,1.000000e+00,0.000000e+00,0.000000e+00
5.700000e-01,9.900000e-01,0.0,1.000000e+00,0.000000e+00,0.000000e+00
5.800000e-01,9.900000e-01,0.0,1.000000e+00,0.000000e+00,0.000000e+00
5.900000e-01,9.900000e-01,0.0,1.000000e+00,0.000000e+00,0.000000e+00
6.000000e-01,9.900000e-01,0.0,1.000000e+00,0.000000e+00,0.000000e+00
6.100000e-01,9.900000e-01,0.0,1.000000e+00,0.000000e+00,0.000000e+00
6.200000e-01,9.900000e-01,0.0,1.000000e+00,0.000000e+00,0.000000e+00
6.300000e-01,9.900000e-01,0.0,1.000000e+00,0.000000e+00,0.000000e+00
6.400000e-01,9.900000e-01,0.0,1.000000e+00,0.000000e+00,0.000000e+00
6.500000e-01,9.900000e-01,0.0,1.000000e+00,0.000000e+00,0.000000e+00
6.600000e-01,9.900000e-01,0.0,1.000000e+00,0.000000e+00,0.000000e+00
6.700000e-01,9.900000e-01,0.0,1.000000e+00,0.000000e+00,0.000000e+00
6.800000e-01,9.900000e-01,0.0,1.000000e+00,0.000000e+00,0.000000e+00
6.900000e-01,9.900000e-01,0.0,1.000000e+00,0.000000e+00,0.000000e+00
7.000000e-01,9.900000e-01,0.0,1.000000e+00,0.000000e+00,0.000000e+00
7.100000e-01,9.900000e-01,0.0,1.000000e+00,0.000000e+00,0.000000e+00
7.200000e-01,9.900000e-01,0.0,1.000000e+00,0.000000e+00,0.000000e+00
7.300000e-01,9.900000e-01,0.0,1.000000e+00,0.000000e+00,0.000000e+00
7.400000e-01,9.900000e-01,0.0,1.000000e+00,0.000000e+00,0.000000e+00
7.500000e-01,9.900000e-01,0.0,1.000000e+00,0.000000e+00,0.000000e+00
7.600000e-01,9.900000e-01,0.0,1.000000e+00,0.000000e+00,0.000000e+00
7.700000e-01,9.900000e-01,0.0,1.000000e+00,0.000000e+00,0.000000e+00
7.800000e-01,9.900000e-01,0.0,1.000000e+00,0.000000e+00,0.000000e+00
7.900000e-01,9.900000e-01,0.0,1.000000e+00,0.000000e+00,0.000000e+00
8.000000e-01,9.900000e-01,0.0,1.000000e+00,0.000000e+00,0.000000e+00
8.100000e-01,9.900000e-01,0.0,1.000000e+00,0.000000e+00,0.000000e+00
8.200000e-01,9.900000e-01,0.0,1.000000e+00,0.000000e+00,0.000000e+00
8.300000e-01,9.900000e-01,0.0,1.000000e+00,0.000000e+00,0.000000e+00
8.400000e-01,9.900000e-01,0.0,1.000000e+00,0.000000e+00,0.000000e+00
8.500000e-01,9.900000e-01,0.0,1.000000e+00,0.000000e+00,0.000000e+00
8.600000e-01,9.900000e-01,0.0,1.000000e+00,0.000000e+00,0.000000e+00
8.700000e-01,9.900000e-01,0.0,1.000000e+00,0.000000e+00,0.000000e+00
8.800000e-01,9.900000e-01,0.0,1.000000e+00,0.000000e+00,0.000000e+00
8.900000e-01,9.900000e-01,0.0,1.000000e+00,0.000000e+00,0.000000e+00
9.000000e-01,9.900000e-01,0.0,1.000000e+00,0.000000e+00,0.000000e+00
9.100000e-01,9.900000e-01,0.0,1.000000e+00,0.000000e+00,0.000000e+00
9.200000e-01,9.900000e-01,0.0,1.000000e+00,0.000000e+00,0.000000e+00
9.300000e-01,9.900000e-01,0.0,1.000000e+00,0.000000e+00,0.000000e+00
9.400000e-01,9.900000e-01,0.0,1.000000e+00,0.000000e+00,0.000000e+00
9.500000e-01,9.900000e-01,0.0,1.000000e+00,0.000000e+00,0.000000e+00
9.600000e-01,9.900000e-01,0.0,1.000000e+00,0.000000e+00,0.000000e+00
9.700000e-01,9.900000e-01,0.0,1.000000e+00,0.000000e+00,0.000000e+00
9.800000e-01,9.900000e-01,0.0,1.000000e+00,0.000000e+00,0.000000e+00
9.900000e-01,9.900000e-01,0.0,1.000000e+00,0.000000e+00,0.000000e+00
1.000000e+00,9.900000e-01,0.0,1.000000e+00,0.000000e+00,0.000000e+00
0.000000e+00,1.000000e+00,0.0,1.000000e+00,-5.191656e-15,5.689190e-14
1.000000e-02,1.000000e+00,0.0,1.000000e+00,-2.432621e-14,5.775718e-14
2.000000e-02,1.000000e+00,0.0,1.000000e+00,-4.870591e-14,6.262435e-14
3.000000e-02,1.000000e+00,0.0,1.000000e+00,-7.313983e-14,7.116896e-14
4.000000e-02,1.000000e+00,0.0,1.000000e+00,-9.681646e-14,8.263386e-14
5.000000e-02,1.000000e+00,0.0,1.000000e+00,-1.202225e-13,9.755988e-14
6.000000e-02,1.000000e+00,0.0,1.000000e+00,-1.420607e-13,1.151899e-13
7.000000e-02,1.000000e+00,0.0,1.000000e+00,-1.626010e-13,1.356320e-13
8.000000e-02,1.000000e+00,0.0,1.000000e+00,-1.806542e-13,1.579129e-13
9.000000e-02,1.000000e+00,0.0,1.000000e+00,-1.954100e-13,1.823569e-13
1.000000e-01,1.000000e+00,0.0,1.000000e+00,-2.060037e-13,2.079907e-13
1.100000e-01,1.000000e+00,0.0,1.000000e+00,-2.115701e-13,2.341653e-13
1.200000e-01,1.000000e+00,0.0,1.000000e+00,-2.110283e-13,2.602318e-13
1.300000e-01,1.000000e+00,0.0,1.000000e+00,-2.039460e-13,2.855411e-13
1.400000e-01,1.000000e+00,0.0,1.000000e+00,-1.907018e-13,3.097688e-13
1.500000e-01,1.000000e+00,0.0,1.000000e+00,-1.709718e-13,3.316170e-13
1.600000e-01,1.000000e+00,0.0,1.000000e+00,-1.450800e-13,3.505450e-13
1.700000e-01,1.000000e+00,0.0,1.000000e+00,-1.137285e-13,3.659036e-13
1.800000e-01,1.000000e+00,0.0,1.000000e+00,-7.853926e-14,3.772604e-13
1.900000e-01,1.000000e+00,0.0,1.000000e+00,-3.999926e-14,3.843989e-13
2.000000e-01,1.000000e+00,0.0,1.000000e+00,2.887942e-123,3.865621e-13
2.100000e-01,1.000000e+00,0.0,1.000000e+00,3.999926e-14,3.843989e-13
2.200000e-01,1.000000e+00,0.0,1.000000e+00,7.853926e-14,3.772604e-13
2.300000e-01,1.000000e+00,0.0,1.000000e+00,1.137285e-13,3.659036e-13
2.400000e-01,1.000000e+00,0.0,1.000000e+00,1.450800e-13,3.505450e-13
2.500000e-01,1.000000e+00,0.0,1.000000e+00,1.709718e-13,3.316170e-13
2.600000e-01,1.000000e+00,0.0,1.000000e+00,1.909722e-13,3.096607e-13
2.700000e-01,1.000000e+00,0.0,1.000000e+00,2.043786e-13,2.857574e-13
2.800000e-01,1.000000e+00,0.0,1.000000e+00,2.112985e-13,2.601236e-13
2.900000e-01,1.000000e+00,0.0,1.000000e+00,2.121649e-13,2.337327e-13
3.000000e-01,1.000000e+00,0.0,1.000000e+00,2.076257e-13,2.074499e-13
3.100000e-01,1.000000e+00,0.0,1.000000e+00,1.979510e-13,1.814917e-13
3.200000e-01,1.000000e+00,0.0,1.000000e+00,1.845463e-13,1.563986e-13
3.300000e-01,1.000000e+00,0.0,1.000000e+00,1.681687e-13,1.330362e-13
3.400000e-01,1.000000e+00,0.0,1.000000e+00,1.497910e-13,1.117288e-13
3.500000e-01,1.000000e+00,0.0,1.000000e+00,1.307104e-13,9.236822e-14
3.600000e-01,1.000000e+00,0.0,1.000000e+00,1.122785e-13,7.506270e-14
3.700000e-01,1.000000e+00,0.0,1.000000e+00,9.438653e-14,6.024485e-14
3.800000e-01,1.000000e+00,0.0,1.000000e+00,7.752097e-14,4.748202e-14
3.900000e-01,1.000000e+00,0.0,1.000000e+00,6.270979e-14,3.677423e-14
4.000000e-01,1.000000e+00,0.0,1.000000e+00,4.930367e-14,2.812147e-14
4.100000e-01,1.000000e+00,0.0,1.000000e+00,3.784327e-14,2.130742e-14
4.200000e-01,1.000000e+00,0.0,1.000000e+00,2.822071e-14,1.557497e-14
4.300000e-01,1.000000e+00,0.0,1.000000e+00,2.054404e-14,1.124859e-14
4.400000e-01,1.000000e+00,0.0,1.000000e+00,1.486766e-14,8.003804e-15
4.500000e-01,1.000000e+00,0.0,1.000000e+00,1.065085e-14,5.299816e-15
4.600000e-01,1.000000e+00,0.0,1.000000e+00,7.461001e-15,3.677423e-15
4.700000e-01,1.000000e+00,0.0,1.000000e+00,4.865767e-15,2.812147e-15
4.800000e-01,1.000000e+00,0.0,1.000000e+00,3.460264e-15,1.514233e-15
4.900000e-01,1.000000e+00,0.0,1.000000e+00,2.487161e-15,9.734356e-16
5.000000e-01,1.000000e+00,0.0,1.000000e+00,1.297636e-15,9.734356e-16
5.100000e-01,1.000000e+00,0.0,1.000000e+00,8.651881e-16,5.407975e-16
5.200000e-01,1.000000e+00,0.0,1.000000e+00,5.407911e-16,4.326380e-16
5.300000e-01,1.000000e+00,0.0,1.000000e+00,1.081619e-16,2.163190e-16
5.400000e-01,1.000000e+00,0.0,1.000000e+00,6.604884e-50,0.000000e+00
5.500000e-01,1.000000e+00,0.0,1.000000e+00,0.000000e+00,0.000000e+00
5.600000e-01,1.000000e+00,0.0,1.000000e+00,0.000000e+00,0.000000e+00
5.700000e-01,1.000000e+00,0.0,1.000000e+00,0.000000e+00,0.000000e+00
5.800000e-01,1.000000e+00,0.0,1.000000e+00,0.000000e+00,0.000000e+00
5.900000e-01,1.000000e+00,0.0,1.000000e+00,0.000000e+00,0.000000e+00
6.000000e-01,1.000000e+00,0.0,1.000000e+00,0.000000e+00,0.000000e+00
6.100000e-01,1.000000e+00,0.0,1.000000e+00,0.000000e+00,0.000000e+00
6.200000e-01,1.000000e+00,0.0,1.000000e+00,0.000000e+00,0.000000e+00
6.300000e-01,1.000000e+00,0.0,1.000000e+00,0.000000e+00,0.000000e+00
6.400000e-01,1.000000e+00,0.0,1.000000e+00,0.000000e+00,0.000000e+00
6.500000e-01,1.000000e+00,0.0,1.000000e+00,0.000000e+00,0.000000e+00
6.600000e-01,1.000000e+00,0.0,1.000000e+00,0.000000e+00,0.000000e+00
6.700000e-01,1.000000e+00,0.0,1.000000e+00,0.000000e+00,0.000000e+00
6.800000e-01,1.000000e+00,0.0,1.000000e+00,0.000000e+00,0.000000e+00
6.900000e-01,1.000000e+00,0.0,1.000000e+00,0.000000e+00,0.000000e+00
7.000000e-01,1.000000e+00,0.0,1.000000e+00,0.000000e+00,0.000000e+00
7.100000e-01,1.000000e+00,0.0,1.000000e+00,0.000000e+00,0.000000e+00
7.200000e-01,1.000000e+00,0.0,1.000000e+00,0.000000e+00,0.000000e+00
7.300000e-01,1.000000e+00,0.0,1.000000e+00,0.000000e+00,0.000000e+00
7.400000e-01,1.000000e+00,0.0,1.000000e+00,0.000000e+00,0.000000e+00
7.500000e-01,1.000000e+00,0.0,1.000000e+00,0.000000e+00,0.000000e+00
7.600000e-01,1.000000e+00,0.0,1.000000e+00,0.000000e+00,0.000000e+00
7.700000e-01,1.000000e+00,0.0,1.000000e+00,0.000000e+00,0.000000e+00
7.800000e-01,1.000000e+00,0.0,1.000000e+00,0.000000e+00,0.000000e+00
7.900000e-01,1.000000e+00,0.0,1.000000e+00,0.000000e+00,0.000000e+00
8.000000e-01,1.000000e+00,0.0,1.000000e+00,0.000000e+00,0.000000e+00
8.100000e-01,1.000000e+00,0.0,1.000000e+00,0.000000e+00,0.000000e+00
8.200000e-01,1.000000e+00,0.0,1.000000e+00,0.000000e+00,0.000000e+00
8.300000e-01,1.000000e+00,0.0,1.000000e+00,0.000000e+00,0.000000e+00
8.400000e-01,1.000000e+00,0.0,1.000000e+00,0.000000e+00,0.000000e+00
8.500000e-01,1.000000e+00,0.0,1.000000e+00,0.000000e+00,0.000000e+00
8.600000e-01,1.000000e+00,0.0,1.000000e+00,0.000000e+00,0.000000e+00
8.700000e-01,1.000000e+00,0.0,1.000000e+00,0.000000e+00,0.000000e+00
8.800000e-01,1.000000e+00,0.0,1.000000e+00,0.000000e+00,0.000000e+00
8.900000e-01,1.000000e+00,0.0,1.000000e+00,0.000000e+00,0.000000e+00
9.000000e-01,1.000000e+00,0.0,1.000000e+00,0.000000e+00,0.000000e+00
9.100000e-01,1.000000e+00,0.0,1.000000e+00,0.000000e+00,0.000000e+00
9.200000e-01,1.000000e+00,0.0,1.000000e+00,0.000000e+00,0.000000e+00
9.300000e-01,1.000000e+00,0.0,1.000000e+00,0.000000e+00,0.000000e+00
9.400000e-01,1.000000e+00,0.0,1.000000e+00,0.000000e+00,0.000000e+00
9.500000e-01,1.000000e+00,0.0,1.000000e+00,0.000000e+00,0.000000e+00
9.600000e-01,1.000000e+00,0.0,1.000000e+00,0.000000e+00,0.000000e+00
9.700000e-01,1.000000e+00,0.0,1.000000e+00,0.000000e+00,0.000000e+00
9.800000e-01,1.000000e+00,0.0,1.000000e+00,0.000000e+00,0.000000e+00
9.900000e-01,1.000000e+00,0.0,1.000000e+00,0.000000e+00,0.000000e+00
1.000000e+00,1.000000e+00,0.0,1.000000e+00,0.000000e+00,0.000000e+00
